Frequency (Hz)	Level (dB)
10.766602	-111.332062
21.533203	-152.238403
32.299805	-152.118164
43.066406	-151.915619
53.833008	-152.534851
64.599609	-151.898483
75.366211	-151.625687
86.132812	-151.972733
96.899414	-151.954147
107.666016	-151.887299
118.432617	-151.342850
129.199219	-151.758789
139.965820	-151.644653
150.732422	-151.431061
161.499023	-151.453079
172.265625	-151.428696
183.032227	-151.310532
193.798828	-150.872314
204.565430	-150.883438
215.332031	-150.750488
226.098633	-150.308929
236.865234	-149.719193
247.631836	-150.218399
258.398438	-150.533310
269.165039	-149.663422
279.931641	-149.859634
290.698242	-149.919418
301.464844	-149.682938
312.231445	-149.530716
322.998047	-149.369720
333.764648	-149.059998
344.531250	-149.005341
355.297852	-148.794388
366.064453	-148.592026
376.831055	-148.527451
387.597656	-148.275238
398.364258	-148.063599
409.130859	-147.753784
419.897461	-146.898941
430.664062	-147.044846
441.430664	-146.702698
452.197266	-145.874649
462.963867	-146.681839
473.730469	-146.735718
484.497070	-146.299683
495.263672	-146.274567
506.030273	-146.087051
516.796875	-145.774643
527.563477	-145.550339
538.330078	-145.338242
549.096680	-145.148041
559.863281	-144.862656
570.629883	-144.723724
581.396484	-144.363144
592.163086	-144.172134
602.929688	-143.875732
613.696289	-143.707764
624.462891	-143.498917
635.229492	-143.216827
645.996094	-142.898712
656.762695	-142.738419
667.529297	-142.421936
678.295898	-142.208557
689.062500	-141.941254
699.829102	-141.645416
710.595703	-141.382782
721.362305	-141.147247
732.128906	-140.894547
742.895508	-140.538864
753.662109	-140.339081
764.428711	-140.009460
775.195312	-139.710510
785.961914	-139.478912
796.728516	-139.189804
807.495117	-138.865112
818.261719	-138.586853
829.028320	-138.307739
839.794922	-137.963898
850.561523	-137.677414
861.328125	-137.400864
872.094727	-137.039764
882.861328	-136.736252
893.627930	-136.341095
904.394531	-136.029984
915.161133	-135.779846
925.927734	-135.419739
936.694336	-135.151581
947.460938	-134.730377
958.227539	-134.465561
968.994141	-134.099564
979.760742	-133.724884
990.527344	-133.407349
1001.293945	-133.000717
1012.060547	-132.656677
1022.827148	-132.294632
1033.593750	-131.897873
1044.360352	-131.525726
1055.126953	-131.158936
1065.893555	-130.751328
1076.660156	-130.353378
1087.426758	-129.963745
1098.193359	-129.510071
1108.959961	-129.069885
1119.726562	-128.732758
1130.493164	-128.264175
1141.259766	-127.864799
1152.026367	-127.410439
1162.792969	-126.965042
1173.559570	-126.518982
1184.326172	-126.039177
1195.092773	-125.575165
1205.859375	-125.098251
1216.625977	-124.607727
1227.392578	-124.112480
1238.159180	-123.603157
1248.925781	-123.093712
1259.692383	-122.560692
1270.458984	-122.023315
1281.225586	-121.487862
1291.992188	-120.923286
1302.758789	-120.355515
1313.525391	-119.777763
1324.291992	-119.179619
1335.058594	-118.555962
1345.825195	-117.638588
1356.591797	-117.143562
1367.358398	-116.655342
1378.125000	-115.991959
1388.891602	-115.308792
1399.658203	-114.606621
1410.424805	-113.884537
1421.191406	-113.144020
1431.958008	-112.379944
1442.724609	-111.599716
1453.491211	-110.782387
1464.257812	-109.953651
1475.024414	-109.093788
1485.791016	-108.202217
1496.557617	-107.282837
1507.324219	-106.330963
1518.090820	-105.341431
1528.857422	-104.315353
1539.624023	-103.248787
1550.390625	-102.136002
1561.157227	-100.974121
1571.923828	-99.760674
1582.690430	-98.487839
1593.457031	-97.150696
1604.223633	-95.742737
1614.990234	-94.254738
1625.756836	-92.678810
1636.523438	-91.001228
1647.290039	-89.210129
1658.056641	-87.287575
1668.823242	-85.212952
1679.589844	-82.959938
1690.356445	-80.494400
1701.123047	-77.771118
1711.889648	-74.729630
1722.656250	-71.283806
1733.422852	-67.307213
1744.189453	-62.601055
1754.956055	-56.824284
1765.722656	-49.304783
1776.489258	-38.327324
1787.255859	-13.529956
1798.022461	-4.988209
1808.789062	-8.705540
1819.555664	-32.393509
1830.322266	-45.780178
1841.088867	-54.240738
1851.855469	-60.530014
1862.622070	-65.558029
1873.388672	-69.753677
1884.155273	-73.356400
1894.921875	-76.514252
1905.688477	-79.325714
1916.455078	-81.859657
1927.221680	-84.165649
1937.988281	-86.282257
1948.754883	-88.237091
1959.521484	-90.054077
1970.288086	-91.751244
1981.054688	-93.342377
1991.821289	-94.840714
2002.587891	-96.257019
2013.354492	-97.598877
2024.121094	-98.873871
2034.887695	-100.088448
2045.654297	-101.247589
2056.420898	-102.357414
2067.187500	-103.421036
2077.954102	-104.440933
2088.720703	-105.421852
2099.487305	-106.367607
2110.253906	-107.279243
2121.020508	-108.158722
2131.787109	-109.012802
2142.553711	-109.828346
2153.320312	-110.631210
2164.086914	-111.402100
2174.853516	-112.151947
2185.620117	-112.881905
2196.386719	-113.588692
2207.153320	-114.277687
2217.919922	-114.950592
2228.686523	-115.602303
2239.453125	-116.116974
2250.219727	-116.261971
2260.986328	-117.322075
2271.752930	-118.059868
2282.519531	-118.635201
2293.286133	-119.215691
2304.052734	-119.748848
2314.819336	-120.302872
2325.585938	-120.832603
2336.352539	-121.327248
2347.119141	-121.847305
2357.885742	-122.355812
2368.652344	-122.842262
2379.418945	-123.326126
2390.185547	-123.790115
2400.952148	-124.261993
2411.718750	-124.712486
2422.485352	-125.145073
2433.251953	-125.591324
2444.018555	-126.026871
2454.785156	-126.438759
2465.551758	-126.872635
2476.318359	-127.238319
2487.084961	-127.635712
2497.851562	-128.076035
2508.618164	-128.438919
2519.384766	-128.848984
2530.151367	-129.217377
2540.917969	-129.582092
2551.684570	-129.968216
2562.451172	-130.323425
2573.217773	-130.661987
2583.984375	-131.033127
2594.750977	-131.372818
2605.517578	-131.698715
2616.284180	-132.079163
2627.050781	-132.367050
2637.817383	-132.709900
2648.583984	-133.046021
2659.350586	-133.342285
2670.117188	-133.677689
2680.883789	-133.983276
2691.650391	-134.256088
2702.416992	-134.539688
2713.183594	-134.886093
2723.950195	-135.166214
2734.716797	-135.488037
2745.483398	-135.771698
2756.250000	-136.050003
2767.016602	-136.330093
2777.783203	-136.632248
2788.549805	-136.894348
2799.316406	-137.152344
2810.083008	-137.427963
2820.849609	-137.754730
2831.616211	-137.889572
2842.382812	-138.267807
2853.149414	-138.512604
2863.916016	-138.680115
2874.682617	-138.972702
2885.449219	-139.253159
2896.215820	-139.509201
2906.982422	-139.707886
2917.749023	-139.854477
2928.515625	-140.022476
2939.282227	-140.212769
2950.048828	-140.689697
2960.815430	-140.902771
2971.582031	-141.155197
2982.348633	-141.397415
2993.115234	-141.591202
3003.881836	-141.906967
3014.648438	-142.056290
3025.415039	-142.051300
3036.181641	-142.467850
3046.948242	-142.680603
3057.714844	-142.965286
3068.481445	-143.121887
3079.248047	-143.353531
3090.014648	-143.504272
3100.781250	-143.727539
3111.547852	-144.014481
3122.314453	-144.079895
3133.081055	-144.386795
3143.847656	-144.483658
3154.614258	-144.575302
3165.380859	-144.755493
3176.147461	-144.402710
3186.914062	-144.741074
3197.680664	-145.465973
3208.447266	-145.680069
3219.213867	-145.867462
3229.980469	-146.115341
3240.747070	-146.164017
3251.513672	-146.437775
3262.280273	-146.641449
3273.046875	-146.750961
3283.813477	-146.843063
3294.580078	-147.184586
3305.346680	-147.308472
3316.113281	-147.469116
3326.879883	-147.637863
3337.646484	-147.672577
3348.413086	-147.962051
3359.179688	-147.894287
3369.946289	-148.133667
3380.712891	-148.423599
3391.479492	-148.539185
3402.246094	-148.733154
3413.012695	-148.694824
3423.779297	-149.095825
3434.545898	-149.019592
3445.312500	-149.255447
3456.079102	-149.325668
3466.845703	-149.579407
3477.612305	-149.621033
3488.378906	-149.605682
3499.145508	-149.890198
3509.912109	-150.108032
3520.678711	-150.390137
3531.445312	-150.297852
3542.211914	-150.174683
3552.978516	-150.792755
3563.745117	-150.632599
3574.511719	-150.621170
3585.278320	-148.319077
3596.044922	-140.070084
3606.811523	-141.436142
3617.578125	-150.045959
3628.344727	-151.089706
3639.111328	-151.339752
3649.877930	-151.280609
3660.644531	-151.523712
3671.411133	-151.758423
3682.177734	-151.457870
3692.944336	-151.576874
3703.710938	-150.572098
3714.477539	-149.834229
3725.244141	-151.509506
3736.010742	-151.919022
3746.777344	-151.862366
3757.543945	-151.839920
3768.310547	-151.875931
3779.077148	-152.020233
3789.843750	-151.786377
3800.610352	-151.991776
3811.376953	-151.799103
3822.143555	-151.700607
3832.910156	-151.614670
3843.676758	-151.710983
3854.443359	-151.464035
3865.209961	-151.564407
3875.976562	-151.632416
3886.743164	-151.674835
3897.509766	-151.696823
3908.276367	-151.720139
3919.042969	-151.449646
3929.809570	-151.374054
3940.576172	-151.247726
3951.342773	-151.239929
3962.109375	-151.239685
3972.875977	-151.061447
3983.642578	-151.122467
3994.409180	-150.792465
4005.175781	-150.841095
4015.942383	-150.646042
4026.708984	-150.561707
4037.475586	-150.159271
4048.242188	-148.430496
4059.008789	-149.439896
4069.775391	-149.860458
4080.541992	-149.859406
4091.308594	-149.674377
4102.075195	-149.563980
4112.841797	-149.348907
4123.608398	-149.210434
4134.375000	-149.047607
4145.141602	-148.722809
4155.908203	-148.767105
4166.674805	-148.508011
4177.441406	-148.243179
4188.208008	-148.070328
4198.974609	-147.877274
4209.741211	-147.589737
4220.507812	-147.455048
4231.274414	-147.236557
4242.041016	-147.033859
4252.807617	-146.779022
4263.574219	-146.431183
4274.340820	-146.270844
4285.107422	-146.109116
4295.874023	-145.823898
4306.640625	-145.703705
4317.407227	-145.343262
4328.173828	-145.165466
4338.940430	-144.888306
4349.707031	-144.660477
4360.473633	-144.414612
4371.240234	-144.162979
4382.006836	-143.839874
4392.773438	-143.667084
4403.540039	-143.334244
4414.306641	-143.052948
4425.073242	-142.814941
4435.839844	-142.437256
4446.606445	-142.210190
4457.373047	-141.919098
4468.139648	-141.634415
4478.906250	-141.315140
4489.672852	-141.011627
4500.439453	-140.558258
4511.206055	-140.422028
4521.972656	-140.081924
4532.739258	-139.827591
4543.505859	-139.423355
4554.272461	-139.116043
4565.039062	-138.807297
4575.805664	-138.468872
4586.572266	-138.140656
4597.338867	-137.773636
4608.105469	-137.442902
4618.872070	-137.101624
4629.638672	-136.716812
4640.405273	-136.397842
4651.171875	-135.957016
4661.938477	-135.633698
4672.705078	-135.230316
4683.471680	-134.859238
4694.238281	-134.455933
4705.004883	-134.091125
4715.771484	-133.663498
4726.538086	-133.223190
4737.304688	-132.795334
4748.071289	-132.379257
4758.837891	-131.986282
4769.604492	-131.483002
4780.371094	-131.126373
4791.137695	-130.607620
4801.904297	-130.161407
4812.670898	-129.687500
4823.437500	-129.204117
4834.204102	-128.709274
4844.970703	-128.221985
4855.737305	-127.693863
4866.503906	-127.185738
4877.270508	-126.663712
4888.037109	-126.109482
4898.803711	-125.554649
4909.570312	-125.015900
4920.336914	-124.417854
4931.103516	-123.827370
4941.870117	-122.873497
4952.636719	-122.077744
4963.403320	-121.903511
4974.169922	-121.317406
4984.936523	-120.654060
4995.703125	-119.968803
5006.469727	-119.265816
5017.236328	-118.544846
5028.002930	-117.802368
5038.769531	-117.037666
5049.536133	-116.251724
5060.302734	-115.440895
5071.069336	-114.595284
5081.835938	-113.730606
5092.602539	-112.829109
5103.369141	-111.905594
5114.135742	-110.941734
5124.902344	-109.941422
5135.668945	-108.900520
5146.435547	-107.816772
5157.202148	-106.685760
5167.968750	-105.503334
5178.735352	-104.263809
5189.501953	-102.963242
5200.268555	-101.593651
5211.035156	-100.147591
5221.801758	-98.617210
5232.568359	-96.988968
5243.334961	-95.253632
5254.101562	-93.392570
5264.868164	-91.388260
5275.634766	-89.215767
5286.401367	-86.844078
5297.167969	-84.233101
5307.934570	-81.328331
5318.701172	-78.054535
5329.467773	-74.302643
5340.234375	-69.905724
5351.000977	-64.587585
5361.767578	-57.835312
5372.534180	-48.486141
5383.300781	-32.301247
5394.067383	-17.221682
5404.833984	-16.630875
5415.600586	-29.579138
5426.367188	-47.292515
5437.133789	-57.038033
5447.900391	-63.985889
5458.666992	-69.423080
5469.433594	-73.900970
5480.200195	-77.711861
5490.966797	-81.030907
5501.733398	-83.971527
5512.500000	-86.611977
5523.266602	-89.008118
5534.033203	-91.201454
5544.799805	-93.224113
5555.566406	-95.100693
5566.333008	-96.851250
5577.099609	-98.490334
5587.866211	-100.033203
5598.632812	-101.489998
5609.399414	-102.869072
5620.166016	-104.177444
5630.932617	-105.428040
5641.699219	-106.615913
5652.465820	-107.754326
5663.232422	-108.845421
5673.999023	-109.891716
5684.765625	-110.898079
5695.532227	-111.867386
5706.298828	-112.802223
5717.065430	-113.703896
5727.832031	-114.576584
5738.598633	-115.420425
5749.365234	-116.244469
5760.131836	-117.032669
5770.898438	-117.799301
5781.665039	-118.551956
5792.431641	-119.274368
5803.198242	-119.981560
5813.964844	-120.670769
5824.731445	-121.334755
5835.498047	-121.019142
5846.264648	-115.683746
5857.031250	-117.274231
5867.797852	-123.593597
5878.564453	-124.442223
5889.331055	-125.038338
5900.097656	-125.603439
5910.864258	-126.163185
5921.630859	-126.709641
5932.397461	-127.275383
5943.164062	-127.763512
5953.930664	-128.287994
5964.697266	-128.765442
5975.463867	-129.275894
5986.230469	-129.760056
5996.997070	-130.235611
6007.763672	-130.707108
6018.530273	-131.144623
6029.296875	-131.636520
6040.063477	-132.043091
6050.830078	-132.492157
6061.596680	-132.902954
6072.363281	-133.322021
6083.129883	-133.761703
6093.896484	-134.163971
6104.663086	-134.568787
6115.429688	-134.973724
6126.196289	-135.365112
6136.962891	-135.727951
6147.729492	-136.108002
6158.496094	-136.513840
6169.262695	-136.874634
6180.029297	-137.219894
6190.795898	-137.596954
6201.562500	-137.937622
6212.329102	-138.290390
6223.095703	-138.636200
6233.862305	-138.965576
6244.628906	-139.302124
6255.395508	-139.634048
6266.162109	-139.961563
6276.928711	-140.288666
6287.695312	-140.604752
6298.461914	-140.893661
6309.228516	-141.209778
6319.995117	-141.530594
6330.761719	-141.816208
6341.528320	-142.174179
6352.294922	-142.469498
6363.061523	-142.692764
6373.828125	-143.099457
6384.594727	-143.315689
6395.361328	-143.616959
6406.127930	-143.854858
6416.894531	-144.179398
6427.661133	-144.401245
6438.427734	-144.806412
6449.194336	-144.928345
6459.960938	-145.296310
6470.727539	-145.753235
6481.494141	-145.732224
6492.260742	-146.029221
6503.027344	-146.212814
6513.793945	-146.470078
6524.560547	-146.382034
6535.327148	-146.789230
6546.093750	-147.236954
6556.860352	-147.569000
6567.626953	-147.741272
6578.393555	-148.072723
6589.160156	-148.211563
6599.926758	-148.440948
6610.693359	-148.617249
6621.459961	-149.130188
6632.226562	-149.280930
6642.993164	-149.274994
6653.759766	-149.551193
6664.526367	-149.921143
6675.292969	-150.030212
6686.059570	-150.253967
6696.826172	-150.470016
6707.592773	-150.698303
6718.359375	-150.939377
6729.125977	-151.100143
6739.892578	-150.890915
6750.659180	-149.715561
6761.425781	-151.419006
6772.192383	-152.049332
6782.958984	-152.012039
6793.725586	-152.372742
6804.492188	-152.590683
6815.258789	-152.426010
6826.025391	-153.026337
6836.791992	-153.202530
6847.558594	-153.250824
6858.325195	-153.402283
6869.091797	-153.744827
6879.858398	-153.581375
6890.625000	-154.147675
6901.391602	-154.324005
6912.158203	-154.566620
6922.924805	-154.623047
6933.691406	-154.697388
6944.458008	-155.177643
6955.224609	-155.161743
6965.991211	-154.420197
6976.757812	-155.506821
6987.524414	-155.449020
6998.291016	-155.114014
7009.057617	-155.845612
7019.824219	-155.863663
7030.590820	-156.169922
7041.357422	-156.668228
7052.124023	-156.499634
7062.890625	-156.829178
7073.657227	-156.799576
7084.423828	-156.337875
7095.190430	-156.106888
7105.957031	-157.496033
7116.723633	-157.600311
7127.490234	-157.999176
7138.256836	-158.055573
7149.023438	-157.589096
7159.790039	-157.121063
7170.556641	-157.677292
7181.323242	-152.368134
7192.089844	-133.644379
7202.856445	-130.929108
7213.623047	-140.643448
7224.389648	-157.355804
7235.156250	-158.773956
7245.922852	-159.363449
7256.689453	-159.522598
7267.456055	-159.065369
7278.222656	-159.852890
7288.989258	-159.479218
7299.755859	-157.865158
7310.522461	-152.385086
7321.289062	-155.521271
7332.055664	-159.757523
7342.822266	-160.363953
7353.588867	-160.506485
7364.355469	-160.609970
7375.122070	-160.778870
7385.888672	-160.834793
7396.655273	-159.428284
7407.421875	-160.515656
7418.188477	-160.511383
7428.955078	-159.294342
7439.721680	-159.317001
7450.488281	-160.842850
7461.254883	-161.409256
7472.021484	-161.365784
7482.788086	-160.906372
7493.554688	-161.363037
7504.321289	-160.431519
7515.087891	-161.410889
7525.854492	-162.123978
7536.621094	-159.931686
7547.387695	-160.387955
7558.154297	-161.121399
7568.920898	-160.951508
7579.687500	-162.426529
7590.454102	-162.018906
7601.220703	-162.307999
7611.987305	-161.445618
7622.753906	-161.813568
7633.520508	-161.795700
7644.287109	-156.009109
7655.053711	-155.800262
7665.820312	-161.139954
7676.586914	-161.526749
7687.353516	-160.570908
7698.120117	-161.894775
7708.886719	-162.119812
7719.653320	-162.072800
7730.419922	-162.467285
7741.186523	-162.119843
7751.953125	-161.519699
7762.719727	-161.873016
7773.486328	-161.211533
7784.252930	-161.833176
7795.019531	-161.907806
7805.786133	-161.530045
7816.552734	-161.618073
7827.319336	-160.794281
7838.085938	-159.285507
7848.852539	-157.648712
7859.619141	-159.580994
7870.385742	-158.705658
7881.152344	-159.718658
7891.918945	-159.892654
7902.685547	-160.332321
7913.452148	-160.277878
7924.218750	-160.188766
7934.985352	-160.059677
7945.751953	-160.066299
7956.518555	-159.879913
7967.285156	-159.406143
7978.051758	-159.442642
7988.818359	-158.319946
7999.584961	-157.274445
8010.351562	-158.979340
8021.118164	-158.280777
8031.884766	-158.486084
8042.651367	-157.979156
8053.417969	-157.949585
8064.184570	-157.827118
8074.951172	-156.499130
8085.717773	-155.382675
8096.484375	-154.538101
8107.250977	-155.117630
8118.017578	-155.533951
8128.784180	-155.901901
8139.550781	-156.035324
8150.317383	-155.121262
8161.083984	-155.142975
8171.850586	-154.809738
8182.617188	-154.844879
8193.383789	-153.988434
8204.150391	-154.160324
8214.916992	-153.765778
8225.683594	-153.346603
8236.450195	-152.958115
8247.216797	-153.290268
8257.983398	-152.152878
8268.750000	-152.125702
8279.516602	-151.650940
8290.283203	-151.425949
8301.049805	-150.999634
8311.816406	-149.745926
8322.583008	-149.558731
8333.349609	-149.671570
8344.116211	-149.335892
8354.882812	-148.926254
8365.649414	-148.476105
8376.416016	-148.336441
8387.182617	-147.794205
8397.949219	-147.407211
8408.715820	-146.970245
8419.482422	-146.494675
8430.249023	-145.969009
8441.015625	-145.557327
8451.782227	-145.059937
8462.548828	-144.628494
8473.315430	-144.070801
8484.082031	-143.569519
8494.848633	-143.061234
8505.615234	-142.484695
8516.381836	-141.864304
8527.148438	-141.281769
8537.915039	-138.926804
8548.681641	-134.574524
8559.448242	-136.911209
8570.214844	-138.986221
8580.981445	-138.345123
8591.748047	-137.704605
8602.514648	-137.016541
8613.281250	-136.322632
8624.047852	-135.605438
8634.814453	-134.890198
8645.581055	-134.136108
8656.347656	-133.349197
8667.114258	-132.541916
8677.880859	-131.703384
8688.647461	-130.807709
8699.414062	-129.964294
8710.180664	-129.014847
8720.947266	-128.062622
8731.713867	-127.059265
8742.480469	-126.012428
8753.247070	-124.922768
8764.013672	-123.773155
8774.780273	-122.589699
8785.546875	-121.330132
8796.313477	-120.011597
8807.080078	-118.616982
8817.846680	-117.140366
8828.613281	-115.574173
8839.379883	-113.903915
8850.146484	-112.113663
8860.913086	-110.188301
8871.679688	-108.102211
8882.446289	-105.832184
8893.212891	-103.339119
8903.979492	-100.572632
8914.746094	-97.468864
8925.512695	-93.932091
8936.279297	-89.820572
8947.045898	-84.907532
8957.812500	-78.791237
8968.579102	-70.638313
8979.345703	-58.060734
8990.112305	-27.049143
9000.878906	-22.074696
9011.645508	-29.178625
9022.412109	-60.766224
9033.178711	-72.327705
9043.945312	-80.105553
9054.711914	-86.036285
9065.478516	-90.848221
9076.245117	-94.904152
9087.011719	-98.413071
9097.778320	-101.507378
9108.544922	-104.274055
9119.311523	-106.782898
9130.078125	-109.068695
9140.844727	-111.178200
9151.611328	-113.130928
9162.377930	-114.948662
9173.144531	-116.653542
9183.911133	-118.259949
9194.677734	-119.770233
9205.444336	-121.200371
9216.210938	-122.542381
9226.977539	-123.868233
9237.744141	-125.075317
9248.510742	-126.283211
9259.277344	-127.411430
9270.043945	-128.497253
9280.810547	-129.543503
9291.577148	-130.561035
9302.343750	-131.524811
9313.110352	-132.470108
9323.876953	-133.381226
9334.643555	-134.271088
9345.410156	-135.108154
9356.176758	-135.939865
9366.943359	-136.757126
9377.709961	-137.497833
9388.476562	-138.233505
9399.243164	-138.993591
9410.009766	-139.580078
9420.776367	-139.167786
9431.542969	-130.469940
9442.309570	-111.349861
9453.076172	-108.850044
9463.842773	-118.941963
9474.609375	-138.626541
9485.375977	-143.452301
9496.142578	-144.782822
9506.909180	-145.477341
9517.675781	-146.131210
9528.442383	-146.662003
9539.208984	-147.308670
9549.975586	-147.781815
9560.742188	-148.284256
9571.508789	-148.738831
9582.275391	-149.308746
9593.041992	-149.887131
9603.808594	-150.363052
9614.575195	-151.091187
9625.341797	-150.756592
9636.108398	-151.912903
9646.875000	-152.028152
9657.641602	-152.434204
9668.408203	-152.378265
9679.174805	-153.226486
9689.941406	-153.868729
9700.708008	-154.557602
9711.474609	-154.859940
9722.241211	-155.317429
9733.007812	-155.587677
9743.774414	-155.893997
9754.541016	-156.309006
9765.307617	-156.456909
9776.074219	-157.300049
9786.840820	-157.389374
9797.607422	-157.742111
9808.374023	-158.239014
9819.140625	-158.607849
9829.907227	-158.967224
9840.673828	-159.455658
9851.440430	-159.702682
9862.207031	-159.869415
9872.973633	-160.111389
9883.740234	-159.946869
9894.506836	-154.277740
9905.273438	-154.391602
9916.040039	-158.825348
9926.806641	-161.101562
9937.573242	-162.197067
9948.339844	-162.832489
9959.106445	-162.697174
9969.873047	-163.237411
9980.639648	-162.237305
9991.406250	-163.656662
10002.172852	-161.839401
10012.939453	-162.196823
10023.706055	-164.415375
10034.472656	-164.665390
10045.239258	-165.068771
10056.005859	-162.525452
10066.772461	-156.192444
10077.539062	-159.724976
10088.305664	-165.817215
10099.072266	-165.584885
10109.838867	-164.448212
10120.605469	-165.237366
10131.372070	-165.804840
10142.138672	-166.993927
10152.905273	-165.159103
10163.671875	-166.983795
10174.438477	-166.570953
10185.205078	-167.619949
10195.971680	-167.276657
10206.738281	-167.361176
10217.504883	-167.881287
10228.271484	-167.799728
10239.038086	-165.084229
10249.804688	-165.407135
10260.571289	-163.598526
10271.337891	-168.321198
10282.104492	-169.427155
10292.871094	-168.211197
10303.637695	-168.038223
10314.404297	-168.541107
10325.170898	-165.087601
10335.937500	-160.413345
10346.704102	-152.489807
10357.470703	-154.618149
10368.237305	-166.072144
10379.003906	-168.663284
10389.770508	-169.507706
10400.537109	-169.900986
10411.303711	-165.667343
10422.070312	-168.834045
10432.836914	-168.851929
10443.603516	-168.623566
10454.370117	-167.455002
10465.136719	-168.973038
10475.903320	-168.943756
10486.669922	-170.960281
10497.436523	-168.480469
10508.203125	-168.956024
10518.969727	-171.714447
10529.736328	-169.217255
10540.502930	-170.775589
10551.269531	-170.843414
10562.036133	-168.318527
10572.802734	-168.244629
10583.569336	-166.170792
10594.335938	-163.372269
10605.102539	-159.769852
10615.869141	-168.670013
10626.635742	-172.680481
10637.402344	-174.248688
10648.168945	-172.657883
10658.935547	-173.498352
10669.702148	-170.630447
10680.468750	-170.144775
10691.235352	-169.327545
10702.001953	-171.792389
10712.768555	-171.775879
10723.535156	-172.921463
10734.301758	-172.815704
10745.068359	-169.736115
10755.834961	-163.238739
10766.601562	-165.936127
10777.368164	-168.973404
10788.134766	-162.020508
10798.901367	-155.593353
10809.667969	-160.017166
10820.434570	-173.246002
10831.201172	-172.143723
10841.967773	-170.153458
10852.734375	-171.220718
10863.500977	-171.521484
10874.267578	-174.506958
10885.034180	-173.349289
10895.800781	-170.576233
10906.567383	-163.214981
10917.333984	-163.662903
10928.100586	-167.629593
10938.867188	-168.172638
10949.633789	-165.403290
10960.400391	-173.195358
10971.166992	-173.144226
10981.933594	-172.464951
10992.700195	-172.770752
11003.466797	-172.317505
11014.233398	-166.477478
11025.000000	-169.581528
11035.766602	-167.347885
11046.533203	-172.629440
11057.299805	-173.465134
11068.066406	-172.997406
11078.833008	-172.134445
11089.599609	-174.229492
11100.366211	-167.721008
11111.132812	-170.484070
11121.899414	-169.232422
11132.666016	-165.475769
11143.432617	-164.639389
11154.199219	-170.771591
11164.965820	-172.206497
11175.732422	-173.856995
11186.499023	-169.524979
11197.265625	-171.220322
11208.032227	-171.997513
11218.798828	-172.567535
11229.565430	-173.910400
11240.332031	-160.017105
11251.098633	-155.503281
11261.865234	-162.160126
11272.631836	-167.037918
11283.398438	-168.307541
11294.165039	-164.759720
11304.931641	-171.031464
11315.698242	-173.988251
11326.464844	-173.012970
11337.231445	-171.163513
11347.998047	-171.559860
11358.764648	-168.926941
11369.531250	-170.144928
11380.297852	-172.016632
11391.064453	-173.819229
11401.831055	-174.304184
11412.597656	-173.701309
11423.364258	-172.123840
11434.130859	-168.925659
11444.897461	-161.050629
11455.664062	-164.344757
11466.430664	-167.121613
11477.197266	-168.265259
11487.963867	-168.985474
11498.730469	-170.910812
11509.497070	-170.187881
11520.263672	-168.922867
11531.030273	-170.048248
11541.796875	-168.957199
11552.563477	-170.369843
11563.330078	-171.207855
11574.096680	-169.023941
11584.863281	-168.951950
11595.629883	-167.660263
11606.396484	-169.775940
11617.163086	-167.142960
11627.929688	-168.026703
11638.696289	-164.016144
11649.462891	-169.333206
11660.229492	-169.320267
11670.996094	-169.197433
11681.762695	-166.060364
11692.529297	-154.577972
11703.295898	-152.481873
11714.062500	-160.413376
11724.829102	-165.383102
11735.595703	-169.019882
11746.362305	-168.361862
11757.128906	-168.893295
11767.895508	-170.004883
11778.662109	-168.965439
11789.428711	-164.856873
11800.195312	-166.109619
11810.961914	-166.408569
11821.728516	-167.758224
11832.495117	-167.756393
11843.261719	-167.496017
11854.028320	-166.976654
11864.794922	-167.483444
11875.561523	-166.176498
11886.328125	-166.983032
11897.094727	-165.715744
11907.861328	-167.179047
11918.627930	-166.559601
11929.394531	-165.192245
11940.161133	-164.444855
11950.927734	-165.656891
11961.694336	-165.039383
11972.460938	-161.591492
11983.227539	-157.389053
11993.994141	-163.245392
12004.760742	-165.086914
12015.527344	-164.728912
12026.293945	-164.390686
12037.060547	-162.174789
12047.827148	-161.820160
12058.593750	-163.656250
12069.360352	-162.743652
12080.126953	-163.291412
12090.893555	-162.866425
12101.660156	-162.845154
12112.426758	-162.144531
12123.193359	-161.190735
12133.959961	-158.063293
12144.726562	-154.398193
12155.493164	-154.492783
12166.259766	-159.883881
12177.026367	-160.103821
12187.792969	-159.832443
12198.559570	-159.616119
12209.326172	-159.408585
12220.092773	-158.876053
12230.859375	-158.607391
12241.625977	-158.355209
12252.392578	-157.799042
12263.159180	-157.464142
12273.925781	-157.281433
12284.692383	-156.656799
12295.458984	-156.299469
12306.225586	-155.718140
12316.992188	-155.438141
12327.758789	-155.092667
12338.525391	-154.835083
12349.291992	-154.494919
12360.058594	-153.875458
12370.825195	-153.201279
12381.591797	-152.394974
12392.358398	-152.446442
12403.125000	-152.028152
12413.891602	-152.025940
12424.658203	-150.764038
12435.424805	-151.138062
12446.191406	-150.364059
12456.958008	-149.863968
12467.724609	-149.297897
12478.491211	-148.751129
12489.257812	-148.307846
12500.024414	-147.753036
12510.791016	-147.266693
12521.557617	-146.658356
12532.324219	-146.134109
12543.090820	-145.466064
12553.857422	-144.792114
12564.624023	-143.459473
12575.390625	-138.626541
12586.157227	-118.941849
12596.923828	-108.850044
12607.690430	-111.349518
12618.457031	-130.470154
12629.223633	-139.165512
12639.990234	-139.576767
12650.756836	-138.979095
12661.523438	-138.281189
12672.290039	-137.506363
12683.056641	-136.745270
12693.823242	-135.941940
12704.589844	-135.111664
12715.356445	-134.274750
12726.123047	-133.380798
12736.889648	-132.465210
12747.656250	-131.524811
12758.422852	-130.565063
12769.189453	-129.544479
12779.956055	-128.495789
12790.722656	-127.411163
12801.489258	-126.279854
12812.255859	-125.067673
12823.022461	-123.861885
12833.789062	-122.520836
12844.555664	-121.199577
12855.322266	-119.771080
12866.088867	-118.259865
12876.855469	-116.653519
12887.622070	-114.948860
12898.388672	-113.131027
12909.155273	-111.178474
12919.921875	-109.068695
12930.688477	-106.782936
12941.455078	-104.274117
12952.221680	-101.507431
12962.988281	-98.413071
12973.754883	-94.904060
12984.521484	-90.848206
12995.288086	-86.036255
13006.054688	-80.105537
13016.821289	-72.327690
13027.587891	-60.766224
13038.354492	-29.178623
13049.121094	-22.074696
13059.887695	-27.049141
13070.654297	-58.060734
13081.420898	-70.638313
13092.187500	-78.791237
13102.954102	-84.907539
13113.720703	-89.820541
13124.487305	-93.931992
13135.253906	-97.468918
13146.020508	-100.572601
13156.787109	-103.339058
13167.553711	-105.832405
13178.320312	-108.101532
13189.086914	-110.188217
13199.853516	-112.113701
13210.620117	-113.905571
13221.386719	-115.574234
13232.153320	-117.139656
13242.919922	-118.616585
13253.686523	-120.012810
13264.453125	-121.330132
13275.219727	-122.589775
13285.986328	-123.773598
13296.752930	-124.920250
13307.519531	-126.012421
13318.286133	-127.054710
13329.052734	-128.060089
13339.819336	-129.013336
13350.585938	-129.975220
13361.352539	-130.834488
13372.119141	-131.695129
13382.885742	-132.534576
13393.652344	-133.349854
13404.418945	-134.143402
13415.185547	-134.891037
13425.952148	-135.600174
13436.718750	-136.322647
13447.485352	-137.007706
13458.251953	-137.704422
13469.018555	-138.357986
13479.785156	-138.988892
13490.551758	-136.910675
13501.318359	-134.584686
13512.084961	-138.881104
13522.851562	-141.315887
13533.618164	-141.941360
13544.384766	-142.508072
13555.151367	-143.066284
13565.917969	-143.570770
13576.684570	-144.085922
13587.451172	-144.631882
13598.217773	-145.035187
13608.984375	-145.557358
13619.750977	-145.993393
13630.517578	-146.500992
13641.284180	-146.922928
13652.050781	-147.401306
13662.817383	-147.702911
13673.583984	-148.385666
13684.350586	-148.462509
13695.117188	-148.964462
13705.883789	-149.231186
13716.650391	-149.682877
13727.416992	-149.572021
13738.183594	-149.769287
13748.950195	-151.021957
13759.716797	-151.395248
13770.483398	-151.699936
13781.250000	-152.125702
13792.016602	-152.209579
13802.783203	-153.279526
13813.549805	-153.009674
13824.316406	-153.363571
13835.083008	-153.764145
13845.849609	-154.140228
13856.616211	-154.134323
13867.382812	-154.862885
13878.149414	-154.856903
13888.916016	-155.157822
13899.682617	-155.069534
13910.449219	-155.993866
13921.215820	-155.823380
13931.982422	-155.495529
13942.749023	-155.160934
13953.515625	-154.538193
13964.282227	-155.493240
13975.048828	-156.526321
13985.815430	-157.813049
13996.582031	-157.949249
14007.348633	-158.072144
14018.115234	-158.455032
14028.881836	-158.126450
14039.648438	-159.049255
14050.415039	-157.540802
14061.181641	-158.692566
14071.948242	-159.380005
14082.714844	-159.363144
14093.481445	-159.949387
14104.248047	-160.068451
14115.014648	-159.973007
14125.781250	-160.188889
14136.547852	-160.443207
14147.314453	-160.429428
14158.081055	-159.892532
14168.847656	-159.715042
14179.614258	-158.628845
14190.380859	-159.510849
14201.147461	-158.534958
14211.914062	-159.828125
14222.680664	-160.962601
14233.447266	-161.596848
14244.213867	-161.386185
14254.980469	-161.894241
14265.747070	-161.820663
14276.513672	-161.254684
14287.280273	-161.786575
14298.046875	-161.519684
14308.813477	-162.233231
14319.580078	-162.562622
14330.346680	-162.256332
14341.113281	-162.160675
14351.879883	-161.596649
14362.646484	-160.862213
14373.413086	-161.295151
14384.179688	-160.591904
14394.946289	-155.568130
14405.712891	-155.892105
14416.479492	-161.474350
14427.246094	-161.971237
14438.012695	-161.504089
14448.779297	-162.202957
14459.545898	-161.965637
14470.312500	-162.426758
14481.079102	-161.368362
14491.845703	-161.188034
14502.612305	-160.495117
14513.378906	-160.003738
14524.145508	-162.127319
14534.912109	-161.509995
14545.678711	-160.839508
14556.445312	-161.599762
14567.211914	-161.145782
14577.978516	-161.344910
14588.745117	-161.459854
14599.511719	-160.880325
14610.278320	-159.295166
14621.044922	-159.276871
14631.811523	-160.337677
14642.578125	-160.515656
14653.344727	-159.561676
14664.111328	-160.806290
14674.877930	-160.928146
14685.644531	-160.654724
14696.411133	-160.505020
14707.177734	-160.455154
14717.944336	-159.665588
14728.710938	-157.474472
14739.477539	-154.156754
14750.244141	-158.873352
14761.010742	-159.378357
14771.777344	-159.849869
14782.543945	-158.951721
14793.310547	-159.589111
14804.077148	-159.302551
14814.843750	-158.774841
14825.610352	-157.379623
14836.376953	-140.646561
14847.143555	-130.927521
14857.910156	-133.644012
14868.676758	-152.302109
14879.443359	-157.625885
14890.209961	-156.825394
14900.976562	-157.464523
14911.743164	-157.838058
14922.509766	-157.837631
14933.276367	-157.565552
14944.042969	-157.508774
14954.809570	-156.020355
14965.576172	-156.312973
14976.342773	-156.757050
14987.109375	-156.829208
14997.875977	-156.481720
15008.642578	-156.733276
15019.409180	-156.281311
15030.175781	-155.834457
15040.942383	-155.783661
15051.708984	-155.224411
15062.475586	-155.474930
15073.242188	-155.479340
15084.008789	-154.324295
15094.775391	-155.169571
15105.541992	-155.038437
15116.308594	-154.630478
15127.075195	-154.587997
15137.841797	-154.569794
15148.608398	-154.308197
15159.375000	-154.147675
15170.141602	-153.594086
15180.908203	-153.755432
15191.674805	-153.392136
15202.441406	-153.266327
15213.208008	-153.258560
15223.974609	-152.958496
15234.741211	-152.643494
15245.507812	-152.611496
15256.274414	-152.401825
15267.041016	-151.965073
15277.807617	-152.144485
15288.574219	-151.407669
15299.340820	-149.693115
15310.107422	-150.886032
15320.874023	-151.157928
15331.640625	-150.939285
15342.407227	-150.733612
15353.173828	-150.469894
15363.940430	-150.268661
15374.707031	-150.015747
15385.473633	-149.879883
15396.240234	-149.566452
15407.006836	-149.377731
15417.773438	-149.314392
15428.540039	-149.140259
15439.306641	-148.626068
15450.073242	-148.461655
15460.839844	-148.214142
15471.606445	-148.054871
15482.373047	-147.734634
15493.139648	-147.526062
15503.906250	-147.236862
15514.672852	-146.843933
15525.439453	-146.389816
15536.206055	-146.520355
15546.972656	-146.212143
15557.739258	-146.088470
15568.505859	-145.713593
15579.272461	-145.769547
15590.039062	-145.264664
15600.805664	-144.976303
15611.572266	-144.790558
15622.338867	-144.394363
15633.105469	-144.178040
15643.872070	-143.868271
15654.638672	-143.621033
15665.405273	-143.330399
15676.171875	-143.099503
15686.938477	-142.686386
15697.705078	-142.468811
15708.471680	-142.162750
15719.238281	-141.816605
15730.004883	-141.510437
15740.771484	-141.218185
15751.538086	-140.902145
15762.304688	-140.619125
15773.071289	-140.312347
15783.837891	-139.980209
15794.604492	-139.634338
15805.371094	-139.311829
15816.137695	-138.975922
15826.904297	-138.641373
15837.670898	-138.314667
15848.437500	-137.937622
15859.204102	-137.589478
15869.970703	-137.218048
15880.737305	-136.879837
15891.503906	-136.507324
15902.270508	-136.112366
15913.037109	-135.725952
15923.803711	-135.372025
15934.570312	-134.968872
15945.336914	-134.559265
15956.103516	-134.169968
15966.870117	-133.753723
15977.636719	-133.321793
15988.403320	-132.905838
15999.169922	-132.492722
16009.936523	-132.044373
16020.703125	-131.636520
16031.469727	-131.145782
16042.236328	-130.706482
16053.002930	-130.236618
16063.769531	-129.758545
16074.536133	-129.276489
16085.302734	-128.769333
16096.069336	-128.287292
16106.835938	-127.763840
16117.602539	-127.291580
16128.369141	-126.707138
16139.135742	-126.165909
16149.902344	-125.602837
16160.668945	-125.037567
16171.435547	-124.441093
16182.202148	-123.593788
16192.968750	-117.274231
16203.735352	-115.682457
16214.501953	-121.018929
16225.268555	-121.334145
16236.035156	-120.670578
16246.801758	-119.981682
16257.568359	-119.271988
16268.334961	-118.548859
16279.101562	-117.802872
16289.868164	-117.029823
16300.634766	-116.244247
16311.401367	-115.421013
16322.167969	-114.576591
16332.934570	-113.703552
16343.701172	-112.802155
16354.467773	-111.867897
16365.234375	-110.898079
16376.000977	-109.891571
16386.767578	-108.845581
16397.534180	-107.754234
16408.300781	-106.615936
16419.067383	-105.428375
16429.833984	-104.177094
16440.600586	-102.869431
16451.367188	-101.490097
16462.133789	-100.033440
16472.900391	-98.490402
16483.666992	-96.851120
16494.433594	-95.100662
16505.200195	-93.224106
16515.966797	-91.201462
16526.733398	-89.008110
16537.500000	-86.611977
16548.266602	-83.971558
16559.033203	-81.030907
16569.799805	-77.711853
16580.566406	-73.900970
16591.333008	-69.423080
16602.099609	-63.985893
16612.866211	-57.038029
16623.632812	-47.292515
16634.399414	-29.579138
16645.166016	-16.630875
16655.932617	-17.221682
16666.699219	-32.301247
16677.465820	-48.486141
16688.232422	-57.835312
16698.999023	-64.587585
16709.765625	-69.905724
16720.532227	-74.302643
16731.298828	-78.054535
16742.065430	-81.328316
16752.832031	-84.233101
16763.598633	-86.844063
16774.365234	-89.215729
16785.131836	-91.388245
16795.898438	-93.392509
16806.665039	-95.253502
16817.431641	-96.989182
16828.198242	-98.617180
16838.964844	-100.147614
16849.731445	-101.593666
16860.498047	-102.963303
16871.264648	-104.263954
16882.031250	-105.503334
16892.797852	-106.685440
16903.564453	-107.816765
16914.331055	-108.900551
16925.097656	-109.941475
16935.864258	-110.941467
16946.630859	-111.906631
16957.397461	-112.833801
16968.164062	-113.732864
16978.930664	-114.594765
16989.697266	-115.440659
17000.463867	-116.249992
17011.230469	-117.037666
17021.997070	-117.802147
17032.763672	-118.544617
17043.530273	-119.264923
17054.296875	-119.968803
17065.063477	-120.657227
17075.830078	-121.317039
17086.596680	-121.902687
17097.363281	-122.077957
17108.129883	-122.872177
17118.896484	-123.825630
17129.663086	-124.421082
17140.429688	-125.018486
17151.196289	-125.548309
17161.962891	-126.110878
17172.729492	-126.660431
17183.496094	-127.185356
17194.262695	-127.697998
17205.029297	-128.223114
17215.795898	-128.715546
17226.562500	-129.204117
17237.329102	-129.687546
17248.095703	-130.164948
17258.862305	-130.609024
17269.628906	-131.120316
17280.395508	-131.486481
17291.162109	-131.986191
17301.928711	-132.378220
17312.695312	-132.796860
17323.461914	-133.225616
17334.228516	-133.659470
17344.995117	-134.090561
17355.761719	-134.454880
17366.528320	-134.856110
17377.294922	-135.229248
17388.061523	-135.657974
17398.828125	-135.957047
17409.594727	-136.396317
17420.361328	-136.718781
17431.127930	-137.101120
17441.894531	-137.443283
17452.661133	-137.788406
17463.427734	-138.159500
17474.194336	-138.454941
17484.960938	-138.793777
17495.727539	-139.052414
17506.494141	-139.417084
17517.260742	-139.819138
17528.027344	-140.080139
17538.793945	-140.416977
17549.560547	-140.555222
17560.327148	-140.998276
17571.093750	-141.315186
17581.860352	-141.633209
17592.626953	-141.919907
17603.393555	-142.216019
17614.160156	-142.433014
17624.926758	-142.819534
17635.693359	-143.048889
17646.459961	-143.320114
17657.226562	-143.706146
17667.993164	-143.874542
17678.759766	-144.166168
17689.526367	-144.414749
17700.292969	-144.661224
17711.059570	-144.896561
17721.826172	-145.170731
17732.592773	-145.320023
17743.359375	-145.703812
17754.125977	-145.839584
17764.892578	-146.117889
17775.659180	-146.276886
17786.425781	-146.422867
17797.192383	-146.767776
17807.958984	-147.034744
17818.725586	-147.203384
17829.492188	-147.469849
17840.258789	-147.608704
17851.025391	-147.896469
17861.791992	-148.080933
17872.558594	-148.234009
17883.325195	-148.466660
17894.091797	-148.789169
17904.858398	-148.736084
17915.625000	-149.047607
17926.391602	-149.221909
17937.158203	-149.344101
17947.924805	-149.562836
17958.691406	-149.708450
17969.458008	-149.807663
17980.224609	-149.850479
17990.991211	-149.386032
18001.757812	-148.424561
18012.524414	-150.124435
18023.291016	-150.522324
18034.057617	-150.493790
18044.824219	-150.851715
18055.590820	-150.801514
18066.357422	-151.148453
18077.124023	-151.133347
18087.890625	-151.239609
18098.657227	-151.314926
18109.423828	-151.245956
18120.190430	-151.414734
18130.957031	-151.456284
18141.723633	-151.708420
18152.490234	-151.704849
18163.256836	-151.682190
18174.023438	-151.673294
18184.790039	-151.499664
18195.556641	-151.496964
18206.323242	-151.780701
18217.089844	-151.591278
18227.856445	-151.749893
18238.623047	-151.784897
18249.389648	-152.008514
18260.156250	-151.786560
18270.922852	-152.044861
18281.689453	-151.865524
18292.456055	-151.834213
18303.222656	-151.870407
18313.989258	-151.901382
18324.755859	-151.472473
18335.522461	-149.665771
18346.289062	-150.904205
18357.055664	-151.571533
18367.822266	-151.477219
18378.588867	-151.754913
18389.355469	-151.520859
18400.122070	-151.238144
18410.888672	-151.353271
18421.655273	-151.151367
18432.421875	-150.045975
18443.188477	-141.419952
18453.955078	-140.075378
18464.721680	-148.294968
18475.488281	-150.618561
18486.254883	-150.560532
18497.021484	-150.823242
18507.788086	-150.097565
18518.554688	-150.276428
18529.321289	-150.329193
18540.087891	-150.116882
18550.854492	-149.973724
18561.621094	-149.546707
18572.387695	-149.673935
18583.154297	-149.590775
18593.920898	-149.336639
18604.687500	-149.255463
18615.454102	-149.007034
18626.220703	-149.111984
18636.987305	-148.659790
18647.753906	-148.697235
18658.520508	-148.500565
18669.287109	-148.416687
18680.053711	-148.142075
18690.820312	-147.972458
18701.586914	-147.960907
18712.353516	-147.701019
18723.120117	-147.582809
18733.886719	-147.477264
18744.653320	-147.272736
18755.419922	-147.193054
18766.186523	-146.881439
18776.953125	-146.750870
18787.719727	-146.666382
18798.486328	-146.431656
18809.252930	-146.167847
18820.019531	-146.102844
18830.786133	-145.895737
18841.552734	-145.682388
18852.319336	-145.449722
18863.085938	-144.775742
18873.852539	-144.383347
18884.619141	-144.769287
18895.385742	-144.589645
18906.152344	-144.479706
18916.918945	-144.386734
18927.685547	-144.081345
18938.452148	-144.017456
18949.218750	-143.727509
18959.985352	-143.535919
18970.751953	-143.350433
18981.518555	-143.096451
18992.285156	-142.958160
19003.051758	-142.677856
19013.818359	-142.458267
19024.584961	-142.047592
19035.351562	-142.056702
19046.118164	-141.918732
19056.884766	-141.602539
19067.651367	-141.402023
19078.417969	-141.153900
19089.184570	-140.890900
19099.951172	-140.687576
19110.717773	-140.225479
19121.484375	-140.022507
19132.250977	-139.854462
19143.017578	-139.708130
19153.784180	-139.505173
19164.550781	-139.252991
19175.317383	-138.989746
19186.083984	-138.675751
19196.850586	-138.505539
19207.617188	-138.258606
19218.383789	-137.889191
19229.150391	-137.762924
19239.916992	-137.438019
19250.683594	-137.155502
19261.450195	-136.900604
19272.216797	-136.629105
19282.983398	-136.333725
19293.750000	-136.050003
19304.516602	-135.763062
19315.283203	-135.490555
19326.049805	-135.167465
19336.816406	-134.888245
19347.583008	-134.545456
19358.349609	-134.260834
19369.116211	-133.990845
19379.882812	-133.684479
19390.649414	-133.348053
19401.416016	-133.030167
19412.182617	-132.704788
19422.949219	-132.364395
19433.715820	-132.079407
19444.482422	-131.700470
19455.249023	-131.385345
19466.015625	-131.033142
19476.782227	-130.666763
19487.548828	-130.324142
19498.315430	-129.966934
19509.082031	-129.581848
19519.848633	-129.215393
19530.615234	-128.848907
19541.381836	-128.445618
19552.148438	-128.084808
19562.915039	-127.627518
19573.681641	-127.237297
19584.448242	-126.870125
19595.214844	-126.438087
19605.981445	-126.025246
19616.748047	-125.592216
19627.514648	-125.143105
19638.281250	-124.712479
19649.047852	-124.264961
19659.814453	-123.790123
19670.581055	-123.325745
19681.347656	-122.842079
19692.114258	-122.356346
19702.880859	-121.848839
19713.647461	-121.328102
19724.414062	-120.832657
19735.180664	-120.302925
19745.947266	-119.751656
19756.713867	-119.215729
19767.480469	-118.635040
19778.247070	-118.060165
19789.013672	-117.321251
19799.780273	-116.261269
19810.546875	-116.116974
19821.313477	-115.603287
19832.080078	-114.950737
19842.846680	-114.277954
19853.613281	-113.588684
19864.379883	-112.882027
19875.146484	-112.151337
19885.913086	-111.401970
19896.679688	-110.630562
19907.446289	-109.828407
19918.212891	-109.012718
19928.979492	-108.158524
19939.746094	-107.278984
19950.512695	-106.367722
19961.279297	-105.421898
19972.045898	-104.440865
19982.812500	-103.421036
19993.579102	-102.357452
20004.345703	-101.247620
20015.112305	-100.088463
20025.878906	-98.873856
20036.645508	-97.598770
20047.412109	-96.257072
20058.178711	-94.840866
20068.945312	-93.342361
20079.711914	-91.751358
20090.478516	-90.054100
20101.245117	-88.237038
20112.011719	-86.282249
20122.778320	-84.165642
20133.544922	-81.859657
20144.311523	-79.325706
20155.078125	-76.514252
20165.844727	-73.356392
20176.611328	-69.753677
20187.377930	-65.558029
20198.144531	-60.530010
20208.911133	-54.240738
20219.677734	-45.780178
20230.444336	-32.393509
20241.210938	-8.705540
20251.977539	-4.988209
20262.744141	-13.529956
20273.510742	-38.327320
20284.277344	-49.304783
20295.043945	-56.824284
20305.810547	-62.601055
20316.577148	-67.307213
20327.343750	-71.283806
20338.110352	-74.729630
20348.876953	-77.771118
20359.643555	-80.494392
20370.410156	-82.959938
20381.176758	-85.212921
20391.943359	-87.287582
20402.709961	-89.210030
20413.476562	-91.001167
20424.243164	-92.678848
20435.009766	-94.254814
20445.776367	-95.742722
20456.542969	-97.150688
20467.309570	-98.487854
20478.076172	-99.760742
20488.842773	-100.973969
20499.609375	-102.136002
20510.375977	-103.248817
20521.142578	-104.315292
20531.909180	-105.341751
20542.675781	-106.330978
20553.442383	-107.283737
20564.208984	-108.203064
20574.975586	-109.094162
20585.742188	-109.953056
20596.508789	-110.781769
20607.275391	-111.599548
20618.041992	-112.379395
20628.808594	-113.144188
20639.575195	-113.884636
20650.341797	-114.606422
20661.108398	-115.309868
20671.875000	-115.991959
20682.641602	-116.655380
20693.408203	-117.143066
20704.174805	-117.639015
20714.941406	-118.555763
20725.708008	-119.179588
20736.474609	-119.779167
20747.241211	-120.350624
20758.007812	-120.921120
20768.774414	-121.487297
20779.541016	-122.019600
20790.307617	-122.561615
20801.074219	-123.093964
20811.840820	-123.602531
20822.607422	-124.113121
20833.374023	-124.608284
20844.140625	-125.098251
20854.907227	-125.577866
20865.673828	-126.040787
20876.440430	-126.521095
20887.207031	-126.965347
20897.973633	-127.410378
20908.740234	-127.865479
20919.506836	-128.273834
20930.273438	-128.730682
20941.040039	-129.057129
20951.806641	-129.519073
20962.573242	-129.961029
20973.339844	-130.352081
20984.106445	-130.751556
20994.873047	-131.162369
21005.639648	-131.528412
21016.406250	-131.897873
21027.172852	-132.308243
21037.939453	-132.657166
21048.706055	-133.012070
21059.472656	-133.406708
21070.239258	-133.724091
21081.005859	-134.087372
21091.772461	-134.364044
21102.539062	-134.729218
21113.305664	-135.164139
21124.072266	-135.423874
21134.838867	-135.765884
21145.605469	-136.032288
21156.372070	-136.346603
21167.138672	-136.736633
21177.905273	-137.056046
21188.671875	-137.400864
21199.438477	-137.672729
21210.205078	-137.962250
21220.971680	-138.319000
21231.738281	-138.589249
21242.504883	-138.831818
21253.271484	-139.187393
21264.038086	-139.479874
21274.804688	-139.708923
21285.571289	-140.014862
21296.337891	-140.324936
21307.104492	-140.547348
21317.871094	-140.913895
21328.637695	-141.163879
21339.404297	-141.380981
21350.170898	-141.651093
21360.937500	-141.941254
21371.704102	-142.212952
21382.470703	-142.423950
21393.237305	-142.709244
21404.003906	-142.909332
21414.770508	-143.231445
21425.537109	-143.495193
21436.303711	-143.690033
21447.070312	-143.894958
21457.836914	-144.162949
21468.603516	-144.402481
21479.370117	-144.691025
21490.136719	-144.863861
21500.903320	-145.119690
21511.669922	-145.336258
21522.436523	-145.565811
21533.203125	-145.774582
21543.969727	-146.084473
21554.736328	-146.285828
21565.502930	-146.314301
21576.269531	-146.736374
21587.036133	-146.678711
21597.802734	-145.859802
21608.569336	-146.691223
21619.335938	-147.077835
21630.102539	-147.093262
21640.869141	-147.689972
21651.635742	-148.040146
21662.402344	-148.258698
21673.168945	-148.536514
21683.935547	-148.606903
21694.702148	-148.873413
21705.468750	-149.005341
21716.235352	-149.132660
21727.001953	-149.374130
21737.768555	-149.550217
21748.535156	-149.683395
21759.301758	-149.916977
21770.068359	-149.836426
21780.834961	-149.682053
21791.601562	-150.536957
21802.368164	-150.245636
21813.134766	-149.719833
21823.901367	-150.309799
21834.667969	-150.749603
21845.434570	-150.912292
21856.201172	-150.859131
21866.967773	-151.322586
21877.734375	-151.428497
21888.500977	-151.425903
21899.267578	-151.454102
21910.034180	-151.677521
21920.800781	-151.831024
21931.567383	-151.514847
21942.333984	-151.753738
21953.100586	-151.974930
21963.867188	-151.886887
21974.633789	-151.779068
21985.400391	-151.871521
21996.166992	-152.492294
22006.933594	-151.901917
22017.700195	-152.142059
22028.466797	-152.261307
22039.233398	-111.332184
