Frequency (Hz)	Level (dB)
10.766602	-105.314316
21.533203	-146.335327
32.299805	-146.218979
43.066406	-146.140274
53.833008	-146.263840
64.599609	-146.269043
75.366211	-145.994171
86.132812	-145.997910
96.899414	-146.182419
107.666016	-145.858749
118.432617	-145.663025
129.199219	-145.882111
139.965820	-145.690186
150.732422	-145.519623
161.499023	-145.573593
172.265625	-145.465988
183.032227	-145.207245
193.798828	-145.092621
204.565430	-144.981888
215.332031	-144.801468
226.098633	-144.585800
236.865234	-143.995453
247.631836	-144.392242
258.398438	-144.445175
269.165039	-143.912170
279.931641	-143.991211
290.698242	-143.968063
301.464844	-143.670761
312.231445	-143.599548
322.998047	-143.399765
333.764648	-143.209976
344.531250	-143.042572
355.297852	-142.872055
366.064453	-142.616287
376.831055	-142.546326
387.597656	-142.312500
398.364258	-142.031601
409.130859	-141.793060
419.897461	-140.849915
430.664062	-140.913666
441.430664	-140.450943
452.197266	-139.392288
462.963867	-140.640366
473.730469	-140.737640
484.497070	-140.288361
495.263672	-140.279922
506.030273	-140.025558
516.796875	-139.773697
527.563477	-139.592773
538.330078	-139.349304
549.096680	-139.064209
559.863281	-138.902283
570.629883	-138.708557
581.396484	-138.389771
592.163086	-138.154572
602.929688	-137.950073
613.696289	-137.684967
624.462891	-137.459152
635.229492	-137.235901
645.996094	-136.906754
656.762695	-136.689392
667.529297	-136.432480
678.295898	-136.191238
689.062500	-135.908112
699.829102	-135.623795
710.595703	-135.379166
721.362305	-135.141968
732.128906	-134.894470
742.895508	-134.526077
753.662109	-134.334671
764.428711	-134.033752
775.195312	-133.710785
785.961914	-133.462112
796.728516	-133.145584
807.495117	-132.900055
818.261719	-132.550873
829.028320	-132.306152
839.794922	-131.961502
850.561523	-131.666473
861.328125	-131.359955
872.094727	-131.051910
882.861328	-130.715332
893.627930	-130.342255
904.394531	-130.028351
915.161133	-129.745148
925.927734	-129.422302
936.694336	-129.117661
947.460938	-128.763809
958.227539	-128.402939
968.994141	-128.080948
979.760742	-127.698120
990.527344	-127.390778
1001.293945	-126.984695
1012.060547	-126.641167
1022.827148	-126.277451
1033.593750	-125.887627
1044.360352	-125.494301
1055.126953	-125.146255
1065.893555	-124.728058
1076.660156	-124.334122
1087.426758	-123.946877
1098.193359	-123.487442
1108.959961	-123.061127
1119.726562	-122.715553
1130.493164	-122.257935
1141.259766	-121.841583
1152.026367	-121.388145
1162.792969	-120.943253
1173.559570	-120.495773
1184.326172	-120.021881
1195.092773	-119.556839
1205.859375	-119.080597
1216.625977	-118.585159
1227.392578	-118.093513
1238.159180	-117.586693
1248.925781	-117.073067
1259.692383	-116.543823
1270.458984	-116.006439
1281.225586	-115.471695
1291.992188	-114.904457
1302.758789	-114.335014
1313.525391	-113.755013
1324.291992	-113.157799
1335.058594	-112.523384
1345.825195	-111.636452
1356.591797	-111.079529
1367.358398	-110.640198
1378.125000	-109.973129
1388.891602	-109.290695
1399.658203	-108.586327
1410.424805	-107.863647
1421.191406	-107.123383
1431.958008	-106.359924
1442.724609	-105.579369
1453.491211	-104.764046
1464.257812	-103.932205
1475.024414	-103.072502
1485.791016	-102.182266
1496.557617	-101.262901
1507.324219	-100.310646
1518.090820	-99.320816
1528.857422	-98.295189
1539.624023	-97.228325
1550.390625	-96.115479
1561.157227	-94.953987
1571.923828	-93.739967
1582.690430	-92.467102
1593.457031	-91.130211
1604.223633	-89.722046
1614.990234	-88.234108
1625.756836	-86.658440
1636.523438	-84.980431
1647.290039	-83.189529
1658.056641	-81.266869
1668.823242	-79.192490
1679.589844	-76.939262
1690.356445	-74.473686
1701.123047	-71.750542
1711.889648	-68.709007
1722.656250	-65.263184
1733.422852	-61.286598
1744.189453	-56.580441
1754.956055	-50.803661
1765.722656	-43.284161
1776.489258	-32.306698
1787.255859	-7.509342
1798.022461	1.032401
1808.789062	-2.684928
1819.555664	-26.372896
1830.322266	-39.759552
1841.088867	-48.220116
1851.855469	-54.509396
1862.622070	-59.537411
1873.388672	-63.733063
1884.155273	-67.335785
1894.921875	-70.493629
1905.688477	-73.305107
1916.455078	-75.839005
1927.221680	-78.145187
1937.988281	-80.261467
1948.754883	-82.216530
1959.521484	-84.033508
1970.288086	-85.730507
1981.054688	-87.321884
1991.821289	-88.820290
2002.587891	-90.236488
2013.354492	-91.578400
2024.121094	-92.853218
2034.887695	-94.068161
2045.654297	-95.227074
2056.420898	-96.336632
2067.187500	-97.400139
2077.954102	-98.420990
2088.720703	-99.401230
2099.487305	-100.347206
2110.253906	-101.258842
2121.020508	-102.137947
2131.787109	-102.991844
2142.553711	-103.808754
2153.320312	-104.610443
2164.086914	-105.381248
2174.853516	-106.131973
2185.620117	-106.861580
2196.386719	-107.568474
2207.153320	-108.256905
2217.919922	-108.930412
2228.686523	-109.583450
2239.453125	-110.072998
2250.219727	-110.309814
2260.986328	-111.275627
2271.752930	-112.039772
2282.519531	-112.616211
2293.286133	-113.188042
2304.052734	-113.733582
2314.819336	-114.279320
2325.585938	-114.812164
2336.352539	-115.327858
2347.119141	-115.834427
2357.885742	-116.333305
2368.652344	-116.823578
2379.418945	-117.304268
2390.185547	-117.770714
2400.952148	-118.237282
2411.718750	-118.693352
2422.485352	-119.125130
2433.251953	-119.578178
2444.018555	-120.001694
2454.785156	-120.420746
2465.551758	-120.850967
2476.318359	-121.224915
2487.084961	-121.600204
2497.851562	-122.061058
2508.618164	-122.434563
2519.384766	-122.828522
2530.151367	-123.199516
2540.917969	-123.555725
2551.684570	-123.962746
2562.451172	-124.296265
2573.217773	-124.645035
2583.984375	-125.007210
2594.750977	-125.365028
2605.517578	-125.676254
2616.284180	-126.053505
2627.050781	-126.354156
2637.817383	-126.692894
2648.583984	-127.004112
2659.350586	-127.339294
2670.117188	-127.676598
2680.883789	-127.960838
2691.650391	-128.254745
2702.416992	-128.559372
2713.183594	-128.867859
2723.950195	-129.163177
2734.716797	-129.465424
2745.483398	-129.757385
2756.250000	-130.046188
2767.016602	-130.298645
2777.783203	-130.622467
2788.549805	-130.866104
2799.316406	-131.150864
2810.083008	-131.417114
2820.849609	-131.730026
2831.616211	-131.889313
2842.382812	-132.234741
2853.149414	-132.501068
2863.916016	-132.657043
2874.682617	-132.976562
2885.449219	-133.242767
2896.215820	-133.488464
2906.982422	-133.659805
2917.749023	-133.951263
2928.515625	-133.933014
2939.282227	-134.201782
2950.048828	-134.695923
2960.815430	-134.891281
2971.582031	-135.154541
2982.348633	-135.376663
2993.115234	-135.566315
3003.881836	-135.876190
3014.648438	-136.050522
3025.415039	-136.177155
3036.181641	-136.498077
3046.948242	-136.723236
3057.714844	-136.897736
3068.481445	-137.125397
3079.248047	-137.350494
3090.014648	-137.508987
3100.781250	-137.747437
3111.547852	-137.997070
3122.314453	-138.071167
3133.081055	-138.381973
3143.847656	-138.513779
3154.614258	-138.635742
3165.380859	-138.706924
3176.147461	-138.514267
3186.914062	-138.952789
3197.680664	-139.544617
3208.447266	-139.646149
3219.213867	-139.861221
3229.980469	-140.095215
3240.747070	-140.227692
3251.513672	-140.421143
3262.280273	-140.595764
3273.046875	-140.743469
3283.813477	-140.873444
3294.580078	-141.210587
3305.346680	-141.253159
3316.113281	-141.505569
3326.879883	-141.655243
3337.646484	-141.688644
3348.413086	-141.988068
3359.179688	-142.092361
3369.946289	-142.059006
3380.712891	-142.460495
3391.479492	-142.559998
3402.246094	-142.707916
3413.012695	-142.870331
3423.779297	-143.000946
3434.545898	-143.131516
3445.312500	-143.320999
3456.079102	-143.367035
3466.845703	-143.583374
3477.612305	-143.764267
3488.378906	-143.733887
3499.145508	-143.960831
3509.912109	-144.194138
3520.678711	-144.035110
3531.445312	-144.436768
3542.211914	-144.082932
3552.978516	-144.847824
3563.745117	-144.705750
3574.511719	-144.664627
3585.278320	-142.144577
3596.044922	-133.727539
3606.811523	-135.106445
3617.578125	-144.042450
3628.344727	-145.158768
3639.111328	-145.382950
3649.877930	-145.411972
3660.644531	-145.503220
3671.411133	-145.608673
3682.177734	-145.702454
3692.944336	-145.599533
3703.710938	-145.511627
3714.477539	-144.796860
3725.244141	-145.576080
3736.010742	-146.026138
3746.777344	-145.960098
3757.543945	-145.888901
3768.310547	-145.963257
3779.077148	-145.980942
3789.843750	-146.028778
3800.610352	-146.017838
3811.376953	-146.016296
3822.143555	-145.820053
3832.910156	-145.650345
3843.676758	-145.788818
3854.443359	-145.560104
3865.209961	-145.700180
3875.976562	-145.954437
3886.743164	-145.787735
3897.509766	-145.741226
3908.276367	-145.734741
3919.042969	-145.583008
3929.809570	-145.538986
3940.576172	-145.488983
3951.342773	-145.353333
3962.109375	-145.358200
3972.875977	-145.125809
3983.642578	-145.161224
3994.409180	-144.902527
4005.175781	-144.916611
4015.942383	-144.792084
4026.708984	-144.566452
4037.475586	-144.234985
4048.242188	-143.267090
4059.008789	-143.703094
4069.775391	-143.977814
4080.541992	-143.900925
4091.308594	-143.733475
4102.075195	-143.617554
4112.841797	-143.376678
4123.608398	-143.278107
4134.375000	-143.085815
4145.141602	-142.827606
4155.908203	-142.673416
4166.674805	-142.576813
4177.441406	-142.213318
4188.208008	-142.134338
4198.974609	-141.906403
4209.741211	-141.623856
4220.507812	-141.452133
4231.274414	-141.273438
4242.041016	-141.003464
4252.807617	-140.787354
4263.574219	-140.348618
4274.340820	-140.229446
4285.107422	-140.091599
4295.874023	-139.849396
4306.640625	-139.687912
4317.407227	-139.407349
4328.173828	-139.187714
4338.940430	-138.888077
4349.707031	-138.683914
4360.473633	-138.426407
4371.240234	-138.158585
4382.006836	-137.905182
4392.773438	-137.618362
4403.540039	-137.300385
4414.306641	-137.046677
4425.073242	-136.785995
4435.839844	-136.487076
4446.606445	-136.223770
4457.373047	-135.912704
4468.139648	-135.645676
4478.906250	-135.330780
4489.672852	-135.030182
4500.439453	-134.727219
4511.206055	-134.405792
4521.972656	-134.089905
4532.739258	-133.806488
4543.505859	-133.450500
4554.272461	-133.055618
4565.039062	-132.704819
4575.805664	-132.435898
4586.572266	-132.139664
4597.338867	-131.766266
4608.105469	-131.434402
4618.872070	-131.071152
4629.638672	-130.708420
4640.405273	-130.343323
4651.171875	-130.002319
4661.938477	-129.588333
4672.705078	-129.220566
4683.471680	-128.843552
4694.238281	-128.433212
4705.004883	-128.069168
4715.771484	-127.617401
4726.538086	-127.192894
4737.304688	-126.789383
4748.071289	-126.385139
4758.837891	-125.943649
4769.604492	-125.509201
4780.371094	-125.059135
4791.137695	-124.608444
4801.904297	-124.138084
4812.670898	-123.667351
4823.437500	-123.188179
4834.204102	-122.694885
4844.970703	-122.197639
4855.737305	-121.685158
4866.503906	-121.164848
4877.270508	-120.643608
4888.037109	-120.096191
4898.803711	-119.539459
4909.570312	-118.976120
4920.336914	-118.400085
4931.103516	-117.803429
4941.870117	-116.892151
4952.636719	-116.006111
4963.403320	-115.900146
4974.169922	-115.300659
4984.936523	-114.635040
4995.703125	-113.949677
5006.469727	-113.246315
5017.236328	-112.525055
5028.002930	-111.781113
5038.769531	-111.016945
5049.536133	-110.230164
5060.302734	-109.421120
5071.069336	-108.577637
5081.835938	-107.710434
5092.602539	-106.812675
5103.369141	-105.884926
5114.135742	-104.920822
5124.902344	-103.920456
5135.668945	-102.880669
5146.435547	-101.795998
5157.202148	-100.664993
5167.968750	-99.482918
5178.735352	-98.243500
5189.501953	-96.942818
5200.268555	-95.573128
5211.035156	-94.127121
5221.801758	-92.596588
5232.568359	-90.968506
5243.334961	-89.232643
5254.101562	-87.372162
5264.868164	-85.367714
5275.634766	-83.195084
5286.401367	-80.823578
5297.167969	-78.212509
5307.934570	-75.307716
5318.701172	-72.033943
5329.467773	-68.282074
5340.234375	-63.885132
5351.000977	-58.566994
5361.767578	-51.814724
5372.534180	-42.465557
5383.300781	-26.280655
5394.067383	-11.201089
5404.833984	-10.610284
5415.600586	-23.558559
5426.367188	-41.271923
5437.133789	-51.017441
5447.900391	-57.965302
5458.666992	-63.402496
5469.433594	-67.880371
5480.200195	-71.691277
5490.966797	-75.010300
5501.733398	-77.950981
5512.500000	-80.591408
5523.266602	-82.987434
5534.033203	-85.181000
5544.799805	-87.203514
5555.566406	-89.080032
5566.333008	-90.830505
5577.099609	-92.469910
5587.866211	-94.012901
5598.632812	-95.469017
5609.399414	-96.848221
5620.166016	-98.158150
5630.932617	-99.404930
5641.699219	-100.595329
5652.465820	-101.733589
5663.232422	-102.824577
5673.999023	-103.871506
5684.765625	-104.877266
5695.532227	-105.847595
5706.298828	-106.781517
5717.065430	-107.683250
5727.832031	-108.555649
5738.598633	-109.400330
5749.365234	-110.222107
5760.131836	-111.009705
5770.898438	-111.779747
5781.665039	-112.524475
5792.431641	-113.252090
5803.198242	-113.957893
5813.964844	-114.647301
5824.731445	-115.302361
5835.498047	-114.937859
5846.264648	-109.739166
5857.031250	-111.196518
5867.797852	-117.609657
5878.564453	-118.428818
5889.331055	-119.019524
5900.097656	-119.583138
5910.864258	-120.146111
5921.630859	-120.687103
5932.397461	-121.204567
5943.164062	-121.735542
5953.930664	-122.252716
5964.697266	-122.758736
5975.463867	-123.257751
5986.230469	-123.735649
5996.997070	-124.214012
6007.763672	-124.683441
6018.530273	-125.114693
6029.296875	-125.614746
6040.063477	-126.031715
6050.830078	-126.465225
6061.596680	-126.887924
6072.363281	-127.301109
6083.129883	-127.736603
6093.896484	-128.149811
6104.663086	-128.527161
6115.429688	-128.954178
6126.196289	-129.328323
6136.962891	-129.714615
6147.729492	-130.111038
6158.496094	-130.467133
6169.262695	-130.843735
6180.029297	-131.214539
6190.795898	-131.571503
6201.562500	-131.899902
6212.329102	-132.281189
6223.095703	-132.593658
6233.862305	-132.956207
6244.628906	-133.282074
6255.395508	-133.630386
6266.162109	-133.924881
6276.928711	-134.241272
6287.695312	-134.561554
6298.461914	-134.902893
6309.228516	-135.197601
6319.995117	-135.484970
6330.761719	-135.828735
6341.528320	-136.119385
6352.294922	-136.431839
6363.061523	-136.716141
6373.828125	-137.007248
6384.594727	-137.278671
6395.361328	-137.606476
6406.127930	-137.842407
6416.894531	-138.167664
6427.661133	-138.401077
6438.427734	-138.753326
6449.194336	-138.956390
6459.960938	-139.169586
6470.727539	-139.399292
6481.494141	-139.743973
6492.260742	-140.012161
6503.027344	-140.202820
6513.793945	-140.294052
6524.560547	-140.488327
6535.327148	-140.859772
6546.093750	-141.238220
6556.860352	-141.498672
6567.626953	-141.771164
6578.393555	-142.005295
6589.160156	-142.212311
6599.926758	-142.488846
6610.693359	-142.664658
6621.459961	-142.883270
6632.226562	-143.145538
6642.993164	-143.414352
6653.759766	-143.584000
6664.526367	-143.835632
6675.292969	-144.074326
6686.059570	-144.251221
6696.826172	-144.473312
6707.592773	-144.700928
6718.359375	-144.866302
6729.125977	-145.160583
6739.892578	-144.984940
6750.659180	-144.255310
6761.425781	-145.467056
6772.192383	-145.903610
6782.958984	-146.089920
6793.725586	-146.417130
6804.492188	-146.497833
6815.258789	-146.582809
6826.025391	-147.023911
6836.791992	-147.132797
6847.558594	-147.302887
6858.325195	-147.506638
6869.091797	-147.693542
6879.858398	-147.702866
6890.625000	-148.204468
6901.391602	-148.220093
6912.158203	-148.509048
6922.924805	-148.612701
6933.691406	-148.712738
6944.458008	-149.054214
6955.224609	-149.107468
6965.991211	-149.115189
6976.757812	-149.515854
6987.524414	-149.494034
6998.291016	-149.302048
7009.057617	-149.736603
7019.824219	-150.211151
7030.590820	-150.320618
7041.357422	-150.650055
7052.124023	-150.656097
7062.890625	-150.826660
7073.657227	-150.887543
7084.423828	-151.144394
7095.190430	-151.254517
7105.957031	-151.594284
7116.723633	-151.672333
7127.490234	-151.864517
7138.256836	-152.092209
7149.023438	-151.789261
7159.790039	-151.927139
7170.556641	-151.467880
7181.323242	-146.145020
7192.089844	-127.436974
7202.856445	-124.698563
7213.623047	-134.423477
7224.389648	-151.437973
7235.156250	-153.076447
7245.922852	-153.211380
7256.689453	-153.686295
7267.456055	-153.674393
7278.222656	-153.650879
7288.989258	-153.871674
7299.755859	-152.799149
7310.522461	-149.044998
7321.289062	-149.849762
7332.055664	-154.367859
7342.822266	-154.457504
7353.588867	-154.481613
7364.355469	-154.866516
7375.122070	-154.873154
7385.888672	-154.871140
7396.655273	-153.782639
7407.421875	-154.633209
7418.188477	-154.958389
7428.955078	-152.936646
7439.721680	-153.163101
7450.488281	-155.057144
7461.254883	-155.484940
7472.021484	-155.818527
7482.788086	-155.282883
7493.554688	-155.530930
7504.321289	-155.561539
7515.087891	-156.022461
7525.854492	-156.135162
7536.621094	-156.180481
7547.387695	-156.072281
7558.154297	-155.865036
7568.920898	-155.690582
7579.687500	-156.435181
7590.454102	-156.325714
7601.220703	-156.584549
7611.987305	-156.192398
7622.753906	-156.035522
7633.520508	-155.820435
7644.287109	-152.422043
7655.053711	-151.987930
7665.820312	-155.825165
7676.586914	-155.874405
7687.353516	-155.911606
7698.120117	-156.316071
7708.886719	-156.355881
7719.653320	-156.262512
7730.419922	-156.557007
7741.186523	-156.150391
7751.953125	-156.070312
7762.719727	-156.261749
7773.486328	-156.106079
7784.252930	-156.065247
7795.019531	-156.108322
7805.786133	-155.901596
7816.552734	-155.805283
7827.319336	-155.422028
7838.085938	-154.467697
7848.852539	-152.858612
7859.619141	-153.568497
7870.385742	-153.247009
7881.152344	-155.199219
7891.918945	-154.737808
7902.685547	-154.664169
7913.452148	-154.563248
7924.218750	-154.325012
7934.985352	-154.358337
7945.751953	-154.060883
7956.518555	-153.796600
7967.285156	-153.565445
7978.051758	-153.641525
7988.818359	-153.331253
7999.584961	-152.162552
8010.351562	-152.345428
8021.118164	-152.850082
8031.884766	-152.519440
8042.651367	-152.293381
8053.417969	-152.057358
8064.184570	-151.869263
8074.951172	-150.624252
8085.717773	-149.938171
8096.484375	-149.966721
8107.250977	-149.976898
8118.017578	-149.765457
8128.784180	-150.117371
8139.550781	-149.912109
8150.317383	-149.426941
8161.083984	-149.320068
8171.850586	-149.115829
8182.617188	-148.877457
8193.383789	-148.393341
8204.150391	-148.194122
8214.916992	-147.845306
8225.683594	-147.473984
8236.450195	-147.199722
8247.216797	-146.802216
8257.983398	-146.445892
8268.750000	-146.102646
8279.516602	-145.786316
8290.283203	-145.392288
8301.049805	-144.960327
8311.816406	-143.358871
8322.583008	-143.230743
8333.349609	-143.681076
8344.116211	-143.433945
8354.882812	-143.072220
8365.649414	-142.657089
8376.416016	-142.190979
8387.182617	-141.868469
8397.949219	-141.379044
8408.715820	-140.932144
8419.482422	-140.471237
8430.249023	-140.019302
8441.015625	-139.522339
8451.782227	-139.057220
8462.548828	-138.568817
8473.315430	-138.063004
8484.082031	-137.544205
8494.848633	-137.030670
8505.615234	-136.498535
8516.381836	-135.893661
8527.148438	-135.388519
8537.915039	-132.930099
8548.681641	-128.414093
8559.448242	-130.938278
8570.214844	-132.954666
8580.981445	-132.341293
8591.748047	-131.678131
8602.514648	-131.012680
8613.281250	-130.307404
8624.047852	-129.598633
8634.814453	-128.864914
8645.581055	-128.121399
8656.347656	-127.335533
8667.114258	-126.526550
8677.880859	-125.688927
8688.647461	-124.825417
8699.414062	-123.943497
8710.180664	-123.001617
8720.947266	-122.040504
8731.713867	-121.037300
8742.480469	-119.991142
8753.247070	-118.898483
8764.013672	-117.759697
8774.780273	-116.564354
8785.546875	-115.312347
8796.313477	-113.990654
8807.080078	-112.597298
8817.846680	-111.119659
8828.613281	-109.553993
8839.379883	-107.883698
8850.146484	-106.092903
8860.913086	-104.167931
8871.679688	-102.083916
8882.446289	-99.812286
8893.212891	-97.318581
8903.979492	-94.552841
8914.746094	-91.448822
8925.512695	-87.911949
8936.279297	-83.800514
8947.045898	-78.887482
8957.812500	-72.771194
8968.579102	-64.618271
8979.345703	-52.040695
8990.112305	-21.029091
9000.878906	-16.054647
9011.645508	-23.158577
9022.412109	-54.746185
9033.178711	-66.307663
9043.945312	-74.085571
9054.711914	-80.016212
9065.478516	-84.828133
9076.245117	-88.883995
9087.011719	-92.392914
9097.778320	-95.487129
9108.544922	-98.255241
9119.311523	-100.761177
9130.078125	-103.050095
9140.844727	-105.157333
9151.611328	-107.110260
9162.377930	-108.928978
9173.144531	-110.635323
9183.911133	-112.237656
9194.677734	-113.750938
9205.444336	-115.177834
9216.210938	-116.537216
9226.977539	-117.848976
9237.744141	-119.071457
9248.510742	-120.256660
9259.277344	-121.392036
9270.043945	-122.479721
9280.810547	-123.526360
9291.577148	-124.543617
9302.343750	-125.511780
9313.110352	-126.451347
9323.876953	-127.361237
9334.643555	-128.251160
9345.410156	-129.100464
9356.176758	-129.923889
9366.943359	-130.721573
9377.709961	-131.516403
9388.476562	-132.268005
9399.243164	-133.003876
9410.009766	-133.580688
9420.776367	-133.210510
9431.542969	-124.495026
9442.309570	-105.322914
9453.076172	-102.831047
9463.842773	-112.906296
9474.609375	-132.529617
9485.375977	-137.406693
9496.142578	-138.691299
9506.909180	-139.438690
9517.675781	-140.066391
9528.442383	-140.621094
9539.208984	-141.181351
9549.975586	-141.742752
9560.742188	-142.297821
9571.508789	-142.847351
9582.275391	-143.345093
9593.041992	-143.848572
9603.808594	-144.315811
9614.575195	-144.885696
9625.341797	-145.118011
9636.108398	-145.896072
9646.875000	-146.252197
9657.641602	-146.621902
9668.408203	-146.877792
9679.174805	-147.381073
9689.941406	-147.853424
9700.708008	-148.465363
9711.474609	-148.857132
9722.241211	-149.218231
9733.007812	-149.577896
9743.774414	-150.211426
9754.541016	-150.473801
9765.307617	-150.855682
9776.074219	-151.335632
9786.840820	-151.569168
9797.607422	-151.985168
9808.374023	-152.482849
9819.140625	-152.753723
9829.907227	-153.106537
9840.673828	-153.504990
9851.440430	-153.770218
9862.207031	-153.678131
9872.973633	-154.248154
9883.740234	-154.018555
9894.506836	-147.754791
9905.273438	-147.741364
9916.040039	-152.900421
9926.806641	-154.974701
9937.573242	-156.309937
9948.339844	-156.820496
9959.106445	-156.805405
9969.873047	-157.189819
9980.639648	-157.175934
9991.406250	-157.377167
10002.172852	-157.964706
10012.939453	-158.663010
10023.706055	-158.793259
10034.472656	-158.973785
10045.239258	-159.243729
10056.005859	-157.209213
10066.772461	-152.810287
10077.539062	-154.450775
10088.305664	-159.859985
10099.072266	-160.063950
10109.838867	-157.249802
10120.605469	-156.798996
10131.372070	-159.182831
10142.138672	-160.325989
10152.905273	-160.936172
10163.671875	-162.012360
10174.438477	-162.028107
10185.205078	-162.409485
10195.971680	-161.970551
10206.738281	-161.514816
10217.504883	-162.086685
10228.271484	-162.742264
10239.038086	-162.288391
10249.804688	-161.238571
10260.571289	-160.964035
10271.337891	-163.793274
10282.104492	-164.035065
10292.871094	-164.462311
10303.637695	-164.172043
10314.404297	-163.613724
10325.170898	-161.431366
10335.937500	-157.120773
10346.704102	-149.239349
10357.470703	-151.413239
10368.237305	-160.373886
10379.003906	-162.780853
10389.770508	-163.320511
10400.537109	-164.569061
10411.303711	-162.739929
10422.070312	-164.768341
10432.836914	-164.798782
10443.603516	-166.869873
10454.370117	-166.773895
10465.136719	-167.421127
10475.903320	-165.283173
10486.669922	-166.551041
10497.436523	-165.799316
10508.203125	-167.002579
10518.969727	-167.346817
10529.736328	-167.847092
10540.502930	-168.597458
10551.269531	-168.610657
10562.036133	-165.036926
10572.802734	-163.867996
10583.569336	-160.878403
10594.335938	-160.741928
10605.102539	-157.263657
10615.869141	-165.046265
10626.635742	-169.571869
10637.402344	-169.499100
10648.168945	-168.470566
10658.935547	-170.474655
10669.702148	-167.285339
10680.468750	-168.802368
10691.235352	-169.658890
10702.001953	-171.599091
10712.768555	-170.636612
10723.535156	-169.192337
10734.301758	-169.779556
10745.068359	-166.490601
10755.834961	-160.672867
10766.601562	-162.006073
10777.368164	-167.894119
10788.134766	-157.976837
10798.901367	-150.805283
10809.667969	-155.487885
10820.434570	-170.757767
10831.201172	-170.178696
10841.967773	-167.736862
10852.734375	-169.360413
10863.500977	-170.880966
10874.267578	-172.946579
10885.034180	-171.242950
10895.800781	-171.015381
10906.567383	-160.885361
10917.333984	-158.959122
10928.100586	-165.286240
10938.867188	-166.217117
10949.633789	-164.146378
10960.400391	-170.183731
10971.166992	-171.324097
10981.933594	-172.725937
10992.700195	-171.088104
11003.466797	-171.802444
11014.233398	-168.851624
11025.000000	-168.927994
11035.766602	-170.834396
11046.533203	-173.710144
11057.299805	-171.584442
11068.066406	-171.262253
11078.833008	-170.295380
11089.599609	-170.116562
11100.366211	-164.495300
11111.132812	-166.808731
11121.899414	-168.663452
11132.666016	-169.003296
11143.432617	-168.476562
11154.199219	-172.190186
11164.965820	-170.821472
11175.732422	-172.977707
11186.499023	-168.301773
11197.265625	-170.020050
11208.032227	-171.655014
11218.798828	-172.674728
11229.565430	-171.743210
11240.332031	-170.776611
11251.098633	-166.981354
11261.865234	-169.436279
11272.631836	-165.568100
11283.398438	-165.596451
11294.165039	-162.777802
11304.931641	-170.073410
11315.698242	-173.509247
11326.464844	-174.528976
11337.231445	-172.114883
11347.998047	-171.962143
11358.764648	-168.881516
11369.531250	-170.031235
11380.297852	-170.761749
11391.064453	-174.099396
11401.831055	-171.790359
11412.597656	-171.897186
11423.364258	-171.292130
11434.130859	-165.442184
11444.897461	-158.871643
11455.664062	-161.123306
11466.430664	-168.402512
11477.197266	-170.988632
11487.963867	-171.337616
11498.730469	-172.910797
11509.497070	-172.251404
11520.263672	-172.334396
11531.030273	-168.661896
11541.796875	-169.365463
11552.563477	-170.745712
11563.330078	-172.522964
11574.096680	-170.601517
11584.863281	-171.956665
11595.629883	-169.523026
11606.396484	-168.363586
11617.163086	-165.742004
11627.929688	-166.389328
11638.696289	-164.318314
11649.462891	-171.264954
11660.229492	-172.368073
11670.996094	-173.096039
11681.762695	-170.444901
11692.529297	-166.705978
11703.295898	-163.711975
11714.062500	-169.343857
11724.829102	-171.534653
11735.595703	-174.180771
11746.362305	-170.220535
11757.128906	-168.088730
11767.895508	-170.066971
11778.662109	-169.416016
11789.428711	-164.667267
11800.195312	-167.163361
11810.961914	-168.560028
11821.728516	-171.684692
11832.495117	-171.182190
11843.261719	-173.292343
11854.028320	-171.679443
11864.794922	-171.824310
11875.561523	-168.803802
11886.328125	-170.540680
11897.094727	-171.197220
11907.861328	-172.676697
11918.627930	-171.702911
11929.394531	-172.113602
11940.161133	-170.238083
11950.927734	-170.825470
11961.694336	-166.416931
11972.460938	-161.217941
11983.227539	-157.133667
11993.994141	-165.599655
12004.760742	-172.973495
12015.527344	-172.960571
12026.293945	-171.639069
12037.060547	-171.999496
12047.827148	-169.079300
12058.593750	-170.741730
12069.360352	-170.777908
12080.126953	-173.543610
12090.893555	-172.470947
12101.660156	-172.827026
12112.426758	-171.308563
12123.193359	-166.078522
12133.959961	-160.912048
12144.726562	-162.224640
12155.493164	-167.769974
12166.259766	-172.516525
12177.026367	-172.728500
12187.792969	-173.236710
12198.559570	-172.291565
12209.326172	-172.966309
12220.092773	-168.938995
12230.859375	-170.381546
12241.625977	-172.146317
12252.392578	-173.992889
12263.159180	-172.576035
12273.925781	-172.585266
12284.692383	-167.869781
12295.458984	-166.054840
12306.225586	-165.702591
12316.992188	-166.384811
12327.758789	-164.290955
12338.525391	-170.330704
12349.291992	-170.896713
12360.058594	-172.390335
12370.825195	-171.575150
12381.591797	-171.641449
12392.358398	-168.240128
12403.125000	-170.157288
12413.891602	-171.825211
12424.658203	-174.599579
12435.424805	-172.652466
12446.191406	-171.964005
12456.958008	-171.817993
12467.724609	-169.957169
12478.491211	-164.334885
12489.257812	-167.485550
12500.024414	-167.800400
12510.791016	-170.641006
12521.557617	-170.557434
12532.324219	-173.882553
12543.090820	-172.226013
12553.857422	-172.232681
12564.624023	-168.965317
12575.390625	-169.589157
12586.157227	-169.379684
12596.923828	-162.365280
12607.690430	-164.523376
12618.457031	-171.256287
12629.223633	-170.756638
12639.990234	-170.242111
12650.756836	-165.841476
12661.523438	-166.390060
12672.290039	-163.262466
12683.056641	-169.883789
12693.823242	-172.018372
12704.589844	-173.828598
12715.356445	-172.204300
12726.123047	-172.735062
12736.889648	-168.750961
12747.656250	-170.297440
12758.422852	-170.956772
12769.189453	-174.764481
12779.956055	-172.632950
12790.722656	-171.926697
12801.489258	-169.780838
12812.255859	-154.827850
12823.022461	-148.230286
12833.789062	-150.478745
12844.555664	-167.422256
12855.322266	-171.976669
12866.088867	-172.508408
12876.855469	-174.300522
12887.622070	-172.696228
12898.388672	-172.545029
12909.155273	-168.968567
12919.921875	-170.310074
12930.688477	-171.693481
12941.455078	-172.501358
12952.221680	-172.621109
12962.988281	-173.230896
12973.754883	-169.362259
12984.521484	-168.634186
12995.288086	-165.542389
13006.054688	-166.194641
13016.821289	-164.174713
13027.587891	-170.116867
13038.354492	-167.725510
13049.121094	-161.167725
13059.887695	-165.903000
13070.654297	-172.489151
13081.420898	-168.254166
13092.187500	-170.593628
13102.954102	-171.125504
13113.720703	-173.194565
13124.487305	-171.010147
13135.253906	-168.619034
13146.020508	-170.063889
13156.787109	-169.927826
13167.553711	-165.274460
13178.320312	-167.297592
13189.086914	-168.487946
13199.853516	-171.477692
13210.620117	-172.073257
13221.386719	-172.164368
13232.153320	-171.101257
13242.919922	-172.549957
13253.686523	-169.064514
13264.453125	-168.297470
13275.219727	-169.216736
13285.986328	-174.460129
13296.752930	-172.444107
13307.519531	-172.794388
13318.286133	-170.665039
13329.052734	-169.676300
13339.819336	-166.014755
13350.585938	-162.466675
13361.352539	-158.174591
13372.119141	-166.132416
13382.885742	-172.542923
13393.652344	-173.277328
13404.418945	-171.325974
13415.185547	-172.556381
13425.952148	-169.172180
13436.718750	-170.525803
13447.485352	-171.561356
13458.251953	-174.240433
13469.018555	-171.780258
13479.785156	-171.842392
13490.551758	-170.904144
13501.318359	-166.353943
13512.084961	-160.110519
13522.851562	-162.564087
13533.618164	-168.692459
13544.384766	-172.703995
13555.151367	-171.704346
13565.917969	-174.016937
13576.684570	-172.033691
13587.451172	-172.045425
13598.217773	-168.603653
13608.984375	-170.758118
13619.750977	-170.236313
13630.517578	-174.289322
13641.284180	-172.257660
13652.050781	-173.424576
13662.817383	-165.521561
13673.583984	-164.284210
13684.350586	-165.834045
13695.117188	-165.762558
13705.883789	-163.958679
13716.650391	-168.026535
13727.416992	-171.626556
13738.183594	-173.967300
13748.950195	-172.643967
13759.716797	-172.680237
13770.483398	-168.705582
13781.250000	-170.520889
13792.016602	-172.197372
13802.783203	-174.134720
13813.549805	-170.943817
13824.316406	-171.872147
13835.083008	-172.147415
13845.849609	-171.180420
13856.616211	-164.859116
13867.382812	-167.589554
13878.149414	-168.301178
13888.916016	-169.524017
13899.682617	-169.398148
13910.449219	-173.562073
13921.215820	-171.974213
13931.982422	-172.141190
13942.749023	-168.487808
13953.515625	-169.762070
13964.282227	-172.076080
13975.048828	-175.653412
13985.815430	-172.590332
13996.582031	-173.006851
14007.348633	-171.189407
14018.115234	-169.879089
14028.881836	-165.712112
14039.648438	-164.948227
14050.415039	-162.496948
14061.181641	-170.782822
14071.948242	-172.699127
14082.714844	-174.611740
14093.481445	-172.365952
14104.248047	-172.490891
14115.014648	-169.313538
14125.781250	-170.022034
14136.547852	-171.066666
14147.314453	-174.489059
14158.081055	-172.159119
14168.847656	-171.750580
14179.614258	-171.465332
14190.380859	-165.233383
14201.147461	-159.134003
14211.914062	-161.973663
14222.680664	-168.913605
14233.447266	-172.120621
14244.213867	-172.475388
14254.980469	-174.082687
14265.747070	-172.277313
14276.513672	-172.390564
14287.280273	-169.384537
14298.046875	-169.754425
14308.813477	-170.908890
14319.580078	-173.760773
14330.346680	-172.586899
14341.113281	-173.608505
14351.879883	-169.621231
14362.646484	-168.519730
14373.413086	-165.619858
14384.179688	-166.301086
14394.946289	-160.188889
14405.712891	-162.166412
14416.479492	-170.590454
14427.246094	-173.836563
14438.012695	-172.033325
14448.779297	-171.437408
14459.545898	-168.467667
14470.312500	-169.880585
14481.079102	-171.280289
14491.845703	-174.221970
14502.612305	-169.519211
14513.378906	-165.792847
14524.145508	-170.152634
14534.912109	-170.074524
14545.678711	-164.607941
14556.445312	-167.254532
14567.211914	-168.374222
14577.978516	-171.444443
14588.745117	-172.340912
14599.511719	-173.842255
14610.278320	-171.492294
14621.044922	-172.397430
14631.811523	-167.984909
14642.578125	-169.223404
14653.344727	-170.340134
14664.111328	-175.818329
14674.877930	-172.665161
14685.644531	-173.337189
14696.411133	-170.866364
14707.177734	-170.374527
14717.944336	-166.155594
14728.710938	-158.240295
14739.477539	-153.029007
14750.244141	-162.211899
14761.010742	-171.732208
14771.777344	-174.707306
14782.543945	-172.529053
14793.310547	-173.197220
14804.077148	-169.305450
14814.843750	-170.664215
14825.610352	-172.073273
14836.376953	-174.471008
14847.143555	-168.700027
14857.910156	-169.908829
14868.676758	-171.378052
14879.443359	-167.124756
14890.209961	-160.464630
14900.976562	-162.852844
14911.743164	-168.573502
14922.509766	-172.229477
14933.276367	-172.136917
14944.042969	-174.082306
14954.809570	-172.026993
14965.576172	-171.334778
14976.342773	-169.077255
14987.109375	-169.569778
14997.875977	-171.054642
15008.642578	-175.253510
15019.409180	-173.478439
15030.175781	-173.626984
15040.942383	-168.093567
15051.708984	-166.501709
15062.475586	-166.388901
15073.242188	-166.410995
15084.008789	-164.008240
15094.775391	-170.856033
15105.541992	-172.141434
15116.308594	-172.457947
15127.075195	-172.041931
15137.841797	-172.327530
15148.608398	-169.584763
15159.375000	-169.228592
15170.141602	-171.186356
15180.908203	-173.889740
15191.674805	-171.583298
15202.441406	-172.338242
15213.208008	-171.238678
15223.974609	-171.001190
15234.741211	-164.970535
15245.507812	-167.025742
15256.274414	-167.930466
15267.041016	-170.344803
15277.807617	-169.527756
15288.574219	-170.059448
15299.340820	-165.852585
15310.107422	-169.499130
15320.874023	-168.480637
15331.640625	-170.695053
15342.407227	-171.410461
15353.173828	-174.619583
15363.940430	-173.244766
15374.707031	-172.957855
15385.473633	-170.989105
15396.240234	-170.187210
15407.006836	-166.303711
15417.773438	-165.518295
15428.540039	-162.742325
15439.306641	-169.380081
15450.073242	-173.749649
15460.839844	-174.726471
15471.606445	-171.412735
15482.373047	-172.087387
15493.139648	-169.199692
15503.906250	-170.444443
15514.672852	-170.325867
15525.439453	-173.650330
15536.206055	-171.582336
15546.972656	-171.900818
15557.739258	-171.480194
15568.505859	-160.838791
15579.272461	-154.172195
15590.039062	-156.399918
15600.805664	-167.492813
15611.572266	-172.503754
15622.338867	-172.165131
15633.105469	-173.168884
15643.872070	-172.448517
15654.638672	-172.798843
15665.405273	-168.948975
15676.171875	-170.644974
15686.938477	-171.174408
15697.705078	-172.963623
15708.471680	-172.873734
15719.238281	-172.942108
15730.004883	-169.106247
15740.771484	-167.921402
15751.538086	-165.511047
15762.304688	-166.506638
15773.071289	-163.821335
15783.837891	-169.903671
15794.604492	-172.036697
15805.371094	-172.821869
15816.137695	-171.665146
15826.904297	-172.409760
15837.670898	-168.619537
15848.437500	-170.530563
15859.204102	-171.272720
15869.970703	-174.402328
15880.737305	-171.571365
15891.503906	-169.920471
15902.270508	-171.213303
15913.037109	-170.455429
15923.803711	-164.305420
15934.570312	-167.170029
15945.336914	-168.306671
15956.103516	-171.039902
15966.870117	-171.172043
15977.636719	-173.614975
15988.403320	-171.257187
15999.169922	-172.408569
16009.936523	-169.199997
16020.703125	-170.332657
16031.469727	-171.699066
16042.236328	-172.768341
16053.002930	-172.291840
16063.769531	-173.688019
16074.536133	-171.417389
16085.302734	-169.936569
16096.069336	-166.100586
16106.835938	-162.159241
16117.602539	-157.757492
16128.369141	-165.791245
16139.135742	-173.109940
16149.902344	-173.733017
16160.668945	-171.989182
16171.435547	-173.042282
16182.202148	-169.553879
16192.968750	-169.387253
16203.735352	-169.297836
16214.501953	-173.210403
16225.268555	-172.160980
16236.035156	-172.865494
16246.801758	-171.871506
16257.568359	-166.931458
16268.334961	-160.189911
16279.101562	-163.014008
16289.868164	-168.318375
16300.634766	-172.637451
16311.401367	-172.666748
16322.167969	-173.188370
16332.934570	-171.957687
16343.701172	-173.346420
16354.467773	-169.356995
16365.234375	-171.014221
16376.000977	-170.659332
16386.767578	-173.984833
16397.534180	-172.258331
16408.300781	-170.077713
16419.067383	-159.038803
16429.833984	-156.631821
16440.600586	-165.202637
16451.367188	-166.630264
16462.133789	-164.188889
16472.900391	-171.094910
16483.666992	-172.984238
16494.433594	-174.160690
16505.200195	-172.163773
16515.966797	-172.706589
16526.733398	-169.230133
16537.500000	-170.072525
16548.266602	-170.470215
16559.033203	-173.978622
16569.799805	-172.206528
16580.566406	-172.431122
16591.333008	-172.133804
16602.099609	-169.341949
16612.866211	-164.233215
16623.632812	-167.340805
16634.399414	-165.085449
16645.166016	-156.378372
16655.932617	-156.146683
16666.699219	-168.665329
16677.465820	-171.537079
16688.232422	-171.681274
16698.999023	-168.748352
16709.765625	-170.233902
16720.532227	-171.792206
16731.298828	-173.489639
16742.065430	-172.989090
16752.832031	-172.777008
16763.598633	-171.020706
16774.365234	-170.635712
16785.131836	-166.233917
16795.898438	-164.623154
16806.665039	-162.349197
16817.431641	-169.549805
16828.198242	-172.276779
16838.964844	-173.105179
16849.731445	-172.107040
16860.498047	-171.640518
16871.264648	-168.042587
16882.031250	-170.383606
16892.797852	-170.605942
16903.564453	-174.691132
16914.331055	-172.155319
16925.097656	-171.409897
16935.864258	-171.187851
16946.630859	-165.858658
16957.397461	-159.165848
16968.164062	-161.405655
16978.930664	-168.517639
16989.697266	-171.911942
17000.463867	-172.017014
17011.230469	-173.941437
17021.997070	-172.712585
17032.763672	-173.321045
17043.530273	-169.680801
17054.296875	-170.444473
17065.063477	-170.816940
17075.830078	-173.778473
17086.596680	-172.444839
17097.363281	-170.666321
17108.129883	-168.935669
17118.896484	-169.069717
17129.663086	-166.317825
17140.429688	-166.349564
17151.196289	-164.002609
17161.962891	-170.399475
17172.729492	-172.924057
17183.496094	-172.354156
17194.262695	-171.883469
17205.029297	-172.680634
17215.795898	-169.162842
17226.562500	-170.262817
17237.329102	-170.883072
17248.095703	-174.200668
17258.862305	-170.809326
17269.628906	-169.243988
17280.395508	-170.597900
17291.162109	-169.155014
17301.928711	-164.383148
17312.695312	-167.240829
17323.461914	-167.788345
17334.228516	-171.610794
17344.995117	-171.181824
17355.761719	-172.721970
17366.528320	-171.710846
17377.294922	-173.343246
17388.061523	-169.293411
17398.828125	-169.990829
17409.594727	-171.162827
17420.361328	-173.319382
17431.127930	-172.603806
17441.894531	-173.606277
17452.661133	-172.173737
17463.427734	-170.501572
17474.194336	-165.969162
17484.960938	-159.259384
17495.727539	-156.201202
17506.494141	-164.381393
17517.260742	-172.078598
17528.027344	-174.108582
17538.793945	-170.852966
17549.560547	-168.214844
17560.327148	-168.195435
17571.093750	-169.941849
17581.860352	-170.588989
17592.626953	-173.893021
17603.393555	-172.984085
17614.160156	-172.390686
17624.926758	-171.417526
17635.693359	-166.782806
17646.459961	-160.707367
17657.226562	-162.510910
17667.993164	-168.097290
17678.759766	-172.244919
17689.526367	-171.834991
17700.292969	-174.840836
17711.059570	-172.003693
17721.826172	-171.760345
17732.592773	-169.299072
17743.359375	-170.725800
17754.125977	-171.070160
17764.892578	-173.888916
17775.659180	-172.688141
17786.425781	-173.430328
17797.192383	-168.757233
17807.958984	-167.079086
17818.725586	-166.396500
17829.492188	-167.445755
17840.258789	-163.904846
17851.025391	-171.231262
17861.791992	-172.973389
17872.558594	-173.176865
17883.325195	-172.526962
17894.091797	-172.957047
17904.858398	-169.437943
17915.625000	-170.219391
17926.391602	-170.382050
17937.158203	-174.250931
17947.924805	-172.231964
17958.691406	-172.547974
17969.458008	-171.595352
17980.224609	-169.137802
17990.991211	-161.618011
18001.757812	-159.885330
18012.524414	-165.674957
18023.291016	-169.524902
18034.057617	-169.534576
18044.824219	-173.736801
18055.590820	-171.816742
18066.357422	-171.768600
18077.124023	-169.386398
18087.890625	-170.484695
18098.657227	-170.446640
18109.423828	-172.764481
18120.190430	-172.648666
18130.957031	-174.349579
18141.723633	-171.774826
18152.490234	-170.717880
18163.256836	-166.567184
18174.023438	-164.672256
18184.790039	-161.942719
18195.556641	-169.229568
18206.323242	-171.362274
18217.089844	-172.572464
18227.856445	-170.935837
18238.623047	-172.208862
18249.389648	-168.542053
18260.156250	-169.924713
18270.922852	-170.728348
18281.689453	-173.769180
18292.456055	-171.438660
18303.222656	-172.901932
18313.989258	-171.718582
18324.755859	-158.436371
18335.522461	-151.469009
18346.289062	-154.193329
18357.055664	-167.606018
18367.822266	-171.933517
18378.588867	-171.960907
18389.355469	-173.617996
18400.122070	-171.783386
18410.888672	-173.467194
18421.655273	-169.448441
18432.421875	-171.190918
18443.188477	-171.014877
18453.955078	-172.960342
18464.721680	-171.876587
18475.488281	-172.966965
18486.254883	-170.211609
18497.021484	-169.560211
18507.788086	-166.445801
18518.554688	-167.327148
18529.321289	-164.508682
18540.087891	-171.147995
18550.854492	-171.306763
18561.621094	-169.984039
18572.387695	-170.751297
18583.154297	-172.672974
18593.920898	-168.731094
18604.687500	-170.722916
18615.454102	-170.159164
18626.220703	-174.269211
18636.987305	-172.236191
18647.753906	-169.728592
18658.520508	-171.364349
18669.287109	-169.470932
18680.053711	-164.250565
18690.820312	-167.211594
18701.586914	-168.152771
18712.353516	-170.850037
18723.120117	-171.077530
18733.886719	-172.897858
18744.653320	-171.710922
18755.419922	-172.868530
18766.186523	-169.463715
18776.953125	-170.035904
18787.719727	-170.750870
18798.486328	-173.684174
18809.252930	-173.224930
18820.019531	-173.431870
18830.786133	-171.148148
18841.552734	-170.185608
18852.319336	-166.194519
18863.085938	-161.968094
18873.852539	-157.905151
18884.619141	-165.365051
18895.385742	-169.031708
18906.152344	-170.062546
18916.918945	-171.573517
18927.685547	-172.782806
18938.452148	-169.129379
18949.218750	-169.755417
18959.985352	-170.554016
18970.751953	-173.455734
18981.518555	-172.962372
18992.285156	-173.356628
19003.051758	-171.823746
19013.818359	-166.911209
19024.584961	-161.117218
19035.351562	-163.364014
19046.118164	-168.154175
19056.884766	-172.329681
19067.651367	-171.765366
19078.417969	-174.352341
19089.184570	-172.606628
19099.951172	-173.166840
19110.717773	-168.702515
19121.484375	-169.419113
19132.250977	-170.982666
19143.017578	-173.943466
19153.784180	-172.649673
19164.550781	-173.261429
19175.317383	-166.246048
19186.083984	-165.160767
19196.850586	-166.350540
19207.617188	-166.592041
19218.383789	-164.512817
19229.150391	-171.164734
19239.916992	-172.156860
19250.683594	-173.029144
19261.450195	-171.830338
19272.216797	-173.394470
19282.983398	-169.509216
19293.750000	-170.456833
19304.516602	-169.739670
19315.283203	-174.094589
19326.049805	-172.228043
19336.816406	-171.674042
19347.583008	-167.716415
19358.349609	-168.491180
19369.116211	-164.334290
19379.882812	-167.373367
19390.649414	-167.498398
19401.416016	-166.645538
19412.182617	-167.949310
19422.949219	-172.758408
19433.715820	-172.265350
19444.482422	-173.614822
19455.249023	-169.054184
19466.015625	-170.751328
19476.782227	-170.525406
19487.548828	-173.658783
19498.315430	-172.408844
19509.082031	-173.280197
19519.848633	-171.607864
19530.615234	-171.425262
19541.381836	-166.929810
19552.148438	-163.797134
19562.915039	-161.342957
19573.681641	-168.368805
19584.448242	-171.850235
19595.214844	-172.760345
19605.981445	-172.449463
19616.748047	-173.599854
19627.514648	-169.660370
19638.281250	-169.866913
19649.047852	-169.967789
19659.814453	-172.924850
19670.581055	-172.815887
19681.347656	-173.131668
19692.114258	-171.957748
19702.880859	-165.749954
19713.647461	-158.594711
19724.414062	-161.504486
19735.180664	-167.868149
19745.947266	-171.490662
19756.713867	-171.604721
19767.480469	-173.513458
19778.247070	-171.790924
19789.013672	-172.913834
19799.780273	-168.772812
19810.546875	-170.416473
19821.313477	-170.483185
19832.080078	-174.344803
19842.846680	-172.158691
19853.613281	-171.946304
19864.379883	-169.879929
19875.146484	-168.931625
19885.913086	-166.984283
19896.679688	-167.089005
19907.446289	-164.525024
19918.212891	-171.411209
19928.979492	-172.644241
19939.746094	-171.796494
19950.512695	-171.711990
19961.279297	-173.449783
19972.045898	-170.166565
19982.812500	-170.612930
19993.579102	-169.646545
20004.345703	-171.732712
20015.112305	-166.526596
20025.878906	-162.952454
20036.645508	-166.572708
20047.412109	-170.100876
20058.178711	-164.099731
20068.945312	-167.128525
20079.711914	-167.635986
20090.478516	-170.557983
20101.245117	-171.383041
20112.011719	-173.349197
20122.778320	-172.819748
20133.544922	-174.116211
20144.311523	-169.935913
20155.078125	-170.196777
20165.844727	-170.118835
20176.611328	-174.141251
20187.377930	-173.072479
20198.144531	-174.065887
20208.911133	-171.471329
20219.677734	-170.465500
20230.444336	-165.272629
20241.210938	-147.152954
20251.977539	-144.020660
20262.744141	-153.422562
20273.510742	-171.586929
20284.277344	-173.134384
20295.043945	-171.983002
20305.810547	-173.018341
20316.577148	-169.987854
20327.343750	-170.658051
20338.110352	-170.156342
20348.876953	-173.687149
20359.643555	-172.220367
20370.410156	-173.130661
20381.176758	-172.873520
20391.943359	-167.347519
20402.709961	-160.115143
20413.476562	-163.238617
20424.243164	-166.840561
20435.009766	-171.449722
20445.776367	-171.095947
20456.542969	-170.403305
20467.309570	-168.790985
20478.076172	-171.861221
20488.842773	-169.001450
20499.609375	-169.595367
20510.375977	-170.186386
20521.142578	-173.545685
20531.909180	-172.449219
20542.675781	-173.594101
20553.442383	-169.013916
20564.208984	-168.019547
20574.975586	-167.196808
20585.742188	-167.818451
20596.508789	-164.615097
20607.275391	-171.257339
20618.041992	-172.737213
20628.808594	-173.653351
20639.575195	-172.452530
20650.341797	-173.068008
20661.108398	-169.598495
20671.875000	-170.630630
20682.641602	-170.343933
20693.408203	-170.855301
20704.174805	-169.289246
20714.941406	-171.490860
20725.708008	-171.896286
20736.474609	-170.508408
20747.241211	-163.770584
20758.007812	-167.249985
20768.774414	-167.197510
20779.541016	-168.722412
20790.307617	-169.904968
20801.074219	-173.657272
20811.840820	-172.560852
20822.607422	-173.810562
20833.374023	-170.049423
20844.140625	-170.423874
20854.907227	-170.117264
20865.673828	-173.722549
20876.440430	-172.285034
20887.207031	-172.252350
20897.973633	-171.045776
20908.740234	-170.248978
20919.506836	-167.236511
20930.273438	-164.332977
20941.040039	-161.790573
20951.806641	-167.992538
20962.573242	-172.177841
20973.339844	-172.681915
20984.106445	-171.870071
20994.873047	-173.469910
21005.639648	-169.980316
21016.406250	-170.414520
21027.172852	-170.283997
21037.939453	-173.266144
21048.706055	-173.181839
21059.472656	-172.778931
21070.239258	-172.208115
21081.005859	-161.945541
21091.772461	-154.775452
21102.539062	-157.595108
21113.305664	-166.786331
21124.072266	-171.347290
21134.838867	-171.105499
21145.605469	-167.736618
21156.372070	-168.304489
21167.138672	-173.242783
21177.905273	-169.500214
21188.671875	-170.830475
21199.438477	-170.328140
21210.205078	-173.928452
21220.971680	-173.134171
21231.738281	-174.175217
21242.504883	-170.538040
21253.271484	-169.584091
21264.038086	-167.358276
21274.804688	-166.963379
21285.571289	-164.227524
21296.337891	-171.533020
21307.104492	-171.587357
21317.871094	-170.638580
21328.637695	-171.757690
21339.404297	-173.929367
21350.170898	-169.984024
21360.937500	-170.136734
21371.704102	-169.427780
21382.470703	-172.486679
21393.237305	-171.505188
21404.003906	-171.295639
21414.770508	-171.733429
21425.537109	-170.536850
21436.303711	-164.276825
21447.070312	-167.010925
21457.836914	-167.002899
21468.603516	-169.388809
21479.370117	-170.358627
21490.136719	-173.515030
21500.903320	-172.564011
21511.669922	-173.798264
21522.436523	-169.901245
21533.203125	-170.541504
21543.969727	-170.152466
21554.736328	-173.796127
21565.502930	-172.605438
21576.269531	-173.859146
21587.036133	-170.046555
21597.802734	-164.636978
21608.569336	-164.756454
21619.335938	-161.749863
21630.102539	-158.135757
21640.869141	-165.801086
21651.635742	-172.549347
21662.402344	-172.893982
21673.168945	-172.665619
21683.935547	-173.677963
21694.702148	-170.216797
21705.468750	-170.419662
21716.235352	-169.951736
21727.001953	-174.226791
21737.768555	-172.588043
21748.535156	-173.146286
21759.301758	-171.921631
21770.068359	-168.088440
21780.834961	-161.625763
21791.601562	-163.438416
21802.368164	-167.604111
21813.134766	-171.712784
21823.901367	-171.282471
21834.667969	-172.394272
21845.434570	-172.567032
21856.201172	-173.213562
21866.967773	-170.438751
21877.734375	-170.590485
21888.500977	-170.119949
21899.267578	-173.711334
21910.034180	-172.765121
21920.800781	-172.823593
21931.567383	-163.536758
21942.333984	-161.992615
21953.100586	-166.595444
21963.867188	-167.112793
21974.633789	-164.769180
21985.400391	-171.098267
21996.166992	-172.253235
22006.933594	-172.584442
22017.700195	-172.513306
22028.466797	-174.238922
22039.233398	-170.043961
