-0.00001
0.67751
0.98719
0.94714
0.86120
0.90570
0.97187
0.92790
0.86041
0.91794
0.99998
0.79656
0.18786
-0.53320
-0.95091
-0.97433
-0.87190
-0.88496
-0.96359
-0.94820
-0.86895
-0.89160
-0.99387
-0.88786
-0.36799
0.36797
0.88786
0.99387
0.89159
0.86892
0.94818
0.96359
0.88496
0.87188
0.97430
0.95089
0.53319
-0.18787
-0.79659
-1.00000
-0.91793
-0.86040
-0.92791
-0.97190
-0.90572
-0.86120
-0.94713
-0.98720
-0.67753
-0.00001
0.67752
0.98719
0.94712
0.86119
0.90571
0.97189
0.92790
0.86039
0.91792
0.99999
0.79658
0.18786
-0.53320
-0.95090
-0.97431
-0.87189
-0.88497
-0.96360
-0.94819
-0.86893
-0.89160
-0.99388
-0.88787
-0.36798
0.36797
0.88784
0.99386
0.89159
0.86894
0.94819
0.96358
0.88495
0.87189
0.97432
0.95090
0.53319
-0.18787
-0.79657
