-0.00001
0.00000
0.98720
0.00000
0.86119
0.00000
0.97187
0.00000
0.86040
0.00000
0.99998
0.00000
0.18786
0.00000
-0.95092
0.00000
-0.87188
0.00000
-0.96359
0.00000
-0.86895
0.00000
-0.99387
0.00000
-0.36799
0.00000
0.88787
0.00000
0.89158
0.00000
0.94818
0.00000
0.88496
0.00000
0.97430
0.00000
0.53320
0.00000
-0.79660
0.00000
-0.91792
0.00000
-0.92791
0.00000
-0.90572
0.00000
-0.94713
0.00000
-0.67754
0.00000
0.67753
0.00000
0.94712
0.00000
0.90571
0.00000
0.92790
0.00000
0.91791
0.00000
0.79659
0.00000
-0.53321
0.00000
-0.97431
0.00000
-0.88497
0.00000
-0.94820
0.00000
-0.89159
0.00000
-0.88788
0.00000
0.36798
0.00000
0.99386
0.00000
0.86894
0.00000
0.96358
0.00000
0.87187
