Frequency (Hz)	Level (dB)
2.691650	-141.052628
5.383301	-138.454437
8.074951	-134.828949
10.766602	-130.276627
13.458252	-124.661560
16.149902	-117.385689
18.841553	-106.934616
21.533203	-85.773193
24.224854	-75.639839
26.916504	-78.110512
29.608154	-97.573318
32.299805	-111.913002
34.991455	-120.702164
37.683105	-127.168724
40.374756	-132.301895
43.066406	-136.551224
45.758057	-140.147125
48.449707	-143.213562
51.141357	-145.840912
53.833008	-148.012985
56.524658	-149.754608
59.216309	-150.932877
61.907959	-151.925827
64.599609	-152.568954
67.291260	-152.999542
69.982910	-153.182007
72.674561	-153.325150
75.366211	-153.253891
78.057861	-153.251099
80.749512	-153.115372
83.441162	-153.022980
86.132812	-152.903732
88.824463	-152.729813
91.516113	-152.561890
94.207764	-152.759445
96.899414	-152.139572
99.591064	-152.011597
102.282715	-151.805801
104.974365	-151.688141
107.666016	-151.479446
110.357666	-151.203629
113.049316	-151.118958
115.740967	-150.851990
118.432617	-150.622070
121.124268	-150.441177
123.815918	-150.256149
126.507568	-150.012375
129.199219	-149.813278
131.890869	-149.641541
134.582520	-149.314224
137.274170	-149.095566
139.965820	-148.898773
142.657471	-148.660370
145.349121	-148.447906
148.040771	-148.215897
150.732422	-147.943604
153.424072	-147.736938
156.115723	-147.497314
158.807373	-147.217987
161.499023	-147.018555
164.190674	-146.772049
166.882324	-146.473907
169.573975	-146.238495
172.265625	-145.978561
174.957275	-145.669388
177.648926	-145.443878
180.340576	-145.211014
183.032227	-144.886337
185.723877	-144.623795
188.415527	-144.341034
191.107178	-144.083557
193.798828	-143.773941
196.490479	-143.509186
199.182129	-143.190598
201.873779	-142.914505
204.565430	-142.627045
207.257080	-142.322174
209.948730	-142.014114
212.640381	-141.698135
215.332031	-141.397110
218.023682	-141.075851
220.715332	-140.758026
223.406982	-140.421448
226.098633	-140.101089
228.790283	-139.790237
231.481934	-139.442337
234.173584	-139.094406
236.865234	-138.775803
239.556885	-138.403397
242.248535	-138.068207
244.940186	-137.709412
247.631836	-137.304169
250.323486	-137.008408
253.015137	-136.599304
255.706787	-136.215378
258.398438	-135.833008
261.090088	-135.445709
263.781738	-135.042542
266.473389	-134.656876
269.165039	-134.261948
271.856689	-133.809555
274.548340	-133.406860
277.239990	-132.974457
279.931641	-132.535400
282.623291	-132.092133
285.314941	-131.640915
288.006592	-131.194611
290.698242	-130.714828
293.389893	-130.239304
296.081543	-129.759216
298.773193	-129.264954
301.464844	-128.765945
304.156494	-128.249588
306.848145	-127.727966
309.539795	-127.190323
312.231445	-126.650528
314.923096	-126.094017
317.614746	-125.526711
320.306396	-124.944984
322.998047	-124.350876
325.689697	-123.743973
328.381348	-123.123032
331.072998	-122.485962
333.764648	-121.830521
336.456299	-121.165825
339.147949	-120.474533
341.839600	-119.768944
344.531250	-119.043243
347.222900	-118.296738
349.914551	-117.528229
352.606201	-116.741348
355.297852	-115.921951
357.989502	-115.077545
360.681152	-114.205704
363.372803	-113.304680
366.064453	-112.371483
368.756104	-111.402412
371.447754	-110.398033
374.139404	-109.353027
376.831055	-108.263100
379.522705	-107.125748
382.214355	-105.937431
384.906006	-104.691666
387.597656	-103.378334
390.289307	-102.002319
392.980957	-100.549896
395.672607	-99.010643
398.364258	-97.373985
401.055908	-95.626678
403.747559	-93.753029
406.439209	-91.734070
409.130859	-89.544586
411.822510	-87.153244
414.514160	-84.518478
417.205811	-81.584732
419.897461	-78.274437
422.589111	-74.474937
425.280762	-70.012756
427.972412	-64.598732
430.664062	-57.689152
433.355713	-48.022194
436.047363	-30.629732
438.739014	-17.299953
441.430664	-17.664854
444.122314	-32.308922
446.813965	-48.759491
449.505615	-58.181686
452.197266	-64.970467
454.888916	-70.310959
457.580566	-74.723137
460.272217	-78.486183
462.963867	-81.768524
465.655518	-84.680115
468.347168	-87.296707
471.038818	-89.672920
473.730469	-91.849472
476.422119	-93.857300
479.113770	-95.721039
481.805420	-97.459129
484.497070	-99.089371
487.188721	-100.621849
489.880371	-102.047653
492.572021	-103.437889
495.263672	-104.744736
497.955322	-105.985390
500.646973	-107.169067
503.338623	-108.302010
506.030273	-109.387093
508.721924	-110.428391
511.413574	-111.430092
514.105225	-112.394745
516.796875	-113.324684
519.488525	-114.222176
522.180176	-115.090942
524.871826	-115.933937
527.563477	-116.745277
530.255127	-117.532410
532.946777	-118.298683
535.638428	-119.042397
538.330078	-119.764961
541.021729	-120.468292
543.713379	-121.155563
546.405029	-121.821129
549.096680	-122.472855
551.788330	-123.107613
554.479980	-123.726318
557.171631	-124.329056
559.863281	-124.924644
562.554932	-125.502197
565.246582	-126.067619
567.938232	-126.615189
570.629883	-127.165306
573.321533	-127.692551
576.013184	-128.215927
578.704834	-128.726532
581.396484	-129.227142
584.088135	-129.717545
586.779785	-130.199371
589.471436	-130.673660
592.163086	-131.135849
594.854736	-131.595306
597.546387	-132.037247
600.238037	-132.484329
602.929688	-132.914734
605.621338	-133.351440
608.312988	-133.763412
611.004639	-134.187149
613.696289	-134.588394
616.387939	-134.981125
619.079590	-135.380493
621.771240	-135.763458
624.462891	-136.145737
627.154541	-136.539932
629.846191	-136.885223
632.537842	-137.255997
635.229492	-137.636002
637.921143	-137.983414
640.612793	-138.331055
643.304443	-138.692780
645.996094	-139.013367
648.687744	-139.363922
651.379395	-139.697250
654.071045	-140.015518
656.762695	-140.364838
659.454346	-140.664597
662.145996	-140.982819
664.837646	-141.317062
667.529297	-141.616074
670.220947	-141.917572
672.912598	-142.219833
675.604248	-142.528397
678.295898	-142.821121
680.987549	-143.084396
683.679199	-143.410629
686.370850	-143.674438
689.062500	-143.968231
691.754150	-144.234070
694.445801	-144.531860
697.137451	-144.815857
699.829102	-145.090042
702.520752	-145.366974
705.212402	-145.564713
707.904053	-145.876846
710.595703	-146.109375
713.287354	-146.385620
715.979004	-146.598053
718.670654	-146.927521
721.362305	-147.134781
724.053955	-147.432159
726.745605	-147.639862
729.437256	-147.853989
732.128906	-148.112839
734.820557	-148.366440
737.512207	-148.570175
740.203857	-148.801285
742.895508	-149.049210
745.587158	-149.225220
748.278809	-149.492844
750.970459	-149.744766
753.662109	-149.925735
756.353760	-150.173950
759.045410	-150.396576
761.737061	-150.539856
764.428711	-150.833237
767.120361	-150.945435
769.812012	-151.187744
772.503662	-151.453812
775.195312	-151.644958
777.886963	-151.785767
780.578613	-151.939316
783.270264	-152.510712
785.961914	-152.294220
788.653564	-152.636719
791.345215	-152.770721
794.036865	-152.949234
796.728516	-153.119949
799.420166	-153.203888
802.111816	-153.403458
804.803467	-153.508835
807.495117	-153.448608
810.186768	-153.459366
812.878418	-153.500977
815.570068	-153.234680
818.261719	-152.880814
820.953369	-152.263809
823.645020	-151.221634
826.336670	-149.905136
829.028320	-148.089523
831.719971	-145.695068
834.411621	-142.787033
837.103271	-139.275406
839.794922	-135.049484
842.486572	-129.891663
845.178223	-123.343063
847.869873	-114.354805
850.561523	-99.361588
853.253174	-81.820770
855.944824	-80.090378
858.636475	-91.264725
861.328125	-110.871605
864.019775	-121.039772
866.711426	-128.184845
869.403076	-133.703186
872.094727	-138.038025
874.786377	-141.081985
877.478027	-142.304733
880.169678	-141.448364
882.861328	-139.125809
885.552979	-135.931992
888.244629	-132.065979
890.936279	-127.421341
893.627930	-121.712570
896.319580	-114.292778
899.011230	-103.532967
901.702881	-80.389580
904.394531	-71.235077
907.086182	-74.455307
909.777832	-96.259277
912.469482	-110.005814
915.161133	-118.597313
917.852783	-124.959801
920.544434	-130.036819
923.236084	-134.266678
925.927734	-137.893631
928.619385	-141.064438
931.311035	-143.875916
934.002686	-146.368362
936.694336	-148.547440
939.385986	-150.455048
942.077637	-152.441223
944.769287	-153.964706
947.460938	-155.334122
950.152588	-156.429474
952.844238	-157.410980
955.535889	-158.119522
958.227539	-158.746048
960.919189	-159.174225
963.610840	-159.606827
966.302490	-159.835678
968.994141	-160.062653
971.685791	-160.179459
974.377441	-160.362854
977.069092	-160.075851
979.760742	-160.324600
982.452393	-160.182236
985.144043	-160.403152
987.835693	-160.070541
990.527344	-160.115097
993.218994	-160.090195
995.910645	-160.005432
998.602295	-159.883057
1001.293945	-159.869095
1003.985596	-159.761810
1006.677246	-159.542999
1009.368896	-159.465363
1012.060547	-159.204742
1014.752197	-159.171204
1017.443848	-158.937271
1020.135498	-158.753555
1022.827148	-158.497055
1025.518799	-158.370026
1028.210449	-158.295013
1030.902100	-158.054611
1033.593750	-157.890015
1036.285400	-157.656876
1038.977051	-157.462967
1041.668701	-157.298050
1044.360352	-157.082474
1047.052002	-156.824371
1049.743652	-156.651001
1052.435303	-156.291046
1055.126953	-156.109467
1057.818604	-155.894287
1060.510254	-155.674149
1063.201904	-155.396423
1065.893555	-155.054276
1068.585205	-154.893112
1071.276855	-154.596771
1073.968506	-154.319153
1076.660156	-154.035233
1079.351807	-153.739670
1082.043457	-153.464890
1084.735107	-153.158142
1087.426758	-152.897934
1090.118408	-152.609222
1092.810059	-152.338058
1095.501709	-152.003510
1098.193359	-151.668686
1100.885010	-151.348785
1103.576660	-151.062744
1106.268311	-150.734390
1108.959961	-150.389893
1111.651611	-150.097076
1114.343262	-149.728577
1117.034912	-149.444321
1119.726562	-149.022888
1122.418213	-148.708740
1125.109863	-148.317795
1127.801514	-147.959747
1130.493164	-147.691238
1133.184814	-147.265228
1135.876465	-146.865738
1138.568115	-146.466415
1141.259766	-146.089691
1143.951416	-145.679779
1146.643066	-145.316162
1149.334717	-144.907196
1152.026367	-144.453812
1154.718018	-144.038910
1157.409668	-143.608231
1160.101318	-143.165405
1162.792969	-142.735168
1165.484619	-142.289658
1168.176270	-141.821991
1170.867920	-141.339417
1173.559570	-140.866669
1176.251221	-140.388550
1178.942871	-139.907608
1181.634521	-139.382523
1184.326172	-138.873947
1187.017822	-138.350906
1189.709473	-137.816925
1192.401123	-137.272079
1195.092773	-136.717316
1197.784424	-136.149460
1200.476074	-135.558441
1203.167725	-134.960800
1205.859375	-134.350037
1208.551025	-133.732620
1211.242676	-133.085739
1213.934326	-132.439194
1216.625977	-131.761551
1219.317627	-131.071548
1222.009277	-130.361450
1224.700928	-129.635284
1227.392578	-128.885468
1230.084229	-128.113480
1232.775879	-127.322830
1235.467529	-126.502205
1238.159180	-125.651093
1240.850830	-124.776436
1243.542480	-123.875954
1246.234131	-122.938782
1248.925781	-121.967003
1251.617432	-120.957710
1254.309082	-119.908813
1257.000732	-118.815147
1259.692383	-117.673470
1262.384033	-116.480156
1265.075684	-115.228806
1267.767334	-113.895119
1270.458984	-112.509979
1273.150635	-111.066124
1275.842285	-109.523300
1278.533936	-107.878334
1281.225586	-106.121887
1283.917236	-104.238304
1286.608887	-102.208176
1289.300537	-100.005615
1291.992188	-97.598900
1294.683838	-94.945709
1297.375488	-91.989380
1300.067139	-88.650658
1302.758789	-84.813950
1305.450439	-80.300652
1308.142090	-74.811005
1310.833740	-67.776047
1313.525391	-57.849976
1316.217041	-39.359570
1318.908691	-27.226936
1321.600342	-28.322927
1324.291992	-44.434273
1326.983643	-60.063282
1329.675293	-69.253716
1332.366943	-75.925896
1335.058594	-81.194756
1337.750244	-85.557991
1340.441895	-89.285133
1343.133545	-92.539871
1345.825195	-95.429619
1348.516846	-98.028336
1351.208496	-100.389412
1353.900146	-102.553108
1356.591797	-104.549942
1359.283447	-106.403854
1361.975098	-108.133606
1364.666748	-109.756096
1367.358398	-111.187973
1370.050049	-112.172615
1372.741699	-113.925705
1375.433350	-115.386017
1378.125000	-116.622108
1380.816650	-117.801338
1383.508301	-118.928452
1386.199951	-120.009232
1388.891602	-121.048111
1391.583252	-122.045654
1394.274902	-123.006271
1396.966553	-123.931190
1399.658203	-124.827408
1402.349854	-125.692078
1405.041504	-126.535263
1407.733154	-127.339691
1410.424805	-128.127563
1413.116455	-128.888428
1415.808105	-129.628067
1418.499756	-130.347672
1421.191406	-131.052155
1423.883057	-131.734314
1426.574707	-132.399567
1429.266357	-133.046860
1431.958008	-133.683136
1434.649658	-134.299713
1437.341309	-134.910599
1440.032959	-135.483368
1442.724609	-136.071640
1445.416260	-136.625183
1448.107910	-137.178741
1450.799561	-137.725708
1453.491211	-138.264359
1456.182861	-138.782776
1458.874512	-139.281387
1461.566162	-139.770187
1464.257812	-140.269714
1466.949463	-140.744843
1469.641113	-141.208023
1472.332764	-141.695465
1475.024414	-142.148621
1477.716064	-142.575775
1480.407715	-143.021072
1483.099365	-143.452713
1485.791016	-143.885849
1488.482666	-144.282684
1491.174316	-144.720398
1493.865967	-145.130447
1496.557617	-145.513245
1499.249268	-145.902054
1501.940918	-146.279922
1504.632568	-146.657364
1507.324219	-147.065430
1510.015869	-147.410507
1512.707520	-147.783493
1515.399170	-148.146957
1518.090820	-148.519867
1520.782471	-148.789597
1523.474121	-149.211197
1526.165771	-149.515762
1528.857422	-149.866028
1531.549072	-150.175644
1534.240723	-150.497635
1536.932373	-150.834641
1539.624023	-151.172470
1542.315674	-151.428635
1545.007324	-151.788116
1547.698975	-152.110291
1550.390625	-152.378571
1553.082275	-152.730484
1555.773926	-152.963120
1558.465576	-153.301971
1561.157227	-153.513123
1563.848877	-153.851654
1566.540527	-154.167938
1569.232178	-154.418808
1571.923828	-154.724274
1574.615479	-154.991959
1577.307129	-155.264862
1579.998779	-155.569061
1582.690430	-155.840759
1585.382080	-155.960403
1588.073730	-156.329056
1590.765381	-156.571289
1593.457031	-156.803314
1596.148682	-157.045486
1598.840332	-157.278214
1601.531982	-157.560013
1604.223633	-157.734680
1606.915283	-158.060242
1609.606934	-158.281342
1612.298584	-158.566833
1614.990234	-158.789963
1617.681885	-158.989670
1620.373535	-159.210785
1623.065186	-159.423935
1625.756836	-159.585785
1628.448486	-159.878342
1631.140137	-160.157578
1633.831787	-160.304047
1636.523438	-160.518036
1639.215088	-160.768265
1641.906738	-160.923462
1644.598389	-160.962662
1647.290039	-161.489273
1649.981689	-161.554153
1652.673340	-161.729950
1655.364990	-161.775879
1658.056641	-162.054428
1660.748291	-162.165329
1663.439941	-162.594543
1666.131592	-162.384827
1668.823242	-162.584641
1671.514893	-162.858047
1674.206543	-162.804810
1676.898193	-162.947220
1679.589844	-162.836090
1682.281494	-162.705978
1684.973145	-162.726547
1687.664795	-162.551025
1690.356445	-161.931427
1693.048096	-161.454758
1695.739746	-160.647034
1698.431396	-159.633102
1701.123047	-158.192322
1703.814697	-156.554810
1706.506348	-154.592926
1709.197998	-152.282410
1711.889648	-149.483185
1714.581299	-146.361877
1717.272949	-142.694046
1719.964600	-138.368408
1722.656250	-133.108185
1725.347900	-126.432220
1728.039551	-117.216698
1730.731201	-101.483047
1733.422852	-85.583694
1736.114502	-84.587715
1738.806152	-96.878395
1741.497803	-115.208496
1744.189453	-125.100647
1746.881104	-132.086060
1749.572754	-137.391586
1752.264404	-141.166290
1754.956055	-142.898941
1757.647705	-142.396667
1760.339355	-140.335190
1763.031006	-137.496063
1765.722656	-134.102051
1768.414307	-130.125687
1771.105957	-125.406693
1773.797607	-119.603111
1776.489258	-112.032784
1779.180908	-100.938324
1781.872559	-75.101768
1784.564209	-66.875443
1787.255859	-70.857330
1789.947510	-95.704895
1792.639160	-108.911263
1795.330811	-117.306671
1798.022461	-123.561691
1800.714111	-128.568695
1803.405762	-132.748825
1806.097412	-136.351776
1808.789062	-139.500290
1811.480713	-142.317841
1814.172363	-144.861191
1816.864014	-147.228058
1819.555664	-149.555847
1822.247314	-151.198929
1824.938965	-153.027145
1827.630615	-154.662659
1830.322266	-156.248749
1833.013916	-157.610626
1835.705566	-158.869522
1838.397217	-160.167130
1841.088867	-161.316895
1843.780518	-162.431305
1846.472168	-163.325073
1849.163818	-163.983948
1851.855469	-164.749771
1854.547119	-165.273804
1857.238770	-165.760712
1859.930420	-165.924988
1862.622070	-166.503693
1865.313721	-166.652740
1868.005371	-166.792969
1870.697021	-167.015442
1873.388672	-167.010620
1876.080322	-167.103043
1878.771973	-166.916809
1881.463623	-166.739807
1884.155273	-166.586594
1886.846924	-166.995834
1889.538574	-166.472076
1892.230225	-166.451492
1894.921875	-166.259521
1897.613525	-166.054276
1900.305176	-165.877747
1902.996826	-165.845169
1905.688477	-165.276230
1908.380127	-165.443146
1911.071777	-165.000488
1913.763428	-164.763947
1916.455078	-164.613953
1919.146729	-164.226669
1921.838379	-164.281265
1924.530029	-163.818710
1927.221680	-163.637131
1929.913330	-163.566467
1932.604980	-163.192322
1935.296631	-162.857758
1937.988281	-162.656937
1940.679932	-162.293182
1943.371582	-162.133408
1946.063232	-161.950684
1948.754883	-161.524048
1951.446533	-161.368179
1954.138184	-160.970184
1956.829834	-160.789200
1959.521484	-160.419693
1962.213135	-160.123367
1964.904785	-159.937469
1967.596436	-159.501511
1970.288086	-159.107162
1972.979736	-159.138657
1975.671387	-158.613403
1978.363037	-158.280518
1981.054688	-158.013199
1983.746338	-157.677856
1986.437988	-157.359558
1989.129639	-157.099304
1991.821289	-156.633850
1994.512939	-156.339462
1997.204590	-156.000870
1999.896240	-155.630280
2002.587891	-155.275269
2005.279541	-154.908829
2007.971191	-154.634583
2010.662842	-154.161163
2013.354492	-153.808548
2016.046143	-153.437759
2018.737793	-153.041840
2021.429443	-152.642044
2024.121094	-152.259201
2026.812744	-151.872177
2029.504395	-151.444244
2032.196045	-151.107544
2034.887695	-150.591858
2037.579346	-150.169098
2040.270996	-149.750748
2042.962646	-149.297211
2045.654297	-148.820160
2048.345947	-148.352859
2051.037598	-147.897415
2053.729248	-147.433655
2056.420898	-146.900406
2059.112549	-146.451660
2061.804199	-145.921295
2064.495850	-145.408173
2067.187500	-144.880249
2069.879150	-144.340057
2072.570801	-143.807205
2075.262451	-143.227371
2077.954102	-142.660828
2080.645752	-142.074402
2083.337402	-141.471817
2086.029053	-140.863297
2088.720703	-140.242630
2091.412354	-139.597580
2094.104004	-138.935364
2096.795654	-138.265472
2099.487305	-137.572250
2102.178955	-136.859894
2104.870605	-136.125870
2107.562256	-135.374771
2110.253906	-134.601181
2112.945557	-133.809402
2115.637207	-132.981445
2118.328857	-132.135483
2121.020508	-131.248657
2123.712158	-130.348160
2126.403809	-129.408173
2129.095459	-128.432968
2131.787109	-127.416138
2134.478760	-126.365082
2137.170410	-125.265236
2139.862061	-124.119537
2142.553711	-122.921547
2145.245361	-121.664467
2147.937012	-120.309753
2150.628662	-118.919342
2153.320312	-117.482040
2156.011963	-115.932808
2158.703613	-114.279800
2161.395264	-112.516808
2164.086914	-110.621269
2166.778564	-108.579163
2169.470215	-106.363068
2172.161865	-103.940697
2174.853516	-101.268875
2177.545166	-98.289368
2180.236816	-94.921654
2182.928467	-91.046875
2185.620117	-86.481026
2188.311768	-80.913437
2191.003418	-73.748131
2193.695068	-63.547047
2196.386719	-43.748680
2199.078369	-32.721127
2201.770020	-34.552113
2204.461670	-52.337635
2207.153320	-67.240509
2209.844971	-76.210960
2212.536621	-82.770370
2215.228271	-87.969322
2217.919922	-92.284424
2220.611572	-95.976173
2223.303223	-99.203705
2225.994873	-102.071419
2228.686523	-104.652100
2231.378174	-106.998428
2234.069824	-109.149040
2236.761475	-111.134583
2239.453125	-112.979027
2242.144775	-114.699333
2244.836426	-116.312180
2247.528076	-116.565437
2250.219727	-115.205299
2252.911377	-119.178741
2255.603027	-121.918777
2258.294678	-123.149963
2260.986328	-124.324844
2263.677979	-125.446815
2266.369629	-126.524399
2269.061279	-127.557762
2271.752930	-128.551132
2274.444580	-129.506500
2277.136230	-130.430557
2279.827881	-131.319473
2282.519531	-132.185196
2285.211182	-133.014374
2287.902832	-133.828140
2290.594482	-134.609604
2293.286133	-135.371902
2295.977783	-136.099380
2298.669434	-136.826706
2301.361084	-137.523468
2304.052734	-138.206787
2306.744385	-138.861069
2309.436035	-139.514603
2312.127686	-140.144180
2314.819336	-140.744308
2317.510986	-141.341217
2320.202637	-141.942871
2322.894287	-142.523697
2325.585938	-143.076004
2328.277588	-143.620804
2330.969238	-144.150711
2333.660889	-144.701675
2336.352539	-145.154510
2339.044189	-145.738785
2341.735840	-146.205597
2344.427490	-146.712616
2347.119141	-147.161652
2349.810791	-147.660736
2352.502441	-148.082611
2355.194092	-148.538620
2357.885742	-149.016922
2360.577393	-149.399658
2363.269043	-149.880768
2365.960693	-150.318130
2368.652344	-150.705276
2371.343994	-151.142349
2374.035645	-151.509216
2376.727295	-151.949112
2379.418945	-152.313339
2382.110596	-152.688477
2384.802246	-153.077240
2387.493896	-153.435043
2390.185547	-153.779083
2392.877197	-154.145676
2395.568848	-154.575134
2398.260498	-154.937881
2400.952148	-155.196976
2403.643799	-155.627731
2406.335449	-155.888596
2409.027100	-156.227509
2411.718750	-156.589676
2414.410400	-156.892685
2417.102051	-157.255554
2419.793701	-157.607666
2422.485352	-157.805908
2425.177002	-158.186905
2427.868652	-158.457550
2430.560303	-158.666382
2433.251953	-159.054413
2435.943604	-159.342560
2438.635254	-159.661850
2441.326904	-159.839844
2444.018555	-160.303116
2446.710205	-160.373016
2449.401855	-160.823135
2452.093506	-161.096954
2454.785156	-161.403046
2457.476807	-161.600296
2460.168457	-161.930710
2462.860107	-162.155029
2465.551758	-162.538147
2468.243408	-162.684952
2470.935059	-163.038620
2473.626709	-163.143402
2476.318359	-163.318314
2479.010010	-163.622849
2481.701660	-163.838928
2484.393311	-164.300735
2487.084961	-164.345566
2489.776611	-164.546371
2492.468262	-164.810913
2495.159912	-165.105469
2497.851562	-165.357605
2500.543213	-165.571228
2503.234863	-166.042465
2505.926514	-165.171570
2508.618164	-165.664764
2511.309814	-166.055557
2514.001465	-166.496368
2516.693115	-166.947464
2519.384766	-166.982315
2522.076416	-167.212463
2524.768066	-167.258087
2527.459717	-167.500076
2530.151367	-167.836517
2532.843018	-167.795837
2535.534668	-167.972534
2538.226318	-168.128067
2540.917969	-168.265060
2543.609619	-168.252090
2546.301270	-168.433228
2548.992920	-168.781387
2551.684570	-168.884094
2554.376221	-168.631531
2557.067871	-168.515945
2559.759521	-168.405182
2562.451172	-168.144226
2565.142822	-167.772476
2567.834473	-167.221344
2570.526123	-166.748413
2573.217773	-165.609955
2575.909424	-164.651398
2578.601074	-163.841080
2581.292725	-162.181137
2583.984375	-160.483002
2586.676025	-158.390244
2589.367676	-155.970688
2592.059326	-153.285690
2594.750977	-150.028671
2597.442627	-146.384247
2600.134277	-141.982727
2602.825928	-136.660309
2605.517578	-129.873337
2608.209229	-120.422966
2610.900879	-103.853844
2613.592529	-89.397873
2616.284180	-89.132568
2618.975830	-102.634766
2621.667480	-119.892250
2624.359131	-129.516571
2627.050781	-136.320770
2629.742432	-141.237793
2632.434082	-144.030609
2635.125732	-144.290527
2637.817383	-142.739792
2640.509033	-140.247879
2643.200684	-137.241928
2645.892334	-133.773941
2648.583984	-129.739517
2651.275635	-124.950653
2653.967285	-119.049026
2656.658936	-111.318832
2659.350586	-99.863350
2662.042236	-69.900124
2664.733887	-62.560192
2667.425537	-67.319069
2670.117188	-96.624680
2672.808838	-109.333153
2675.500488	-117.539078
2678.192139	-123.680328
2680.883789	-128.621826
2683.575439	-132.751846
2686.267090	-136.305557
2688.958740	-139.418091
2691.650391	-142.200348
2694.342041	-144.694763
2697.033691	-146.929932
2699.725342	-149.126831
2702.416992	-151.069260
2705.108643	-152.824310
2707.800293	-154.520432
2710.491943	-156.033737
2713.183594	-157.377563
2715.875244	-158.511322
2718.566895	-160.194672
2721.258545	-161.483856
2723.950195	-162.396500
2726.641846	-163.528168
2729.333496	-164.792038
2732.025146	-165.787079
2734.716797	-166.489975
2737.408447	-167.480087
2740.100098	-168.375015
2742.791748	-168.704666
2745.483398	-169.388580
2748.175049	-169.242584
2750.866699	-170.401627
2753.558350	-171.096344
2756.250000	-171.088181
2758.941650	-171.729874
2761.633301	-171.420929
2764.324951	-171.261475
2767.016602	-171.332230
2769.708252	-171.798706
2772.399902	-171.812241
2775.091553	-171.689163
2777.783203	-171.647369
2780.474854	-171.727798
2783.166504	-171.380478
2785.858154	-171.093079
2788.549805	-171.151169
2791.241455	-171.199402
2793.933105	-170.860870
2796.624756	-170.615616
2799.316406	-170.268539
2802.008057	-170.032288
2804.699707	-170.125244
2807.391357	-169.818466
2810.083008	-169.271683
2812.774658	-169.079315
2815.466309	-168.698883
2818.157959	-168.871841
2820.849609	-168.493835
2823.541260	-168.225433
2826.232910	-168.086243
2828.924561	-167.323700
2831.616211	-167.500031
2834.307861	-167.052170
2836.999512	-166.751205
2839.691162	-166.478836
2842.382812	-166.175201
2845.074463	-165.839401
2847.766113	-165.604141
2850.457764	-165.581360
2853.149414	-164.480377
2855.841064	-164.636276
2858.532715	-164.351135
2861.224365	-164.113205
2863.916016	-163.956955
2866.607666	-163.354843
2869.299316	-163.062210
2871.990967	-162.816391
2874.682617	-162.369476
2877.374268	-162.063431
2880.065918	-161.724045
2882.757568	-161.375046
2885.449219	-160.949005
2888.140869	-160.621506
2890.832520	-160.222824
2893.524170	-159.929306
2896.215820	-159.349258
2898.907471	-159.129013
2901.599121	-158.684494
2904.290771	-158.370422
2906.982422	-157.929092
2909.674072	-157.460510
2912.365723	-157.011932
2915.057373	-156.571930
2917.749023	-156.053497
2920.440674	-155.728333
2923.132324	-155.268539
2925.823975	-154.804214
2928.515625	-154.399658
2931.207275	-153.904083
2933.898926	-153.440628
2936.590576	-152.866882
2939.282227	-152.491638
2941.973877	-151.932495
2944.665527	-151.412033
2947.357178	-150.854675
2950.048828	-150.349915
2952.740479	-149.791153
2955.432129	-149.225601
2958.123779	-148.627014
2960.815430	-148.076218
2963.507080	-147.466812
2966.198730	-146.850693
2968.890381	-146.205551
2971.582031	-145.575546
2974.273682	-144.904846
2976.965332	-144.232330
2979.656982	-143.522903
2982.348633	-142.824371
2985.040283	-142.088913
2987.731934	-141.322708
2990.423584	-140.556030
2993.115234	-139.743240
2995.806885	-138.921310
2998.498535	-138.069809
3001.190186	-137.200989
3003.881836	-136.303574
3006.573486	-135.351349
3009.265137	-134.359146
3011.956787	-133.332672
3014.648438	-132.276108
3017.340088	-131.173523
3020.031738	-130.021591
3022.723389	-128.820480
3025.415039	-127.554771
3028.106689	-126.172310
3030.798340	-124.778847
3033.489990	-123.351715
3036.181641	-121.797249
3038.873291	-120.134285
3041.564941	-118.358864
3044.256592	-116.455688
3046.948242	-114.401405
3049.639893	-112.170738
3052.331543	-109.731895
3055.023193	-107.040627
3057.714844	-104.037476
3060.406494	-100.639809
3063.098145	-96.725838
3065.789795	-92.105957
3068.481445	-86.457764
3071.173096	-79.156654
3073.864746	-68.662827
3076.556396	-47.259266
3079.248047	-37.263023
3081.939697	-39.835594
3084.631348	-59.589050
3087.322998	-73.843079
3090.014648	-82.604126
3092.706299	-89.054260
3095.397949	-94.184677
3098.089600	-98.452309
3100.781250	-102.108833
3103.472900	-105.309135
3106.164551	-108.155106
3108.856201	-110.717644
3111.547852	-113.048668
3114.239502	-115.186378
3116.931152	-117.160576
3119.622803	-118.993073
3122.314453	-120.704018
3125.006104	-122.271729
3127.697754	-116.602509
3130.389404	-113.002129
3133.081055	-120.183868
3135.772705	-127.855675
3138.464355	-129.113663
3141.156006	-130.287079
3143.847656	-131.402832
3146.539307	-132.477936
3149.230957	-133.497070
3151.922607	-134.498199
3154.614258	-135.454971
3157.305908	-136.367172
3159.997559	-137.255829
3162.689209	-138.103745
3165.380859	-138.935532
3168.072510	-139.741241
3170.764160	-140.524658
3173.455811	-141.263489
3176.147461	-142.012268
3178.839111	-142.730118
3181.530762	-143.422745
3184.222412	-144.111374
3186.914062	-144.756851
3189.605713	-145.394592
3192.297363	-145.971817
3194.989014	-146.461975
3197.680664	-147.185501
3200.372314	-147.817474
3203.063965	-148.394196
3205.755615	-148.944275
3208.447266	-149.488953
3211.138916	-150.060516
3213.830566	-150.580612
3216.522217	-151.090118
3219.213867	-151.589996
3221.905518	-152.024551
3224.597168	-152.558365
3227.288818	-153.040176
3229.980469	-153.503708
3232.672119	-153.928925
3235.363770	-154.399933
3238.055420	-154.844254
3240.747070	-155.247269
3243.438721	-155.710480
3246.130371	-156.136520
3248.822021	-156.609482
3251.513672	-156.958588
3254.205322	-157.332611
3256.896973	-157.687973
3259.588623	-157.972855
3262.280273	-158.617737
3264.971924	-159.019958
3267.663574	-159.280762
3270.355225	-159.543076
3273.046875	-159.990814
3275.738525	-160.379044
3278.430176	-160.721710
3281.121826	-161.095627
3283.813477	-161.444595
3286.505127	-161.709290
3289.196777	-162.077103
3291.888428	-162.386810
3294.580078	-162.648636
3297.271729	-163.064133
3299.963379	-163.337326
3302.655029	-163.604507
3305.346680	-164.058121
3308.038330	-164.243301
3310.729980	-164.360443
3313.421631	-164.260818
3316.113281	-165.353745
3318.804932	-165.520813
3321.496582	-165.848663
3324.188232	-166.129608
3326.879883	-166.491699
3329.571533	-166.545761
3332.263184	-166.937820
3334.954834	-167.137894
3337.646484	-167.396103
3340.338135	-167.644150
3343.029785	-167.879074
3345.721436	-168.222946
3348.413086	-168.101700
3351.104736	-167.640427
3353.796387	-168.637543
3356.488037	-169.391998
3359.179688	-169.418320
3361.871338	-169.678772
3364.562988	-169.834808
3367.254639	-169.889191
3369.946289	-169.458038
3372.637939	-170.380463
3375.329590	-170.641937
3378.021240	-170.836884
3380.712891	-171.226349
3383.404541	-171.535767
3386.096191	-170.931900
3388.787842	-171.263306
3391.479492	-171.936356
3394.171143	-172.410980
3396.862793	-172.650146
3399.554443	-172.777603
3402.246094	-172.538757
3404.937744	-172.974579
3407.629395	-173.307037
3410.321045	-172.545471
3413.012695	-173.789429
3415.704346	-173.996613
3418.395996	-174.104080
3421.087646	-174.277115
3423.779297	-174.150406
3426.470947	-174.027603
3429.162598	-174.753159
3431.854248	-174.178513
3434.545898	-173.090744
3437.237549	-172.572083
3439.929199	-173.706787
3442.620850	-173.609039
3445.312500	-173.103165
3448.004150	-172.639954
3450.695801	-171.889786
3453.387451	-171.528870
3456.079102	-169.730270
3458.770752	-168.472076
3461.462402	-166.691956
3464.154053	-165.016464
3466.845703	-162.593414
3469.537354	-160.187469
3472.229004	-157.340866
3474.920654	-154.143066
3477.612305	-150.404495
3480.303955	-145.937378
3482.995605	-140.567581
3485.687256	-133.650391
3488.378906	-123.951378
3491.070557	-106.421494
3493.762207	-93.261703
3496.453857	-93.726234
3499.145508	-108.561325
3501.837158	-124.893433
3504.528809	-134.272125
3507.220459	-140.955460
3509.912109	-145.839157
3512.603760	-148.678802
3515.295410	-148.998871
3517.987061	-147.407333
3520.678711	-144.921310
3523.370361	-141.801559
3526.062012	-138.280899
3528.753662	-134.171768
3531.445312	-129.282852
3534.136963	-123.255608
3536.828613	-115.327835
3539.520264	-103.453865
3542.211914	-64.776482
3544.903564	-58.288208
3547.595215	-63.843132
3550.286865	-102.076912
3552.978516	-114.299957
3555.670166	-122.297508
3558.361816	-128.315430
3561.053467	-133.151642
3563.745117	-137.196289
3566.436768	-140.684189
3569.128418	-143.748413
3571.820068	-146.473557
3574.511719	-148.924484
3577.203369	-151.142319
3579.895020	-153.160828
3582.586670	-155.105499
3585.278320	-156.699524
3587.969971	-158.479706
3590.661621	-160.005753
3593.353271	-160.144394
3596.044922	-160.526566
3598.736572	-163.762115
3601.428223	-165.382843
3604.119873	-166.404037
3606.811523	-167.064972
3609.503174	-168.549210
3612.194824	-169.671997
3614.886475	-170.362946
3617.578125	-171.344131
3620.269775	-171.984146
3622.961426	-172.897430
3625.653076	-172.792282
3628.344727	-173.919128
3631.036377	-175.141190
3633.728027	-174.839355
3636.419678	-175.781189
3639.111328	-175.945084
3641.802979	-176.436478
3644.494629	-176.476562
3647.186279	-177.166885
3649.877930	-176.707626
3652.569580	-176.651459
3655.261230	-177.375244
3657.952881	-176.994354
3660.644531	-176.457306
3663.336182	-176.844406
3666.027832	-177.114441
3668.719482	-176.612473
3671.411133	-177.247620
3674.102783	-176.929184
3676.794434	-176.362167
3679.486084	-176.171875
3682.177734	-176.657486
3684.869385	-176.279877
3687.561035	-176.251144
3690.252686	-175.764160
3692.944336	-170.046432
3695.635986	-169.093002
3698.327637	-174.980331
3701.019287	-174.601669
3703.710938	-174.578003
3706.402588	-174.287186
3709.094238	-173.820374
3711.785889	-174.184402
3714.477539	-172.452682
3717.169189	-173.109360
3719.860840	-172.938889
3722.552490	-172.616470
3725.244141	-172.224808
3727.935791	-172.324417
3730.627441	-171.589310
3733.319092	-171.148331
3736.010742	-171.128967
3738.702393	-170.820862
3741.394043	-170.562607
3744.085693	-170.336243
3746.777344	-169.591644
3749.468994	-169.548111
3752.160645	-169.291183
3754.852295	-168.735977
3757.543945	-168.283661
3760.235596	-167.924255
3762.927246	-167.662445
3765.618896	-167.490005
3768.310547	-167.065674
3771.002197	-166.753281
3773.693848	-166.395233
3776.385498	-165.878647
3779.077148	-165.275803
3781.768799	-165.137344
3784.460449	-164.635345
3787.152100	-164.202789
3789.843750	-163.889771
3792.535400	-163.271744
3795.227051	-163.017654
3797.918701	-162.583817
3800.610352	-162.225128
3803.302002	-161.681213
3805.993652	-161.174744
3808.685303	-160.644669
3811.376953	-160.222351
3814.068604	-159.705933
3816.760254	-159.325714
3819.451904	-158.732025
3822.143555	-158.197693
3824.835205	-157.659531
3827.526855	-157.146637
3830.218506	-156.576843
3832.910156	-156.076508
3835.601807	-155.499313
3838.293457	-154.940033
3840.985107	-154.335480
3843.676758	-153.667206
3846.368408	-153.106979
3849.060059	-152.506241
3851.751709	-151.815964
3854.443359	-151.156677
3857.135010	-150.464355
3859.826660	-149.782639
3862.518311	-149.091034
3865.209961	-148.293472
3867.901611	-147.534149
3870.593262	-146.782608
3873.284912	-145.968750
3875.976562	-145.141556
3878.668213	-144.290665
3881.359863	-143.385223
3884.051514	-142.472534
3886.743164	-141.536026
3889.434814	-140.557343
3892.126465	-139.522461
3894.818115	-138.459534
3897.509766	-137.353531
3900.201416	-136.191193
3902.893066	-134.986221
3905.584717	-133.717941
3908.276367	-132.281998
3910.968018	-130.894943
3913.659668	-129.488907
3916.351318	-127.927971
3919.042969	-126.253105
3921.734619	-124.467911
3924.426270	-122.551254
3927.117920	-120.483971
3929.809570	-118.241653
3932.501221	-115.784523
3935.192871	-113.072685
3937.884521	-110.045021
3940.576172	-106.615860
3943.267822	-102.661438
3945.959473	-97.985359
3948.651123	-92.253540
3951.342773	-84.810364
3954.034424	-74.003815
3956.726074	-50.542763
3959.417725	-41.517841
3962.109375	-44.841442
3964.801025	-67.010452
3967.492676	-80.679115
3970.184326	-89.240143
3972.875977	-95.583832
3975.567627	-100.646736
3978.259277	-104.867126
3980.950928	-108.488205
3983.642578	-111.660698
3986.334229	-114.484413
3989.025879	-117.028885
3991.717529	-119.343643
3994.409180	-121.466698
3997.100830	-123.427933
3999.792480	-125.246979
4002.484131	-126.922302
4005.175781	-127.667725
4007.867432	-112.550316
4010.559082	-109.159904
4013.250732	-117.956932
4015.942383	-133.461487
4018.634033	-135.250488
4021.325684	-136.467178
4024.017334	-137.594894
4026.708984	-138.657852
4029.400635	-139.690994
4032.092285	-140.669769
4034.783936	-141.616058
4037.475586	-142.557480
4040.167236	-143.363632
4042.858887	-144.265472
4045.550537	-145.086288
4048.242188	-145.898087
4050.933838	-146.668671
4053.625488	-147.429382
4056.317139	-148.071457
4059.008789	-148.803864
4061.700439	-149.580048
4064.392090	-150.220551
4067.083740	-150.870010
4069.775391	-151.498703
4072.467041	-152.158524
4075.158691	-152.951447
4077.850342	-153.232666
4080.541992	-153.915161
4083.233643	-154.477554
4085.925293	-155.056198
4088.616943	-155.593811
4091.308594	-156.116302
4094.000244	-156.728912
4096.691895	-157.145935
4099.383545	-157.792648
4102.075195	-158.159943
4104.766846	-158.674774
4107.458496	-159.119461
4110.150146	-159.574005
4112.841797	-160.045105
4115.533447	-160.537003
4118.225098	-160.874313
4120.916748	-161.499069
4123.608398	-161.486923
4126.300049	-162.242737
4128.991699	-162.566666
4131.683350	-163.006561
4134.375000	-163.357239
4137.066650	-163.726440
4139.758301	-164.206284
4142.449951	-164.546951
4145.141602	-164.674225
4147.833252	-165.229218
4150.524902	-165.645538
4153.216553	-165.900620
4155.908203	-166.512177
4158.599854	-166.705322
4161.291504	-167.168091
4163.983154	-167.140488
4166.674805	-167.643906
4169.366455	-167.907623
4172.058105	-168.286499
4174.749756	-168.549362
4177.441406	-169.039368
4180.133057	-169.338196
4182.824707	-169.679199
4185.516357	-169.538528
4188.208008	-169.562347
4190.899658	-169.118256
4193.591309	-167.653748
4196.282959	-171.732651
4198.974609	-171.283234
4201.666260	-171.540787
4204.357910	-172.535416
4207.049561	-171.662506
4209.741211	-172.188995
4212.432861	-173.052170
4215.124512	-173.252930
4217.816162	-172.940430
4220.507812	-173.581726
4223.199463	-173.685867
4225.891113	-174.063095
4228.582764	-172.171219
4231.274414	-173.417038
4233.966064	-174.885117
4236.657715	-174.827713
4239.349365	-175.268707
4242.041016	-175.203217
4244.732666	-176.035721
4247.424316	-175.494675
4250.115967	-176.465347
4252.807617	-176.020020
4255.499268	-175.707764
4258.190918	-176.633835
4260.882568	-176.937256
4263.574219	-177.344894
4266.265869	-175.348755
4268.957520	-177.563553
4271.649170	-176.875351
4274.340820	-176.961853
4277.032471	-177.324799
4279.724121	-177.637497
4282.415771	-178.420715
4285.107422	-178.230225
4287.799072	-177.599579
4290.490723	-177.987457
4293.182373	-177.935165
4295.874023	-176.599091
4298.565674	-177.589752
4301.257324	-178.202911
4303.948975	-177.575821
4306.640625	-177.201096
4309.332275	-177.258224
4312.023926	-176.581421
4314.715576	-175.630905
4317.407227	-176.155457
4320.098877	-175.657516
4322.790527	-175.581421
4325.482178	-174.750687
4328.173828	-174.568619
4330.865479	-173.227890
4333.557129	-172.947571
4336.248779	-171.594727
4338.940430	-170.492981
4341.632080	-169.144592
4344.323730	-167.569397
4347.015381	-165.899582
4349.707031	-163.758835
4352.398682	-161.363022
4355.090332	-158.183578
4357.781982	-154.636734
4360.473633	-150.161438
4363.165283	-144.768494
4365.856934	-137.757706
4368.548584	-127.805191
4371.240234	-109.150597
4373.931885	-97.173752
4376.623535	-98.369972
4379.315186	-114.696106
4382.006836	-130.208542
4384.698486	-139.237579
4387.390137	-145.214508
4390.081787	-148.188995
4392.773438	-148.205353
4395.465088	-146.644806
4398.156738	-144.388931
4400.848389	-141.698639
4403.540039	-138.705948
4406.231689	-135.263245
4408.923340	-131.233414
4411.614990	-126.420700
4414.306641	-120.436180
4416.998291	-112.480988
4419.689941	-100.334305
4422.381592	-59.722786
4425.073242	-54.057346
4427.764893	-60.431561
4430.456543	-101.512207
4433.148193	-113.459137
4435.839844	-121.428665
4438.531494	-127.490578
4441.223145	-132.407578
4443.914795	-136.561340
4446.606445	-140.132935
4449.298096	-143.318542
4451.989746	-146.156647
4454.681396	-148.752457
4457.373047	-151.067581
4460.064697	-153.283737
4462.756348	-155.270950
4465.447998	-157.174240
4468.139648	-158.943176
4470.831299	-160.580505
4473.522949	-158.748383
4476.214600	-158.922119
4478.906250	-164.590347
4481.597900	-166.396301
4484.289551	-167.632111
4486.981201	-169.344177
4489.672852	-169.860611
4492.364502	-171.422226
4495.056152	-171.522552
4497.747803	-173.532867
4500.439453	-174.129440
4503.131104	-175.243683
4505.822754	-175.646362
4508.514404	-177.282959
4511.206055	-178.624496
4513.897705	-177.200378
4516.589355	-179.071152
4519.281006	-179.711868
4521.972656	-180.119431
4524.664307	-180.956497
4527.355957	-181.660843
4530.047607	-180.409134
4532.739258	-178.892670
4535.430908	-181.160904
4538.122559	-181.067352
4540.814209	-182.061783
4543.505859	-182.962906
4546.197510	-183.033188
4548.889160	-182.442352
4551.580811	-181.680801
4554.272461	-179.317566
4556.964111	-178.629486
4559.655762	-182.698914
4562.347412	-181.989990
4565.039062	-183.252930
4567.730713	-181.952118
4570.422363	-179.521072
4573.114014	-168.551727
4575.805664	-170.730453
4578.497314	-179.922455
4581.188965	-181.853195
4583.880615	-181.392532
4586.572266	-180.930328
4589.263916	-180.529968
4591.955566	-180.392319
4594.647217	-179.033386
4597.338867	-179.320297
4600.030518	-181.360641
4602.722168	-179.554718
4605.413818	-179.066986
4608.105469	-179.477478
4610.797119	-178.248245
4613.488770	-178.783173
4616.180420	-177.774033
4618.872070	-177.523636
4621.563721	-177.315018
4624.255371	-177.101456
4626.947021	-176.878311
4629.638672	-175.981888
4632.330322	-176.174179
4635.021973	-175.767426
4637.713623	-175.637527
4640.405273	-175.266983
4643.096924	-174.363235
4645.788574	-174.048187
4648.480225	-174.321075
4651.171875	-173.607574
4653.863525	-173.448624
4656.555176	-172.781082
4659.246826	-172.178818
4661.938477	-171.829788
4664.630127	-172.021362
4667.321777	-171.328171
4670.013428	-170.712021
4672.705078	-170.582581
4675.396729	-170.225784
4678.088379	-169.879059
4680.780029	-168.974197
4683.471680	-168.905197
4686.163330	-168.470490
4688.854980	-167.836060
4691.546631	-166.962830
4694.238281	-166.991379
4696.929932	-166.465820
4699.621582	-165.885986
4702.313232	-165.020752
4705.004883	-164.736221
4707.696533	-164.209488
4710.388184	-163.951965
4713.079834	-163.118103
4715.771484	-162.710876
4718.463135	-162.076553
4721.154785	-161.465714
4723.846436	-160.791412
4726.538086	-160.048676
4729.229736	-159.379410
4731.921387	-158.959885
4734.613037	-158.247787
4737.304688	-157.526749
4739.996338	-156.857605
4742.687988	-156.069244
4745.379639	-155.364655
4748.071289	-154.663101
4750.762939	-153.837753
4753.454590	-153.025497
4756.146240	-152.175461
4758.837891	-151.340424
4761.529541	-150.469055
4764.221191	-149.429443
4766.912842	-148.559128
4769.604492	-147.577957
4772.296143	-146.536575
4774.987793	-145.442902
4777.679443	-144.348557
4780.371094	-143.176498
4783.062744	-141.964340
4785.754395	-140.678757
4788.446045	-139.153473
4791.137695	-137.794235
4793.829346	-136.426132
4796.520996	-134.853378
4799.212646	-133.170776
4801.904297	-131.370972
4804.595947	-129.442444
4807.287598	-127.362114
4809.979248	-125.100044
4812.670898	-122.625816
4815.362549	-119.891403
4818.054199	-116.835625
4820.745850	-113.373085
4823.437500	-109.375275
4826.129150	-104.640274
4828.820801	-98.820419
4831.512451	-91.227707
4834.204102	-80.085136
4836.895752	-53.795536
4839.587402	-45.692654
4842.279053	-49.779774
4844.970703	-75.127029
4847.662354	-88.262581
4850.354004	-96.631165
4853.045654	-102.870071
4855.737305	-107.865234
4858.428955	-112.037193
4861.120605	-115.622719
4863.812256	-118.765686
4866.503906	-121.565971
4869.195557	-124.089897
4871.887207	-126.385689
4874.578857	-128.494904
4877.270508	-130.429214
4879.962158	-132.186935
4882.653809	-133.300446
4885.345459	-127.155022
4888.037109	-107.811523
4890.728760	-105.135773
4893.420410	-114.989601
4896.112061	-135.342361
4898.803711	-141.104172
4901.495361	-143.092285
4904.187012	-144.401413
4906.878662	-145.541489
4909.570312	-146.548889
4912.261963	-147.565216
4914.953613	-148.525177
4917.645264	-149.423630
4920.336914	-150.255600
4923.028564	-151.156937
4925.720215	-151.961548
4928.411865	-152.732819
4931.103516	-153.517502
4933.795166	-154.285583
4936.486816	-155.025177
4939.178467	-155.730713
4941.870117	-156.360977
4944.561768	-157.086060
4947.253418	-157.723892
4949.945068	-158.281616
4952.636719	-158.968094
4955.328369	-159.534729
4958.020020	-160.145157
4960.711670	-160.652588
4963.403320	-161.236526
4966.094971	-161.826675
4968.786621	-162.355225
4971.478271	-162.745499
4974.169922	-163.463852
4976.861572	-164.104233
4979.553223	-164.470245
4982.244873	-165.150131
4984.936523	-165.414078
4987.628174	-165.605026
4990.319824	-166.218643
4993.011475	-166.787369
4995.703125	-167.235092
4998.394775	-167.871078
5001.086426	-167.919327
5003.778076	-168.188965
5006.469727	-169.448883
5009.161377	-169.176895
5011.853027	-169.829498
5014.544678	-169.857346
5017.236328	-170.484482
5019.927979	-171.085175
5022.619629	-171.110641
5025.311279	-171.696060
5028.002930	-171.757248
5030.694580	-172.059113
5033.386230	-172.938492
5036.077881	-172.613815
5038.769531	-173.312790
5041.461182	-173.611618
5044.152832	-174.000061
5046.844482	-173.223389
5049.536133	-174.392914
5052.227783	-174.315445
5054.919434	-174.881989
5057.611084	-175.693451
5060.302734	-175.676407
5062.994385	-175.687195
5065.686035	-176.301468
5068.377686	-173.350876
5071.069336	-164.432312
5073.760986	-162.570068
5076.452637	-174.504425
5079.144287	-177.318283
5081.835938	-177.434631
5084.527588	-177.894333
5087.219238	-176.593384
5089.910889	-174.940231
5092.602539	-174.976913
5095.294189	-176.896683
5097.985840	-177.760330
5100.677490	-178.039490
5103.369141	-177.666977
5106.060791	-178.206833
5108.752441	-178.247269
5111.444092	-176.567429
5114.135742	-178.640579
5116.827393	-177.843079
5119.519043	-177.796326
5122.210693	-177.273026
5124.902344	-177.244659
5127.593994	-176.698700
5130.285645	-177.569824
5132.977295	-175.112564
5135.668945	-176.879593
5138.360596	-175.800812
5141.052246	-175.356033
5143.743896	-174.975113
5146.435547	-174.704880
5149.127197	-174.932205
5151.818848	-174.664307
5154.510498	-173.659042
5157.202148	-172.881943
5159.893799	-172.571960
5162.585449	-172.945496
5165.277100	-172.481003
5167.968750	-172.199692
5170.660400	-171.819489
5173.352051	-171.034012
5176.043701	-170.493332
5178.735352	-169.794235
5181.427002	-169.491364
5184.118652	-168.810425
5186.810303	-168.418411
5189.501953	-167.728180
5192.193604	-167.155655
5194.885254	-166.593719
5197.576904	-165.962662
5200.268555	-165.482056
5202.960205	-164.671829
5205.651855	-164.030502
5208.343506	-163.259079
5211.035156	-162.523529
5213.726807	-161.856628
5216.418457	-161.082520
5219.110107	-160.350601
5221.801758	-159.510239
5224.493408	-158.684006
5227.185059	-157.612564
5229.876709	-156.764816
5232.568359	-155.708603
5235.260010	-154.443420
5237.951660	-153.010040
5240.643311	-150.895599
5243.334961	-147.461609
5246.026611	-141.689758
5248.718262	-131.949890
5251.409912	-112.015762
5254.101562	-101.132935
5256.793213	-103.065552
5259.484863	-121.075157
5262.176514	-135.012268
5264.868164	-139.391998
5267.559814	-138.794327
5270.251465	-137.074615
5272.943115	-135.027985
5275.634766	-132.764145
5278.326416	-130.267136
5281.018066	-127.498024
5283.709717	-124.388336
5286.401367	-120.846916
5289.093018	-116.726234
5291.784668	-111.802452
5294.476318	-105.670593
5297.167969	-97.491402
5299.859619	-84.848488
5302.551270	-54.729225
5305.242920	-49.862743
5307.934570	-57.084366
5310.626221	-87.819565
5313.317871	-99.327850
5316.009521	-107.081917
5318.701172	-112.998497
5321.392822	-117.799675
5324.084473	-121.847542
5326.776123	-125.348846
5329.467773	-128.440048
5332.159424	-131.203415
5334.851074	-133.704346
5337.542725	-135.990479
5340.234375	-138.084976
5342.926025	-140.033325
5345.617676	-141.849258
5348.309326	-143.565582
5351.000977	-145.152176
5353.692627	-146.268021
5356.384277	-147.518494
5359.075928	-149.434906
5361.767578	-150.730499
5364.459229	-151.962112
5367.150879	-153.155563
5369.842529	-154.224838
5372.534180	-155.340591
5375.225830	-156.454208
5377.917480	-157.413879
5380.609131	-158.336014
5383.300781	-159.345764
5385.992432	-160.148621
5388.684082	-161.091751
5391.375732	-162.037399
5394.067383	-162.745804
5396.759033	-163.615219
5399.450684	-164.508820
5402.142334	-165.123550
5404.833984	-165.714401
5407.525635	-166.655075
5410.217285	-167.150879
5412.908936	-167.862442
5415.600586	-168.030029
5418.292236	-169.182739
5420.983887	-169.923691
5423.675537	-170.219971
5426.367188	-170.927063
5429.058838	-171.687866
5431.750488	-171.837296
5434.442139	-171.890274
5437.133789	-172.817459
5439.825439	-173.703720
5442.517090	-174.569443
5445.208740	-175.263382
5447.900391	-175.276688
5450.592041	-175.537933
5453.283691	-175.472672
5455.975342	-175.763947
5458.666992	-176.995453
5461.358643	-176.452209
5464.050293	-178.433334
5466.741943	-178.805405
5469.433594	-178.676071
5472.125244	-179.477890
5474.816895	-178.526794
5477.508545	-179.406860
5480.200195	-179.026276
5482.891846	-178.679596
5485.583496	-180.194931
5488.275146	-181.046692
5490.966797	-180.850906
5493.658447	-181.714005
5496.350098	-181.254562
5499.041748	-182.595627
5501.733398	-180.296097
5504.425049	-179.960388
5507.116699	-181.917831
5509.808350	-183.076935
