Frequency (Hz)	Level (dB)
43.066406	-105.050110
86.132812	-104.925499
129.199219	-104.716896
172.265625	-104.433830
215.332031	-104.081123
258.398438	-103.662514
301.464844	-103.186386
344.531250	-102.659370
387.597656	-102.083733
430.664062	-101.465797
473.730469	-100.809692
516.796875	-100.116463
559.863281	-99.390312
602.929688	-98.631248
645.996094	-97.835556
689.062500	-97.011307
732.128906	-96.153519
775.195312	-95.261826
818.261719	-94.335426
861.328125	-93.371483
904.394531	-92.369453
947.460938	-91.325577
990.527344	-90.236465
1033.593750	-89.099594
1076.660156	-87.910072
1119.726562	-86.663101
1162.792969	-85.353043
1205.859375	-83.973602
1248.925781	-82.516373
1291.992188	-80.973434
1335.058594	-79.332085
1378.125000	-77.581192
1421.191406	-75.703209
1464.257812	-73.679153
1507.324219	-71.483780
1550.390625	-69.085541
1593.457031	-66.442497
1636.523438	-63.498573
1679.589844	-60.175465
1722.656250	-56.359241
1765.722656	-51.874016
1808.789062	-46.425983
1851.855469	-39.460163
1894.921875	-29.677629
1937.988281	-11.809592
1981.054688	0.964811
2024.121094	0.268884
2067.187500	-15.018574
2110.253906	-31.083569
2153.320312	-40.399185
2196.386719	-47.134617
2239.453125	-52.442417
2282.519531	-56.832294
2325.585938	-60.579006
2368.652344	-63.848797
2411.718750	-66.750435
2454.785156	-69.358910
2497.851562	-71.728264
2540.917969	-73.898979
2583.984375	-75.901787
2627.050781	-77.760986
2670.117188	-79.495872
2713.183594	-81.121704
2756.250000	-82.651932
2799.316406	-84.096954
2842.382812	-85.465675
2885.449219	-86.765709
2928.515625	-88.004036
2971.582031	-89.185600
3014.648438	-90.315918
3057.714844	-91.398911
3100.781250	-92.438721
3143.847656	-93.437546
3186.914062	-94.400444
3229.980469	-95.328209
3273.046875	-96.223228
3316.113281	-97.089638
3359.179688	-97.927361
3402.246094	-98.735466
3445.312500	-99.520508
3488.378906	-100.282303
3531.445312	-101.020218
3574.511719	-101.735558
3617.578125	-102.431076
3660.644531	-103.106400
3703.710938	-103.759254
3746.777344	-104.392578
3789.843750	-105.007324
3832.910156	-105.599030
3875.976562	-106.170654
3919.042969	-106.717621
3962.109375	-107.242485
4005.175781	-107.734978
4048.242188	-108.200989
4091.308594	-108.629196
4134.375000	-109.017967
4177.441406	-109.359856
4220.507812	-109.648384
4263.574219	-109.874870
4306.640625	-110.034279
4349.707031	-110.111252
4392.773438	-110.107666
4435.839844	-110.010674
4478.906250	-109.821251
4521.972656	-109.535233
4565.039062	-109.154297
4608.105469	-108.685081
4651.171875	-108.131050
4694.238281	-107.496506
4737.304688	-106.787697
4780.371094	-106.017029
4823.437500	-105.174980
4866.503906	-104.276382
4909.570312	-103.321312
4952.636719	-102.310959
4995.703125	-101.244026
5038.769531	-100.119629
5081.835938	-98.936981
5124.902344	-97.691582
5167.968750	-96.378929
5211.035156	-94.993484
5254.101562	-93.527626
5297.167969	-91.972153
5340.234375	-90.318268
5383.300781	-88.551117
5426.367188	-86.654488
5469.433594	-84.608727
5512.500000	-82.388115
5555.566406	-79.960060
5598.632812	-77.281296
5641.699219	-74.293579
5684.765625	-70.915176
5727.832031	-67.026489
5770.898438	-62.441391
5813.964844	-56.845119
5857.031250	-49.631630
5900.097656	-39.327385
5943.164062	-18.991913
5986.230469	-8.343081
6029.296875	-10.439866
6072.363281	-28.893410
6115.429688	-43.554783
6158.496094	-52.448742
6201.562500	-58.968479
6244.628906	-64.142624
6287.695312	-68.440590
6330.761719	-72.119720
6373.828125	-75.337341
6416.894531	-78.197205
6459.960938	-80.771545
6503.027344	-83.112114
6546.093750	-85.258209
6589.160156	-87.239502
6632.226562	-89.079880
6675.292969	-90.796814
6718.359375	-92.408493
6761.425781	-93.924606
6804.492188	-95.356834
6847.558594	-96.713646
6890.625000	-98.002350
6933.691406	-99.230049
6976.757812	-100.401810
7019.824219	-101.522644
7062.890625	-102.596161
7105.957031	-103.626938
7149.023438	-104.616531
7192.089844	-105.570465
7235.156250	-106.489433
7278.222656	-107.374756
7321.289062	-108.230392
7364.355469	-109.057846
7407.421875	-109.858719
7450.488281	-110.633347
7493.554688	-111.380768
7536.621094	-112.110855
7579.687500	-112.813164
7622.753906	-113.493080
7665.820312	-114.149902
7708.886719	-114.787773
7751.953125	-115.398071
7795.019531	-115.985489
7838.085938	-116.547066
7881.152344	-117.081299
7924.218750	-117.584862
7967.285156	-118.059708
8010.351562	-118.487831
8053.417969	-118.869202
8096.484375	-119.218132
8139.550781	-119.499374
8182.617188	-119.720253
8225.683594	-119.870613
8268.750000	-119.938782
8311.816406	-119.928589
8354.882812	-119.826241
8397.949219	-119.637184
8441.015625	-119.354919
8484.082031	-118.988182
8527.148438	-118.534752
8570.214844	-118.005257
8613.281250	-117.402641
8656.347656	-116.732292
8699.414062	-116.002747
8742.480469	-115.212639
8785.546875	-114.376434
8828.613281	-113.483566
8871.679688	-112.539436
8914.746094	-111.549286
8957.812500	-110.510361
9000.878906	-109.417992
9043.945312	-108.269897
9087.011719	-107.069748
9130.078125	-105.806206
9173.144531	-104.476402
9216.210938	-103.074043
9259.277344	-101.591110
9302.343750	-100.019104
9345.410156	-98.345985
9388.476562	-96.558380
9431.542969	-94.639595
9474.609375	-92.569275
9517.675781	-90.320511
9560.742188	-87.859535
9603.808594	-85.142052
9646.875000	-82.107315
9689.941406	-78.669937
9733.007812	-74.704063
9776.074219	-70.012718
9819.140625	-64.257919
9862.207031	-56.775826
9905.273438	-45.882229
9948.339844	-21.763554
9991.406250	-12.988492
10034.472656	-16.513958
10077.539062	-39.434792
10120.605469	-52.956890
10163.671875	-61.466061
10206.738281	-67.781715
10249.804688	-72.826714
10292.871094	-77.034378
10335.937500	-80.646179
10379.003906	-83.810768
10422.070312	-86.627480
10465.136719	-89.167412
10508.203125	-91.477982
10551.269531	-93.598129
10594.335938	-95.556396
10637.402344	-97.376114
10680.468750	-99.075668
10723.535156	-100.670372
10766.601562	-102.170525
10809.667969	-103.589012
10852.734375	-104.932297
10895.800781	-106.209244
10938.867188	-107.425308
10981.933594	-108.585663
11025.000000	-109.695900
11068.066406	-110.761223
11111.132812	-111.781807
11154.199219	-112.761658
11197.265625	-113.709778
11240.332031	-114.621094
11283.398438	-115.499504
11326.464844	-116.351418
11369.531250	-117.171005
11412.597656	-117.966232
11455.664062	-118.737869
11498.730469	-119.483551
11541.796875	-120.210609
11584.863281	-120.913086
11627.929688	-121.593987
11670.996094	-122.261513
11714.062500	-122.899200
11757.128906	-123.510643
11800.195312	-124.123154
11843.261719	-124.713531
11886.328125	-125.274742
11929.394531	-125.823448
11972.460938	-126.342033
12015.527344	-126.830391
12058.593750	-127.305939
12101.660156	-127.755760
12144.726562	-128.149704
12187.792969	-128.503632
12230.859375	-128.832458
12273.925781	-129.090698
12316.992188	-129.304276
12360.058594	-129.422867
12403.125000	-129.484512
12446.191406	-129.438766
12489.257812	-129.316071
12532.324219	-129.079636
12575.390625	-128.760757
12618.457031	-128.333725
12661.523438	-127.816399
12704.589844	-127.199615
12747.656250	-126.505608
12790.722656	-125.730835
12833.789062	-124.895737
12876.855469	-123.981682
12919.921875	-123.016968
12962.988281	-121.983047
13006.054688	-120.878975
13049.121094	-119.734306
13092.187500	-118.524979
13135.253906	-117.242027
13178.320312	-115.894806
13221.386719	-114.467918
13264.453125	-112.960037
13307.519531	-111.363190
13350.585938	-109.656029
13393.652344	-107.838509
13436.718750	-105.885536
13479.785156	-103.777237
13522.851562	-101.486961
13565.917969	-98.980629
13608.984375	-96.211006
13652.050781	-93.115334
13695.117188	-89.604668
13738.183594	-85.546791
13781.250000	-80.731979
13824.316406	-74.797394
13867.382812	-67.013107
13910.449219	-55.437489
13953.515625	-23.610115
13996.582031	-16.537031
14039.648438	-21.539928
14082.714844	-52.801491
14125.781250	-65.361923
14168.847656	-73.507820
14211.914062	-79.619957
14254.980469	-84.530128
14298.046875	-88.639412
14341.113281	-92.173531
14384.179688	-95.257965
14427.246094	-98.015945
14470.312500	-100.533432
14513.378906	-102.802605
14556.445312	-104.886055
14599.511719	-106.810715
14642.578125	-108.600014
14685.644531	-110.271019
14728.710938	-111.834518
14771.777344	-113.309532
14814.843750	-114.702026
14857.910156	-116.020477
14900.976562	-117.273247
14944.042969	-118.467216
14987.109375	-119.605995
15030.175781	-120.689354
15073.242188	-121.732956
15116.308594	-122.736031
15159.375000	-123.694221
15202.441406	-124.618080
15245.507812	-125.505219
15288.574219	-126.366043
15331.640625	-127.192886
15374.707031	-127.992790
15417.773438	-128.774582
15460.839844	-129.508972
15503.906250	-130.230743
15546.972656	-130.926926
15590.039062	-131.588776
15633.105469	-132.234726
15676.171875	-132.872620
15719.238281	-133.470398
15762.304688	-134.014755
15805.371094	-134.596222
15848.437500	-135.121246
15891.503906	-135.599442
15934.570312	-136.020538
15977.636719	-136.507248
16020.703125	-136.864838
16063.769531	-137.210129
16106.835938	-137.506180
16149.902344	-137.751221
16192.968750	-137.930237
16236.035156	-138.008911
16279.101562	-138.068130
16322.167969	-138.016907
16365.234375	-137.904144
16408.300781	-137.712418
16451.367188	-137.430786
16494.433594	-137.052933
16537.500000	-136.645599
16580.566406	-136.145645
16623.632812	-135.580048
16666.699219	-134.949051
16709.765625	-134.254028
16752.832031	-133.502838
16795.898438	-132.712219
16838.964844	-131.882278
16882.031250	-130.980331
16925.097656	-130.037918
16968.164062	-129.052643
17011.230469	-128.001328
17054.296875	-126.892181
17097.363281	-125.738808
17140.429688	-124.510612
17183.496094	-123.228111
17226.562500	-121.863876
17269.628906	-120.420952
17312.695312	-118.880974
17355.761719	-117.236427
17398.828125	-115.477158
17441.894531	-113.583740
17484.960938	-111.529350
17528.027344	-109.291351
17571.093750	-106.829094
17614.160156	-104.101303
17657.226562	-101.037773
17700.292969	-97.545822
17743.359375	-93.486031
17786.425781	-88.637131
17829.492188	-82.606995
17872.558594	-74.590637
17915.625000	-62.326542
17958.691406	-25.225378
18001.757812	-19.734245
18044.824219	-26.288792
18087.890625	-63.833794
18130.957031	-75.669029
18174.023438	-83.575966
18217.089844	-89.591240
18260.156250	-94.468086
18303.222656	-98.577385
18346.289062	-102.113037
18389.355469	-104.896896
18432.421875	-107.720062
18475.488281	-110.618423
18518.554688	-112.949905
18561.621094	-115.090698
18604.687500	-117.082909
18647.753906	-118.934608
18690.820312	-120.678192
18733.886719	-122.301437
18776.953125	-123.849121
18820.019531	-125.312775
18863.085938	-126.695518
18906.152344	-128.011353
18949.218750	-129.271835
18992.285156	-130.462646
19035.351562	-131.598969
19078.417969	-132.689163
19121.484375	-133.718750
19164.550781	-134.683685
19207.617188	-135.601974
19250.683594	-136.441772
19293.750000	-137.235306
19336.816406	-137.970703
19379.882812	-138.629868
19422.949219	-139.152267
19466.015625	-139.591629
19509.082031	-139.950333
19552.148438	-140.198059
19595.214844	-140.369019
19638.281250	-140.417892
19681.347656	-140.388580
19724.414062	-140.254135
19767.480469	-140.081131
19810.546875	-139.819290
19853.613281	-139.503632
19896.679688	-139.146683
19939.746094	-138.709885
19982.812500	-138.278259
20025.878906	-137.714203
20068.945312	-137.141815
20112.011719	-136.778366
20155.078125	-136.220215
20198.144531	-135.635773
20241.210938	-135.047668
20284.277344	-134.416809
20327.343750	-133.789627
20370.410156	-133.117111
20413.476562	-132.462479
20456.542969	-131.755280
20499.609375	-131.026154
20542.675781	-130.280548
20585.742188	-129.520233
20628.808594	-128.723373
20671.875000	-127.905853
20714.941406	-127.058487
20758.007812	-126.181877
20801.074219	-125.276787
20844.140625	-124.329193
20887.207031	-123.353897
20930.273438	-122.341385
20973.339844	-121.277199
21016.406250	-120.167648
21059.472656	-119.012856
21102.539062	-117.804306
21145.605469	-116.529442
21188.671875	-115.192863
21231.738281	-113.779358
21274.804688	-112.284088
21317.871094	-110.696289
21360.937500	-109.004700
21404.003906	-107.192307
21447.070312	-105.243645
21490.136719	-103.131882
21533.203125	-100.831627
21576.269531	-98.305534
21619.335938	-95.502968
21662.402344	-92.355598
21705.468750	-88.766098
21748.535156	-84.588013
21791.601562	-79.584259
21834.667969	-73.332649
21877.734375	-64.940826
21920.800781	-51.742542
21963.867188	-26.843723
22006.933594	-22.850723
22050.000000	-31.064077
22093.066406	-56.947258
22136.132812	-68.047356
22179.199219	-75.621239
22222.265625	-81.430054
22265.332031	-86.157646
22308.398438	-90.150185
22351.464844	-93.599503
22394.531250	-96.554222
22437.597656	-99.319656
22480.664062	-101.863518
22523.730469	-104.123604
22566.796875	-106.202843
22609.863281	-108.130760
22652.929688	-109.927193
22695.996094	-111.607613
22739.062500	-113.187828
22782.128906	-114.679886
22825.195312	-116.089874
22868.261719	-117.430931
22911.328125	-118.702248
22954.394531	-119.918640
22997.460938	-121.083366
23040.527344	-122.192711
23083.593750	-123.252861
23126.660156	-124.278961
23169.726562	-125.264351
23212.792969	-126.207672
23255.859375	-127.110428
23298.925781	-127.982719
23341.992188	-128.823730
23385.058594	-129.622833
23428.125000	-130.377853
23471.191406	-131.103165
23514.257812	-131.801987
23557.324219	-132.436371
23600.390625	-133.029404
23643.457031	-133.580688
23686.523438	-134.057480
23729.589844	-134.484085
23772.656250	-134.853088
23815.722656	-135.115143
23858.789062	-135.329727
23901.855469	-135.428314
23944.921875	-135.463715
23987.988281	-135.391861
24031.054688	-135.164429
24074.121094	-134.909836
24117.187500	-134.759079
24160.253906	-134.392242
24203.320312	-133.994537
24246.386719	-133.526917
24289.453125	-133.004440
24332.519531	-132.464081
24375.585938	-131.860870
24418.652344	-131.211487
24461.718750	-130.550034
24504.785156	-129.854813
24547.851562	-129.129318
24590.917969	-128.374710
24633.984375	-127.580688
24677.050781	-126.766533
24720.117188	-125.923447
24763.183594	-125.040230
24806.250000	-124.127312
24849.316406	-123.178848
24892.382812	-122.194489
24935.449219	-121.164703
24978.515625	-120.094193
25021.582031	-118.978622
25064.648438	-117.811874
25107.714844	-116.585808
25150.781250	-115.300301
25193.847656	-113.947723
25236.914062	-112.520386
25279.980469	-111.007416
25323.046875	-109.402557
25366.113281	-107.690453
25409.179688	-105.856766
25452.246094	-103.880951
25495.312500	-101.743454
25538.378906	-99.411728
25581.445312	-96.849304
25624.511719	-94.002388
25667.578125	-90.801590
25710.644531	-87.143845
25753.710938	-82.874931
25796.777344	-77.742508
25839.843750	-71.289291
25882.910156	-62.522377
25925.976562	-48.250584
25969.042969	-28.559057
26012.109375	-26.007984
26055.175781	-36.032986
26098.242188	-57.385010
26141.308594	-67.870125
26184.375000	-75.167259
26227.441406	-80.813087
26270.507812	-85.431374
26313.574219	-89.344193
26356.640625	-92.720993
26399.707031	-95.582108
26442.773438	-98.357300
26485.839844	-100.872238
26528.906250	-103.101555
26571.972656	-105.156075
26615.039062	-107.059189
26658.105469	-108.833855
26701.171875	-110.495476
26744.238281	-112.058044
26787.304688	-113.535011
26830.371094	-114.927750
26873.437500	-116.253403
26916.503906	-117.513443
26959.570312	-118.713470
27002.636719	-119.864716
27045.703125	-120.966835
27088.769531	-122.024757
27131.835938	-123.035866
27174.902344	-124.010162
27217.968750	-124.948914
27261.035156	-125.850601
27304.101562	-126.719963
27347.167969	-127.558548
27390.234375	-128.360687
27433.300781	-129.131241
27476.367188	-129.883926
27519.433594	-130.574097
27562.500000	-131.256256
27605.566406	-131.906799
27648.632812	-132.501648
27691.699219	-133.049896
27734.765625	-133.570007
27777.832031	-134.030655
27820.898438	-134.416061
27863.964844	-134.748154
27907.031250	-135.013763
27950.097656	-135.195969
27993.164062	-135.273636
28036.230469	-135.292374
28079.296875	-135.236526
28122.363281	-135.077209
28165.429688	-134.834610
28208.496094	-134.528992
28251.562500	-134.164917
28294.628906	-133.719681
28337.695312	-133.234741
28380.761719	-132.688766
28423.828125	-132.082062
28466.894531	-131.447205
28509.960938	-130.770691
28553.027344	-130.063934
28596.093750	-129.310104
28639.160156	-128.534729
28682.226562	-127.713066
28725.292969	-126.869080
28768.359375	-125.989830
28811.425781	-125.074112
28854.492188	-124.117485
28897.558594	-123.129066
28940.625000	-122.093170
28983.691406	-121.019936
29026.757812	-119.891319
29069.824219	-118.714684
29112.890625	-117.480690
29155.957031	-116.186531
29199.023438	-114.820137
29242.089844	-113.379745
29285.156250	-111.854691
29328.222656	-110.233444
29371.289062	-108.503571
29414.355469	-106.651108
29457.421875	-104.654655
29500.488281	-102.492126
29543.554688	-100.131348
29586.621094	-97.534065
29629.687500	-94.646065
29672.753906	-91.393135
29715.820312	-87.668221
29758.886719	-83.307999
29801.953125	-78.043831
29845.019531	-71.379036
29888.085938	-62.203186
29931.152344	-46.623848
29974.218750	-30.411137
30017.285156	-29.267689
30060.351562	-41.326206
30103.417969	-59.894192
30146.484375	-69.837578
30189.550781	-76.880844
30232.617188	-82.375359
30275.683594	-86.892250
30318.750000	-90.731216
30361.816406	-94.001129
30404.882812	-96.640869
30447.949219	-99.554855
30491.015625	-102.091537
30534.082031	-104.294830
30577.148438	-106.326164
30620.214844	-108.209869
30663.281250	-109.967155
30706.347656	-111.613213
30749.414062	-113.160355
30792.480469	-114.621765
30835.546875	-116.004517
30878.613281	-117.318726
30921.679688	-118.567581
30964.746094	-119.761803
31007.812500	-120.904472
31050.878906	-121.996117
31093.945312	-123.039543
31137.011719	-124.050911
31180.078125	-125.019615
31223.144531	-125.951431
31266.210938	-126.845314
31309.277344	-127.713730
31352.343750	-128.551483
31395.410156	-129.355057
31438.476562	-130.133118
31481.542969	-130.874710
31524.609375	-131.589539
31567.675781	-132.275970
31610.742188	-132.940720
31653.808594	-133.550003
31696.875000	-134.136353
31739.941406	-134.681854
31783.007812	-135.174271
31826.074219	-135.627258
31869.140625	-136.017532
31912.207031	-136.340225
31955.273438	-136.621353
31998.339844	-136.796173
32041.406250	-136.894852
32084.472656	-136.923370
32127.539062	-136.870041
32170.605469	-136.724854
32213.671875	-136.501480
32256.738281	-136.186340
32299.804688	-135.786926
32342.871094	-135.348190
32385.937500	-134.855652
32429.003906	-134.285431
32472.070312	-133.709091
32515.136719	-133.034653
32558.203125	-132.339111
32601.269531	-131.600601
32644.335938	-130.835403
32687.402344	-130.017273
32730.468750	-129.171310
32773.535156	-128.294495
32816.601562	-127.374245
32859.667969	-126.413284
32902.734375	-125.417969
32945.800781	-124.380714
32988.867188	-123.297348
33031.933594	-122.162216
33075.000000	-120.976982
33118.066406	-119.736137
33161.132812	-118.430260
33204.199219	-117.052887
33247.265625	-115.600571
33290.332031	-114.062355
33333.398438	-112.425667
33376.464844	-110.680122
33419.531250	-108.808006
33462.597656	-106.791481
33505.664062	-104.603844
33548.730469	-102.214966
33591.796875	-99.582520
33634.863281	-96.653030
33677.929688	-93.346977
33720.996094	-89.553352
33764.062500	-85.099106
33807.128906	-79.696823
33850.195312	-72.806679
33893.261719	-63.179371
33936.328125	-45.945274
33979.394531	-32.416050
34022.460938	-32.665428
34065.527344	-47.092373
34108.593750	-63.683258
34151.660156	-73.143311
34194.726562	-79.950897
34237.792969	-85.302895
34280.859375	-89.722893
34323.925781	-93.490456
34366.992188	-96.460541
34410.058594	-98.534836
34453.125000	-102.036888
34496.191406	-104.688782
34539.257812	-106.870560
34582.324219	-108.879333
34625.390625	-110.745033
34668.457031	-112.484917
34711.523438	-114.115211
34754.589844	-115.650108
34797.656250	-117.099518
34840.722656	-118.471527
34883.789062	-119.773376
34926.855469	-121.013573
34969.921875	-122.197121
35012.988281	-123.334366
35056.054688	-124.406830
35099.121094	-125.454079
35142.187500	-126.455612
35185.253906	-127.417961
35228.320312	-128.342087
35271.386719	-129.243668
35314.453125	-130.099808
35357.519531	-130.937302
35400.585938	-131.739014
35443.652344	-132.511948
35486.718750	-133.255737
35529.785156	-133.984360
35572.851562	-134.664612
35615.917969	-135.335098
35658.984375	-135.963104
35702.050781	-136.574463
35745.117188	-137.124878
35788.183594	-137.672806
35831.250000	-138.144409
35874.316406	-138.602844
35917.382812	-138.972076
35960.449219	-139.297348
36003.515625	-139.557724
36046.582031	-139.743423
36089.648438	-139.841415
36132.714844	-139.862335
36175.781250	-139.804810
36218.847656	-139.667862
36261.914062	-139.410843
36304.980469	-139.110977
36348.046875	-138.729095
36391.113281	-138.284027
36434.179688	-137.721420
36477.246094	-137.157501
36520.312500	-136.544708
36563.378906	-135.867996
36606.445312	-135.124451
36649.511719	-134.377518
36692.578125	-133.574860
36735.644531	-132.727737
36778.710938	-131.850174
36821.777344	-130.930450
36864.843750	-129.971375
36907.910156	-128.969681
36950.976562	-127.925743
36994.042969	-126.826813
37037.109375	-125.695663
37080.175781	-124.500069
37123.242188	-123.248627
37166.308594	-121.930824
37209.375000	-120.545792
37252.441406	-119.079178
37295.507812	-117.524902
37338.574219	-115.873459
37381.640625	-114.113098
37424.707031	-112.222412
37467.773438	-110.182854
37510.839844	-107.969444
37553.906250	-105.551674
37596.972656	-102.885078
37640.039062	-99.910965
37683.105469	-96.550819
37726.171875	-92.685585
37769.238281	-88.133362
37812.304688	-82.585426
37855.371094	-75.453468
37898.437500	-65.323273
37941.503906	-45.878010
37984.570312	-34.579819
38027.636719	-36.225212
38070.703125	-53.565659
38113.769531	-68.643517
38156.835938	-77.668274
38199.902344	-84.255714
38242.968750	-89.472267
38286.035156	-93.798965
38329.101562	-97.483322
38372.167969	-99.129097
38415.234375	-100.022728
38458.300781	-105.491371
38501.367188	-108.528145
38544.433594	-110.694595
38587.500000	-112.684738
38630.566406	-114.532471
38673.632812	-116.253777
38716.699219	-117.871712
38759.765625	-119.390663
38802.832031	-120.829727
38845.898438	-122.188255
38888.964844	-123.483482
38932.031250	-124.714005
38975.097656	-125.889793
39018.164062	-127.008797
39061.230469	-128.093094
39104.296875	-129.120422
39147.363281	-130.119339
39190.429688	-131.071762
39233.496094	-131.980026
39276.562500	-132.878754
39319.628906	-133.742737
39362.695312	-134.554993
39405.761719	-135.367630
39448.828125	-136.141068
39491.894531	-136.889252
39534.960938	-137.603195
39578.027344	-138.281693
39621.093750	-138.966904
39664.160156	-139.619278
39707.226562	-140.257263
39750.292969	-140.826462
39793.359375	-141.378235
39836.425781	-141.897888
39879.492188	-142.390869
39922.558594	-142.846954
39965.625000	-143.212387
40008.691406	-143.551712
40051.757812	-143.807938
40094.824219	-144.003174
40137.890625	-144.161484
40180.957031	-144.209549
40224.023438	-144.161377
40267.089844	-144.012329
40310.156250	-143.814972
40353.222656	-143.517151
40396.289062	-143.139359
40439.355469	-142.719452
40482.421875	-142.168427
40525.488281	-141.573380
40568.554688	-140.815491
40611.621094	-140.195099
40654.687500	-139.517273
40697.753906	-138.695816
40740.820312	-137.854477
40783.886719	-137.009445
40826.953125	-136.091568
40870.019531	-135.118881
40913.085938	-134.115768
40956.152344	-133.071487
40999.218750	-131.969421
41042.285156	-130.823044
41085.351562	-129.621002
41128.417969	-128.359375
41171.484375	-127.029884
41214.550781	-125.630432
41257.617188	-124.153160
41300.683594	-122.585587
41343.750000	-120.918510
41386.816406	-119.133301
41429.882812	-117.224266
41472.949219	-115.160721
41516.015625	-112.924454
41559.082031	-110.472527
41602.148438	-107.768791
41645.214844	-104.748886
41688.281250	-101.331703
41731.347656	-97.391464
41774.414062	-92.734581
41817.480469	-87.032310
41860.546875	-79.638939
41903.613281	-68.942764
41946.679688	-46.257870
41989.746094	-36.903576
42032.812500	-39.966587
42075.878906	-61.236488
42118.945312	-75.100792
42162.011719	-83.729927
42205.078125	-90.110268
42248.144531	-95.195877
42291.210938	-99.430481
42334.277344	-102.808807
42377.343750	-99.619247
42420.410156	-99.829842
42463.476562	-109.578674
42506.542969	-113.870499
42549.609375	-116.064598
42592.675781	-118.042168
42635.742188	-119.869751
42678.808594	-121.581329
42721.875000	-123.178619
42764.941406	-124.682777
42808.007812	-126.104195
42851.074219	-127.454941
42894.140625	-128.736130
42937.207031	-129.957809
42980.273438	-131.120483
43023.339844	-132.232101
43066.406250	-133.305908
43109.472656	-134.328705
43152.539062	-135.310059
43195.605469	-136.258224
43238.671875	-137.183426
43281.738281	-138.062714
43324.804688	-138.876541
43367.871094	-139.743286
43410.937500	-140.542496
43454.003906	-141.263702
43497.070312	-141.999603
43540.136719	-142.765732
43583.203125	-143.458435
43626.269531	-144.171829
43669.335938	-144.816040
43712.402344	-145.438171
43755.468750	-146.068207
43798.535156	-146.627701
43841.601562	-147.193375
43884.667969	-147.716217
43927.734375	-148.274704
43970.800781	-148.729034
44013.867188	-149.100525
44056.933594	-149.509964
44100.000000	-149.932846
44143.066406	-150.151672
44186.132812	-150.401566
44229.199219	-150.626068
44272.265625	-150.756241
44315.332031	-150.727844
44358.398438	-150.654846
44401.464844	-150.409607
44444.531250	-150.217972
44487.597656	-149.840240
44530.664062	-149.391556
44573.730469	-148.805191
44616.796875	-148.323608
44659.863281	-147.620987
44702.929688	-146.847351
44745.996094	-146.048996
44789.062500	-145.238098
44832.128906	-144.333389
44875.195312	-143.425201
44918.261719	-142.370407
44961.328125	-141.330048
45004.394531	-140.262741
45047.460938	-139.090302
45090.527344	-137.882492
45133.593750	-136.600082
45176.660156	-135.270615
45219.726562	-133.832901
45262.792969	-132.345093
45305.859375	-130.748413
45348.925781	-129.064972
45391.992188	-127.256264
45435.058594	-125.317085
45478.125000	-123.227448
45521.191406	-120.958237
45564.257812	-118.465935
45607.324219	-115.716003
45650.390625	-112.647095
45693.457031	-109.161835
45736.523438	-105.138206
45779.589844	-100.366776
45822.656250	-94.494690
45865.722656	-86.813583
45908.789062	-75.470154
45951.855469	-46.991188
45994.921875	-39.387344
46037.988281	-43.909630
46081.054688	-71.634590
46124.121094	-84.489410
46167.187500	-92.752380
46210.253906	-98.931885
46253.320312	-103.885193
46296.386719	-107.988373
46339.453125	-107.387741
46382.519531	-97.244072
46425.585938	-98.359413
46468.652344	-113.436874
46511.718750	-121.643417
46554.785156	-124.262932
46597.851562	-126.294846
46640.917969	-128.120865
46683.984375	-129.816956
46727.050781	-131.388397
46770.117188	-132.884628
46813.183594	-134.284439
46856.250000	-135.623718
46899.316406	-136.874054
46942.382812	-138.077316
46985.449219	-139.233093
47028.515625	-140.348587
47071.582031	-141.386032
47114.648438	-142.375320
47157.714844	-143.353806
47200.781250	-144.315323
47243.847656	-145.202393
47286.914062	-146.078186
47329.980469	-146.853058
47373.046875	-147.720367
47416.113281	-148.565674
47459.179688	-149.193527
47502.246094	-149.929840
47545.312500	-150.689682
47588.378906	-150.732254
47631.445312	-151.373795
47674.511719	-152.648026
47717.578125	-153.381287
47760.644531	-154.023911
47803.710938	-154.475372
47846.777344	-155.313553
47889.843750	-155.714645
47932.910156	-156.240646
47975.976562	-156.648026
48019.042969	-157.280746
48062.109375	-157.754089
48105.175781	-158.562210
48148.242188	-158.212326
48191.308594	-158.535233
48234.375000	-159.746033
48277.441406	-159.944443
48320.507812	-160.134476
48363.574219	-160.888763
48406.640625	-161.045120
48449.707031	-161.668777
48492.773438	-161.786652
48535.839844	-162.150681
48578.906250	-162.376129
48621.972656	-162.496719
48665.039062	-162.519211
48708.105469	-163.040726
48751.171875	-163.205948
48794.238281	-163.263657
48837.304688	-158.665619
48880.371094	-159.185730
48923.437500	-163.155899
48966.503906	-160.734512
49009.570312	-160.429993
49052.636719	-162.538284
49095.703125	-161.257935
49138.769531	-160.570877
49181.835938	-160.593063
49224.902344	-159.835617
49267.968750	-158.990952
49311.035156	-157.866013
49354.101562	-156.697647
49397.167969	-155.309052
49440.234375	-153.890747
49483.300781	-152.151611
49526.367188	-150.465530
49569.433594	-148.235672
49612.500000	-145.995346
49655.566406	-143.518799
49698.632812	-140.544159
49741.699219	-137.051865
49784.765625	-132.717087
49827.832031	-127.354446
49870.898438	-120.069374
49913.964844	-108.744751
49957.031250	-48.018764
50000.097656	-42.030853
50043.164062	-48.077820
50086.230469	-112.620514
50129.296875	-125.910522
50172.363281	-135.182632
50215.429688	-140.241898
50258.496094	-135.757645
50301.562500	-125.452744
50344.628906	-104.227768
50387.695312	-94.130821
50430.761719	-96.628517
50473.828125	-116.166168
50516.894531	-130.483582
50559.960938	-139.254303
50603.027344	-145.661438
50646.093750	-150.737656
50689.160156	-154.803970
50732.226562	-157.987564
50775.292969	-160.436432
50818.359375	-162.416580
50861.425781	-164.431488
50904.492188	-163.600662
50947.558594	-164.329819
50990.625000	-167.060623
51033.691406	-165.795517
51076.757812	-165.188156
51119.824219	-167.294739
51162.890625	-167.646622
51205.957031	-167.156723
51249.023438	-166.651398
51292.089844	-166.549210
51335.156250	-167.214310
51378.222656	-165.868927
51421.289062	-165.799820
51464.355469	-165.550674
51507.421875	-165.979431
51550.488281	-164.203644
51593.554688	-156.918915
51636.621094	-156.884857
51679.687500	-164.505630
51722.753906	-161.695877
51765.820312	-161.217377
51808.886719	-163.754395
51851.953125	-163.456192
51895.019531	-162.719101
51938.085938	-162.491653
51981.152344	-161.822342
52024.218750	-161.861145
52067.285156	-161.001236
52110.351562	-160.421158
52153.417969	-159.841583
52196.484375	-159.617798
52239.550781	-158.983841
52282.617188	-158.015732
52325.683594	-157.402557
52368.750000	-157.158875
52411.816406	-156.288239
52454.882812	-155.696838
52497.949219	-155.101334
52541.015625	-154.396667
52584.082031	-153.474380
52627.148438	-152.877106
52670.214844	-151.979187
52713.281250	-151.199326
52756.347656	-150.312683
52799.414062	-149.330612
52842.480469	-148.423294
52885.546875	-147.542465
52928.613281	-146.517532
52971.679688	-145.434204
53014.746094	-144.377777
53057.812500	-143.200470
53100.878906	-141.884048
53143.945312	-140.653839
53187.011719	-139.434372
53230.078125	-138.024673
53273.144531	-136.553528
53316.210938	-134.945618
53359.277344	-133.266953
53402.343750	-131.467163
53445.410156	-129.531494
53488.476562	-127.432465
53531.542969	-125.141266
53574.609375	-122.628120
53617.675781	-119.839607
53660.742188	-116.717369
53703.808594	-113.146301
53746.875000	-109.000229
53789.941406	-104.039955
53833.007812	-97.851768
53876.074219	-89.575943
53919.140625	-76.685577
53962.207031	-49.300739
54005.273438	-44.834541
54048.339844	-52.501659
54091.406250	-80.664024
54134.472656	-91.981163
54177.539062	-99.651001
54220.605469	-105.514832
54263.671875	-110.271240
54306.738281	-113.954033
54349.804688	-99.322868
54392.871094	-91.102242
54435.937500	-95.038651
54479.003906	-118.791809
54522.070312	-127.055885
54565.136719	-130.104279
54608.203125	-132.255676
54651.269531	-134.120316
54694.335938	-135.868073
54737.402344	-137.420532
54780.468750	-138.955948
54823.535156	-140.365189
54866.601562	-141.744293
54909.667969	-143.007767
54952.734375	-144.241913
54995.800781	-145.360214
55038.867188	-146.415329
55081.933594	-147.547562
55125.000000	-148.545044
55168.066406	-149.525284
55211.132812	-150.477753
55254.199219	-151.383499
55297.265625	-152.303558
55340.332031	-153.147018
55383.398438	-153.909729
55426.464844	-154.485611
55469.531250	-155.252121
55512.597656	-155.912598
55555.664062	-156.492691
55598.730469	-156.651108
55641.796875	-157.404434
55684.863281	-157.990311
55727.929688	-157.606003
55770.996094	-157.765396
55814.062500	-158.747391
55857.128906	-157.298874
55900.195312	-157.204300
55943.261719	-158.767014
55986.328125	-158.533508
56029.394531	-158.366867
56072.460938	-157.960815
56115.527344	-157.545670
56158.593750	-157.127335
56201.660156	-156.852310
56244.726562	-156.187515
56287.792969	-155.915421
56330.859375	-155.293732
56373.925781	-154.681320
56416.992188	-153.841675
56460.058594	-153.126266
56503.125000	-152.720978
56546.191406	-151.985046
56589.257812	-151.249222
56632.324219	-150.427521
56675.390625	-149.645142
56718.457031	-148.803925
56761.523438	-147.923828
56804.589844	-146.961182
56847.656250	-146.037155
56890.722656	-145.016296
56933.789062	-144.066132
56976.855469	-143.004974
57019.921875	-141.862640
57062.988281	-140.670135
57106.054688	-139.359528
57149.121094	-138.074326
57192.187500	-136.845245
57235.253906	-135.414139
57278.320312	-133.912247
57321.386719	-132.337936
57364.453125	-130.618576
57407.519531	-128.793243
57450.585938	-126.825516
57493.652344	-124.704803
57536.718750	-122.370514
57579.785156	-119.824112
57622.851562	-116.991249
57665.917969	-113.805130
57708.984375	-110.170181
57752.050781	-105.928894
57795.117188	-100.838219
57838.183594	-94.450668
57881.250000	-85.806984
57924.316406	-71.901085
57967.382812	-50.809052
58010.449219	-47.800167
58053.515625	-57.223831
58096.582031	-79.756584
58139.648438	-90.430244
58182.714844	-97.813110
58225.781250	-103.509430
58268.847656	-108.161575
58311.914062	-112.049515
58354.980469	-94.825729
58398.046875	-88.243492
58441.113281	-93.673431
58484.179688	-122.752838
58527.246094	-125.813416
58570.312500	-127.958359
58613.378906	-129.874130
58656.445312	-131.673447
58699.511719	-133.338989
58742.578125	-134.910309
58785.644531	-136.387604
58828.710938	-137.775940
58871.777344	-139.124283
58914.843750	-140.362091
58957.910156	-141.591568
59000.976562	-142.724884
59044.042969	-143.837677
59087.109375	-144.863434
59130.175781	-145.928177
59173.242188	-146.821426
59216.308594	-147.762131
59259.375000	-148.720444
59302.441406	-149.527130
59345.507812	-150.412491
59388.574219	-151.210648
59431.640625	-151.993484
59474.707031	-152.687653
59517.773438	-153.419861
59560.839844	-154.026001
59603.906250	-154.550293
59646.972656	-155.177444
59690.039062	-155.691422
59733.105469	-156.153992
59776.171875	-156.706604
59819.238281	-156.885376
59862.304688	-155.942520
59905.371094	-155.743774
59948.437500	-157.756256
59991.503906	-156.726379
60034.570312	-156.746918
60077.636719	-157.531738
60120.703125	-156.960464
60163.769531	-156.340683
60206.835938	-156.758240
60249.902344	-156.365570
60292.968750	-156.028732
60336.035156	-155.515839
60379.101562	-154.786087
60422.167969	-154.283264
60465.234375	-153.647797
60508.300781	-153.004501
60551.367188	-152.121674
60594.433594	-151.415680
60637.500000	-150.773956
60680.566406	-149.969040
60723.632812	-149.007050
60766.699219	-148.192108
60809.765625	-147.315781
60852.832031	-146.371765
60895.898438	-145.353821
60938.964844	-144.345245
60982.031250	-143.274292
61025.097656	-142.150772
61068.164062	-140.982147
61111.230469	-139.726654
61154.296875	-138.469513
61197.363281	-137.089325
61240.429688	-135.665161
61283.496094	-134.139633
61326.562500	-132.528290
61369.628906	-130.795364
61412.695312	-128.954300
61455.761719	-126.963089
61498.828125	-124.804863
61541.894531	-122.458382
61584.960938	-119.871300
61628.027344	-116.998322
61671.093750	-113.758400
61714.160156	-110.056526
61757.226562	-105.726807
61800.292969	-100.503883
61843.359375	-93.908966
61886.425781	-84.868607
61929.492188	-69.739784
61972.558594	-52.523335
62015.625000	-50.930893
62058.691406	-62.307331
62101.757812	-81.654930
62144.824219	-91.765015
62187.890625	-98.887360
62230.957031	-104.429848
62274.023438	-108.966881
62317.089844	-112.381973
62360.156250	-90.597420
62403.222656	-85.547310
62446.289062	-92.555687
62489.355469	-121.548813
62532.421875	-126.056610
62575.488281	-128.394211
62618.554688	-130.339630
62661.621094	-132.132935
62704.687500	-133.784515
62747.753906	-135.351273
62790.820312	-136.791672
62833.886719	-138.210144
62876.953125	-139.530457
62920.019531	-140.792160
62963.085938	-141.970779
63006.152344	-143.121536
63049.218750	-144.188522
63092.285156	-145.247284
63135.351562	-146.276306
63178.417969	-147.245041
63221.484375	-148.161774
63264.550781	-149.074066
63307.617188	-149.869812
63350.683594	-150.724197
63393.750000	-151.569031
63436.816406	-152.273209
63479.882812	-152.866257
63522.949219	-153.732269
63566.015625	-154.423538
63609.082031	-154.847824
63652.148438	-155.554230
63695.214844	-156.062088
63738.281250	-156.824890
63781.347656	-157.157959
63824.414062	-157.522354
63867.480469	-157.802917
63910.546875	-158.188522
63953.613281	-158.501755
63996.679688	-157.820160
64039.746094	-158.100677
64082.812500	-158.629791
64125.878906	-152.255630
64168.945312	-152.109726
64212.011719	-157.327499
64255.078125	-158.088806
64298.144531	-157.512451
64341.210938	-157.108826
64384.277344	-156.297501
64427.343750	-155.898849
64470.410156	-155.303528
64513.476562	-154.664871
64556.542969	-154.071320
64599.609375	-153.330185
64642.675781	-152.633514
64685.742188	-151.755035
64728.808594	-150.932831
64771.875000	-150.064636
64814.941406	-149.086075
64858.007812	-148.110184
64901.074219	-147.258209
64944.140625	-146.166641
64987.207031	-145.091461
65030.273438	-143.970352
65073.339844	-142.793671
65116.406250	-141.505371
65159.472656	-140.237625
65202.539062	-138.861496
65245.605469	-137.432693
65288.671875	-135.895081
65331.738281	-134.261658
65374.804688	-132.491074
65417.871094	-130.645233
65460.937500	-128.654510
65504.003906	-126.465279
65547.070312	-124.085251
65590.136719	-121.461876
65633.203125	-118.545479
65676.269531	-115.262207
65719.335938	-111.487129
65762.402344	-107.064003
65805.468750	-101.707596
65848.535156	-94.890999
65891.601562	-85.413734
65934.667969	-68.758133
65977.734375	-54.428654
66020.800781	-54.231789
66063.867188	-67.852676
66106.933594	-85.015930
66150.000000	-94.625229
66193.066406	-101.506203
66236.132812	-106.888618
66279.199219	-111.078293
66322.265625	-108.630333
66365.332031	-86.591026
66408.398438	-83.012924
66451.464844	-91.719162
66494.531250	-115.647659
66537.597656	-124.684418
66580.664062	-129.085815
66623.730469	-131.795975
66666.796875	-133.854935
66709.863281	-135.646667
66752.929688	-137.248734
66795.996094	-138.745972
66839.062500	-140.147247
66882.128906	-141.432236
66925.195312	-142.723312
66968.261719	-143.904724
67011.328125	-145.042053
67054.394531	-146.129120
67097.460938	-147.216415
67140.527344	-148.166443
67183.593750	-149.109512
67226.660156	-150.053345
67269.726562	-150.876419
67312.792969	-151.870850
67355.859375	-152.767258
67398.925781	-153.438675
67441.992188	-154.094620
67485.058594	-154.716934
67528.125000	-155.661102
67571.191406	-156.164520
67614.257812	-156.706818
67657.324219	-157.659149
67700.390625	-158.182327
67743.457031	-158.847397
67786.523438	-158.949051
67829.589844	-159.493362
67872.656250	-160.161957
67915.722656	-160.145020
67958.789062	-160.230774
68001.855469	-160.528839
68044.921875	-161.015427
68087.988281	-159.558289
68131.054688	-151.300644
68174.121094	-151.557510
68217.187500	-160.005615
68260.253906	-159.040588
68303.320312	-158.638748
68346.386719	-159.860352
68389.453125	-159.428970
68432.519531	-158.650864
68475.585938	-158.411163
68518.652344	-157.639938
68561.718750	-157.201019
68604.785156	-156.371735
68647.851562	-155.543427
68690.917969	-154.684006
68733.984375	-154.075104
68777.050781	-153.253220
68820.117188	-152.166702
68863.183594	-151.238281
68906.250000	-150.305359
68949.316406	-149.261322
68992.382812	-148.130157
69035.449219	-147.050018
69078.515625	-145.845917
69121.582031	-144.606400
69164.648438	-143.295746
69207.714844	-141.928940
69250.781250	-140.439774
69293.847656	-138.927689
69336.914062	-137.250198
69379.980469	-135.517868
69423.046875	-133.616730
69466.113281	-131.588303
69509.179688	-129.395172
69552.246094	-126.975945
69595.312500	-124.329269
69638.378906	-121.365021
69681.445312	-118.020729
69724.511719	-114.182968
69767.578125	-109.660896
69810.644531	-104.161354
69853.710938	-97.108727
69896.777344	-87.146011
69939.843750	-68.490746
69982.910156	-56.514133
70025.976562	-57.710297
70069.042969	-74.036774
70112.109375	-89.561295
70155.175781	-98.720383
70198.242188	-105.367165
70241.308594	-110.474213
70284.375000	-112.456055
70327.441406	-101.304703
70370.507812	-82.792023
70413.574219	-80.642189
70456.640625	-91.215622
70499.707031	-111.598259
70542.773438	-121.571945
70585.839844	-127.962486
70628.906250	-132.273041
70671.972656	-135.374451
70715.039062	-137.768143
70758.105469	-139.683746
70801.171875	-141.444016
70844.238281	-142.956253
70887.304688	-144.250412
70930.371094	-145.572952
70973.437500	-146.942093
71016.503906	-148.054626
71059.570312	-149.042633
71102.636719	-150.259598
71145.703125	-151.152069
71188.769531	-151.958313
71231.835938	-153.012421
71274.902344	-154.069214
71317.968750	-154.807709
71361.035156	-155.697601
71404.101562	-156.426605
71447.167969	-157.334229
71490.234375	-158.008301
71533.300781	-158.651779
71576.367188	-158.635101
71619.433594	-159.615845
71662.500000	-160.611084
71705.566406	-160.631851
71748.632812	-161.202484
71791.699219	-162.257828
71834.765625	-162.782364
71877.832031	-162.957993
71920.898438	-163.293625
71963.964844	-163.623062
72007.031250	-163.554703
72050.097656	-163.961533
72093.164062	-162.992996
72136.230469	-158.557068
72179.296875	-160.746002
72222.363281	-164.501404
72265.429688	-161.715210
72308.496094	-162.075546
72351.562500	-163.885483
72394.628906	-160.089096
72437.695312	-159.824722
72480.761719	-162.086395
72523.828125	-161.926437
72566.894531	-161.445679
72609.960938	-160.872421
72653.027344	-159.713058
72696.093750	-159.160889
72739.160156	-158.282532
72782.226562	-157.455002
72825.292969	-156.672302
72868.359375	-155.884659
72911.425781	-154.719955
72954.492188	-153.641968
72997.558594	-152.500137
73040.625000	-151.578491
73083.691406	-150.241257
73126.757812	-149.086670
73169.824219	-147.761612
73212.890625	-146.413895
73255.957031	-144.913315
73299.023438	-143.309326
73342.089844	-141.690720
73385.156250	-139.923553
73428.222656	-138.048508
73471.289062	-135.965912
73514.355469	-133.747345
73557.421875	-131.303833
73600.488281	-128.613785
73643.554688	-125.601692
73686.621094	-122.199219
73729.687500	-118.293785
73772.753906	-113.674095
73815.820312	-108.019310
73858.886719	-100.713249
73901.953125	-90.206619
73945.019531	-68.724930
73988.085938	-58.771774
74031.152344	-61.376549
74074.218750	-81.223480
74117.285156	-95.450806
74160.351562	-104.196152
74203.417969	-110.537102
74246.484375	-114.350906
74289.550781	-110.119370
74332.617188	-94.575005
74375.683594	-79.187614
74418.750000	-78.439110
74461.816406	-91.127037
74504.882812	-109.061760
74547.949219	-118.804306
74591.015625	-125.634056
74634.082031	-130.825897
74677.148438	-134.911392
74720.214844	-138.214279
74763.281250	-140.995941
74806.347656	-143.273132
74849.414062	-145.333191
74892.480469	-147.112091
74935.546875	-148.620728
74978.613281	-150.204163
75021.679688	-151.198608
75064.746094	-152.528168
75107.812500	-153.701172
75150.878906	-152.681137
75193.945312	-152.807419
75237.011719	-156.835114
75280.078125	-157.960403
75323.144531	-158.648911
75366.210938	-159.222092
75409.277344	-160.331802
75452.343750	-161.233093
75495.410156	-161.478638
75538.476562	-162.422943
75581.542969	-163.212326
75624.609375	-163.754761
75667.675781	-164.669327
75710.742188	-162.920593
75753.808594	-163.435715
75796.875000	-166.235352
75839.941406	-165.023666
75883.007812	-164.817047
75926.074219	-167.097519
75969.140625	-168.144257
76012.207031	-167.105835
76055.273438	-166.840530
76098.339844	-166.385498
76141.406250	-163.607254
76184.472656	-165.351639
76227.539062	-167.114014
76270.605469	-167.096939
76313.671875	-168.785782
76356.738281	-167.523376
76399.804688	-160.189941
76442.871094	-160.605270
76485.937500	-167.905731
76529.003906	-162.802475
76572.070312	-162.686234
76615.136719	-166.224945
76658.203125	-164.654922
76701.269531	-163.945602
76744.335938	-164.048386
76787.402344	-163.653885
76830.468750	-162.849243
76873.535156	-161.937378
76916.601562	-161.239502
76959.667969	-160.296539
77002.734375	-159.463867
77045.800781	-158.099579
77088.867188	-156.892044
77131.933594	-155.415985
77175.000000	-154.589630
77218.066406	-152.844162
77261.132812	-151.497513
77304.199219	-150.126724
77347.265625	-148.470581
77390.332031	-146.607895
77433.398438	-144.724258
77476.464844	-142.675934
77519.531250	-140.383026
77562.597656	-137.965286
77605.664062	-135.216782
77648.730469	-132.162537
77691.796875	-128.719818
77734.863281	-124.711472
77777.929688	-119.988419
77820.996094	-114.174065
77864.062500	-106.588943
77907.128906	-95.463791
77950.195312	-69.344391
77993.261719	-61.196095
78036.328125	-65.244423
78079.394531	-90.404503
78122.460938	-103.560692
78165.527344	-111.850471
78208.593750	-116.981438
78251.660156	-115.392838
78294.726562	-106.383965
78337.792969	-88.628357
78380.859375	-75.767616
78423.925781	-76.410988
78466.992188	-91.593895
78510.058594	-107.717857
78553.125000	-117.042908
78596.191406	-123.763084
78639.257812	-129.053741
78682.324219	-133.404373
78725.390625	-137.044250
78768.457031	-140.254501
78811.523438	-143.066879
78854.589844	-145.481033
78897.656250	-147.772964
78940.722656	-149.717453
78983.789062	-151.494644
79026.855469	-153.340973
79069.921875	-154.827072
79112.988281	-156.039520
79156.054688	-152.993240
79199.121094	-154.376068
79242.187500	-159.749176
79285.253906	-159.400528
79328.320312	-159.907516
79371.386719	-162.801849
79414.453125	-163.781906
79457.519531	-163.875107
79500.585938	-164.793228
79543.652344	-165.379333
79586.718750	-167.083847
79629.785156	-166.509689
79672.851562	-166.787689
79715.917969	-167.206863
79758.984375	-168.300766
79802.050781	-169.208145
79845.117188	-166.005112
79888.183594	-166.181030
79931.250000	-171.040329
79974.316406	-166.909195
80017.382812	-166.763138
80060.449219	-170.181412
80103.515625	-170.226395
80146.582031	-166.203339
80189.648438	-167.729065
80232.714844	-169.395264
80275.781250	-171.857819
80318.847656	-169.494888
80361.914062	-169.431976
80404.980469	-167.798431
80448.046875	-170.330353
80491.113281	-170.971161
80534.179688	-164.460037
80577.246094	-165.163315
80620.312500	-170.804779
80663.378906	-158.788406
80706.445312	-158.468155
80749.511719	-168.558228
80792.578125	-171.181900
80835.644531	-169.295334
80878.710938	-168.392532
80921.777344	-168.521774
80964.843750	-168.781387
81007.910156	-167.903259
81050.976562	-167.406677
81094.042969	-167.773102
81137.109375	-167.159744
81180.175781	-165.518158
81223.242188	-162.725739
81266.308594	-162.991821
81309.375000	-163.313324
81352.441406	-161.101532
81395.507812	-159.944778
81438.574219	-158.277084
81481.640625	-156.846771
81524.707031	-154.733505
81567.773438	-152.412460
81610.839844	-149.876450
81653.906250	-146.801315
81696.972656	-143.406937
81740.039062	-139.431168
81783.105469	-134.594406
81826.171875	-128.616196
81869.238281	-120.711212
81912.304688	-108.845451
81955.371094	-70.278198
81998.437500	-63.783905
82041.503906	-69.333023
82084.570312	-107.450493
82127.636719	-119.383331
82170.703125	-124.061859
82213.769531	-120.729385
82256.835938	-113.741081
82299.902344	-103.470459
82342.968750	-83.246368
82386.035156	-72.522461
82429.101562	-74.566063
82472.167969	-92.882736
82515.234375	-107.591606
82558.300781	-116.500450
82601.367188	-123.027779
82644.433594	-128.200409
82687.500000	-132.501953
82730.566406	-136.212875
82773.632812	-139.387924
82816.699219	-142.261063
82859.765625	-144.850677
82902.832031	-147.100983
82945.898438	-149.293488
82988.964844	-151.233215
83032.031250	-153.048904
83075.097656	-154.751419
83118.164062	-156.153534
83161.230469	-156.723526
83204.296875	-158.413773
83247.363281	-160.550964
83290.429688	-160.115479
83333.496094	-160.915680
83376.562500	-163.871155
83419.628906	-160.231384
83462.695312	-160.425507
83505.761719	-165.923080
83548.828125	-167.223663
83591.894531	-166.403091
83634.960938	-167.528458
83678.027344	-166.920944
83721.093750	-168.234009
83764.160156	-168.659439
83807.226562	-168.557693
83850.292969	-169.371719
83893.359375	-171.810181
83936.425781	-170.447952
83979.492188	-166.443054
84022.558594	-167.172256
84065.625000	-172.802017
84108.691406	-166.894516
84151.757812	-165.840622
84194.824219	-170.555878
84237.890625	-171.949890
84280.957031	-170.757919
84324.023438	-170.000046
84367.089844	-169.109879
84410.156250	-170.064896
84453.222656	-169.477127
84496.289062	-169.662766
84539.355469	-169.329773
84582.421875	-171.048279
84625.488281	-168.108505
84668.554688	-158.155579
84711.621094	-158.359406
84754.687500	-168.791489
84797.753906	-163.694031
84840.820312	-163.402878
84883.886719	-168.473129
84926.953125	-167.746155
84970.019531	-165.888138
85013.085938	-165.522415
85056.152344	-165.519531
85099.218750	-165.331665
85142.285156	-163.520889
85185.351562	-162.420181
85228.417969	-160.868240
85271.484375	-160.417816
85314.550781	-158.966949
85357.617188	-157.222977
85400.683594	-155.562149
85443.750000	-153.904495
85486.816406	-151.960068
85529.882812	-149.644547
85572.949219	-147.399567
85616.015625	-144.650635
85659.082031	-141.514145
85702.148438	-138.108765
85745.214844	-133.999741
85788.281250	-129.094177
85831.347656	-122.996460
85874.414062	-114.841064
85917.480469	-102.247375
85960.546875	-71.479622
86003.613281	-66.533623
86046.679688	-73.668457
86089.746094	-105.019501
86132.812500	-116.416924
86175.878906	-122.194443
86218.945312	-120.120819
86262.011719	-113.063431
86305.078125	-102.221977
86348.144531	-78.287918
86391.210938	-69.445656
86434.277344	-72.916496
86477.343750	-95.628624
86520.410156	-109.189415
86563.476562	-117.711067
86606.542969	-124.034744
86649.609375	-129.083405
86692.675781	-133.271362
86735.742188	-136.893890
86778.808594	-140.080460
86821.875000	-142.822525
86864.941406	-145.378159
86908.007812	-147.683594
86951.074219	-149.753052
86994.140625	-151.878174
87037.207031	-153.423019
87080.273438	-155.109543
87123.339844	-156.650864
87166.406250	-157.879272
87209.472656	-159.095291
87252.539062	-160.541016
87295.605469	-161.833054
87338.671875	-162.883392
87381.738281	-163.609253
87424.804688	-159.646225
87467.871094	-160.564774
87510.937500	-166.374603
87554.003906	-163.167816
87597.070312	-163.044312
87640.136719	-168.491379
87683.203125	-166.722183
87726.269531	-165.901215
87769.335938	-168.320587
87812.402344	-168.628235
87855.468750	-170.452194
87898.535156	-169.495956
87941.601562	-168.948868
87984.667969	-169.255310
88027.734375	-171.453857
88070.800781	-171.073807
88113.867188	-166.413788
88156.933594	-166.280243
