Frequency (Hz)	Level (dB)
43.066406	-106.285042
86.132812	-106.135468
129.199219	-105.890617
172.265625	-105.552628
215.332031	-105.132675
258.398438	-104.640793
301.464844	-104.081940
344.531250	-103.463409
387.597656	-102.793846
430.664062	-102.063950
473.730469	-101.307709
516.796875	-100.501312
559.863281	-99.654739
602.929688	-98.767342
645.996094	-97.838409
689.062500	-96.870491
732.128906	-95.857933
775.195312	-94.800331
818.261719	-93.694099
861.328125	-92.536713
904.394531	-91.322319
947.460938	-90.047264
990.527344	-88.704300
1033.593750	-87.286034
1076.660156	-85.784927
1119.726562	-84.190895
1162.792969	-82.490555
1205.859375	-80.670128
1248.925781	-78.710922
1291.992188	-76.589844
1335.058594	-74.278198
1378.125000	-71.737953
1421.191406	-68.918861
1464.257812	-65.751801
1507.324219	-62.137432
1550.390625	-57.926311
1593.457031	-52.876488
1636.523438	-46.553268
1679.589844	-38.030117
1722.656250	-24.468779
1765.722656	-1.756701
1808.789062	1.714063
1851.855469	-7.128138
1894.921875	-31.063440
1937.988281	-41.933365
1981.054688	-49.404881
2024.121094	-55.153446
2067.187500	-59.840649
2110.253906	-63.803387
2153.320312	-67.238533
2196.386719	-70.271545
2239.453125	-72.987503
2282.519531	-75.447052
2325.585938	-77.694908
2368.652344	-79.764610
2411.718750	-81.682930
2454.785156	-83.469856
2497.851562	-85.144043
2540.917969	-86.716293
2583.984375	-88.201324
2627.050781	-89.606163
2670.117188	-90.940102
2713.183594	-92.209587
2756.250000	-93.420341
2799.316406	-94.578377
2842.382812	-95.687027
2885.449219	-96.749947
2928.515625	-97.770882
2971.582031	-98.754951
3014.648438	-99.700531
3057.714844	-100.611015
3100.781250	-101.490875
3143.847656	-102.339294
3186.914062	-103.144661
3229.980469	-103.937912
3273.046875	-104.695938
3316.113281	-105.420761
3359.179688	-106.110764
3402.246094	-106.769577
3445.312500	-107.388924
3488.378906	-107.962036
3531.445312	-108.491760
3574.511719	-108.963730
3617.578125	-109.371010
3660.644531	-109.709320
3703.710938	-109.959618
3746.777344	-110.116196
3789.843750	-110.172081
3832.910156	-110.122086
3875.976562	-109.967140
3919.042969	-109.693993
3962.109375	-109.322289
4005.175781	-108.848679
4048.242188	-108.288551
4091.308594	-107.646400
4134.375000	-106.926964
4177.441406	-106.141724
4220.507812	-105.293457
4263.574219	-104.388802
4306.640625	-103.428818
4349.707031	-102.414551
4392.773438	-101.346603
4435.839844	-100.222916
4478.906250	-99.042007
4521.972656	-97.799088
4565.039062	-96.490952
4608.105469	-95.111290
4651.171875	-93.651672
4694.238281	-92.105103
4737.304688	-90.457939
4780.371094	-88.700554
4823.437500	-86.814812
4866.503906	-84.781708
4909.570312	-82.575661
4952.636719	-80.164711
4995.703125	-77.506424
5038.769531	-74.543709
5081.835938	-71.196945
5124.902344	-67.349754
5167.968750	-62.821823
5211.035156	-57.310535
5254.101562	-50.239536
5297.167969	-40.237957
5340.234375	-21.404741
5383.300781	-9.590561
5426.367188	-10.892253
5469.433594	-27.449533
5512.500000	-42.866043
5555.566406	-51.993618
5598.632812	-58.633789
5641.699219	-63.882858
5684.765625	-68.232513
5727.832031	-71.949677
5770.898438	-75.196800
5813.964844	-78.080376
5857.031250	-80.673996
5900.097656	-83.030800
5943.164062	-85.190956
5986.230469	-87.184464
6029.296875	-89.035744
6072.363281	-90.763733
6115.429688	-92.382774
6158.496094	-93.906929
6201.562500	-95.346481
6244.628906	-96.709999
6287.695312	-98.005798
6330.761719	-99.239113
6373.828125	-100.417084
6416.894531	-101.543480
6459.960938	-102.621941
6503.027344	-103.659760
6546.093750	-104.654808
6589.160156	-105.613091
6632.226562	-106.538383
6675.292969	-107.431534
6718.359375	-108.294647
6761.425781	-109.123779
6804.492188	-109.937309
6847.558594	-110.720406
6890.625000	-111.483566
6933.691406	-112.220482
6976.757812	-112.936859
7019.824219	-113.636597
7062.890625	-114.317383
7105.957031	-114.977333
7149.023438	-115.620102
7192.089844	-116.248932
7235.156250	-116.859238
7278.222656	-117.450882
7321.289062	-118.043983
7364.355469	-118.601967
7407.421875	-119.155312
7450.488281	-119.699455
7493.554688	-120.207344
7536.621094	-120.715988
7579.687500	-121.206001
7622.753906	-121.673790
7665.820312	-122.123962
7708.886719	-122.550262
7751.953125	-122.937378
7795.019531	-123.298050
7838.085938	-123.592812
7881.152344	-123.846672
7924.218750	-124.026970
7967.285156	-124.107697
8010.351562	-124.071854
8053.417969	-123.911049
8096.484375	-123.585266
8139.550781	-123.078598
8182.617188	-122.404617
8225.683594	-121.524765
8268.750000	-120.465889
8311.816406	-119.220940
8354.882812	-117.795792
8397.949219	-116.205559
8441.015625	-114.437096
8484.082031	-112.478477
8527.148438	-110.321350
8570.214844	-107.928459
8613.281250	-105.259773
8656.347656	-102.254547
8699.414062	-98.820206
8742.480469	-94.822601
8785.546875	-90.040474
8828.613281	-84.088768
8871.679688	-76.175751
8914.746094	-64.099747
8957.812500	-21.020456
9000.878906	-15.267495
9043.945312	-21.552004
9087.011719	-65.165085
9130.078125	-77.182869
9173.144531	-85.197327
9216.210938	-91.298157
9259.277344	-96.251419
9302.343750	-100.431717
9345.410156	-104.055458
9388.476562	-107.258812
9431.542969	-110.130226
9474.609375	-112.733246
9517.675781	-115.116577
9560.742188	-117.305038
9603.808594	-119.340744
9646.875000	-121.213470
9689.941406	-122.968575
9733.007812	-124.574554
9776.074219	-126.073837
9819.140625	-127.443977
9862.207031	-128.687607
9905.273438	-129.799454
9948.339844	-130.760834
9991.406250	-131.585495
10034.472656	-132.255219
10077.539062	-132.750137
10120.605469	-133.116699
10163.671875	-133.348663
10206.738281	-133.436996
10249.804688	-133.407623
10292.871094	-133.303360
10335.937500	-133.107407
10379.003906	-132.823273
10422.070312	-132.516052
10465.136719	-132.139069
10508.203125	-131.748779
10551.269531	-131.280441
10594.335938	-130.822861
10637.402344	-130.305908
10680.468750	-129.779022
10723.535156	-129.222351
10766.601562	-128.674820
10809.667969	-128.082016
10852.734375	-127.466331
10895.800781	-126.836227
10938.867188	-126.186317
10981.933594	-125.518791
11025.000000	-124.819054
11068.066406	-124.112152
11111.132812	-123.377472
11154.199219	-122.611969
11197.265625	-121.835266
11240.332031	-121.019646
11283.398438	-120.188202
11326.464844	-119.321518
11369.531250	-118.437309
11412.597656	-117.511490
11455.664062	-116.545105
11498.730469	-115.546005
11541.796875	-114.508690
11584.863281	-113.429321
11627.929688	-112.300110
11670.996094	-111.117043
11714.062500	-109.880852
11757.128906	-108.582031
11800.195312	-107.214645
11843.261719	-105.769539
11886.328125	-104.241875
11929.394531	-102.616501
11972.460938	-100.885178
12015.527344	-99.025375
12058.593750	-97.025795
12101.660156	-94.857498
12144.726562	-92.490845
12187.792969	-89.885391
12230.859375	-86.987732
12273.925781	-83.722824
12316.992188	-79.982513
12360.058594	-75.601463
12403.125000	-70.306526
12446.191406	-63.592045
12489.257812	-54.317997
12532.324219	-38.399757
12575.390625	-22.847483
12618.457031	-22.019985
12661.523438	-34.580097
12704.589844	-52.646561
12747.656250	-62.475849
12790.722656	-69.464188
12833.789062	-74.925888
12876.855469	-79.420334
12919.921875	-83.243271
12962.988281	-86.571533
13006.054688	-89.519218
13049.121094	-92.166100
13092.187500	-94.567078
13135.253906	-96.764351
13178.320312	-98.790413
13221.386719	-100.671074
13264.453125	-102.423286
13307.519531	-104.066170
13350.585938	-105.608826
13393.652344	-107.070244
13436.718750	-108.449089
13479.785156	-109.762291
13522.851562	-111.010765
13565.917969	-112.200943
13608.984375	-113.342010
13652.050781	-114.430267
13695.117188	-115.479721
13738.183594	-116.486824
13781.250000	-117.456291
13824.316406	-118.389015
13867.382812	-119.291733
13910.449219	-120.159363
13953.515625	-121.001732
13996.582031	-121.814095
14039.648438	-122.590996
14082.714844	-123.362984
14125.781250	-124.098244
14168.847656	-124.814766
14211.914062	-125.505989
14254.980469	-126.161263
14298.046875	-126.791183
14341.113281	-127.401138
14384.179688	-127.977867
14427.246094	-128.533035
14470.312500	-129.028442
14513.378906	-129.476807
14556.445312	-129.896118
14599.511719	-130.228622
14642.578125	-130.507187
14685.644531	-130.656372
14728.710938	-130.799927
14771.777344	-130.751801
14814.843750	-130.614304
14857.910156	-130.374771
14900.976562	-129.998566
14944.042969	-129.512100
14987.109375	-128.900986
15030.175781	-128.203888
15073.242188	-127.412651
15116.308594	-126.521294
15159.375000	-125.567551
15202.441406	-124.542297
15245.507812	-123.429939
15288.574219	-122.256859
15331.640625	-121.010216
15374.707031	-119.693268
15417.773438	-118.297714
15460.839844	-116.814247
15503.906250	-115.242760
15546.972656	-113.568573
15590.039062	-111.771606
15633.105469	-109.847771
15676.171875	-107.770287
15719.238281	-105.511269
15762.304688	-103.040070
15805.371094	-100.310249
15848.437500	-97.259537
15891.503906	-93.802803
15934.570312	-89.812042
15977.636719	-85.086502
16020.703125	-79.280968
16063.769531	-71.712547
16106.835938	-60.624889
16149.902344	-34.857288
16192.968750	-26.611393
16236.035156	-30.576691
16279.101562	-55.347492
16322.167969	-68.564377
16365.234375	-76.963051
16408.300781	-83.218475
16451.367188	-88.224419
16494.433594	-92.404633
16537.500000	-95.995361
16580.566406	-99.143433
16623.632812	-101.947372
16666.699219	-104.475105
16709.765625	-106.775131
16752.832031	-108.885780
16795.898438	-110.834892
16838.964844	-112.648705
16882.031250	-114.341095
16925.097656	-115.927658
16968.164062	-117.423386
17011.230469	-118.829712
17054.296875	-120.175758
17097.363281	-121.443962
17140.429688	-122.654640
17183.496094	-123.800201
17226.562500	-124.909256
17269.628906	-125.957542
17312.695312	-126.982063
17355.761719	-127.941727
17398.828125	-128.873718
17441.894531	-129.748688
17484.960938	-130.634293
17528.027344	-131.436462
17571.093750	-132.224686
17614.160156	-132.960648
17657.226562	-133.666245
17700.292969	-134.347824
17743.359375	-134.963364
17786.425781	-135.540024
17829.492188	-136.054306
17872.558594	-136.492188
17915.625000	-136.895721
17958.691406	-137.177338
18001.757812	-137.393616
18044.824219	-137.552383
18087.890625	-137.554337
18130.957031	-137.497437
18174.023438	-137.281265
18217.089844	-137.013718
18260.156250	-136.667221
18303.222656	-136.288177
18346.289062	-135.683701
18389.355469	-135.118607
18432.421875	-134.404953
18475.488281	-133.707397
18518.554688	-132.917892
18561.621094	-132.114120
18604.687500	-131.230743
18647.753906	-130.321716
18690.820312	-129.367661
18733.886719	-128.339981
18776.953125	-127.296921
18820.019531	-126.184982
18863.085938	-125.011856
18906.152344	-123.818336
18949.218750	-122.533989
18992.285156	-121.187851
19035.351562	-119.768829
19078.417969	-118.258682
19121.484375	-116.661057
19164.550781	-114.955864
19207.617188	-113.127342
19250.683594	-111.160011
19293.750000	-109.029335
19336.816406	-106.707291
19379.882812	-104.154495
19422.949219	-101.321167
19466.015625	-98.135757
19509.082031	-94.498253
19552.148438	-90.256714
19595.214844	-85.163094
19638.281250	-78.771492
19681.347656	-70.120872
19724.414062	-56.194012
19767.480469	-35.189747
19810.546875	-32.207890
19853.613281	-41.666370
19896.679688	-64.124252
19939.746094	-74.786438
19982.812500	-82.164391
20025.878906	-87.857971
20068.945312	-92.507874
20112.011719	-96.444435
20155.078125	-99.858582
20198.144531	-102.874825
20241.210938	-105.575966
20284.277344	-108.023643
20327.343750	-110.263779
20370.410156	-112.324615
20413.476562	-114.236977
20456.542969	-116.011993
20499.609375	-117.680939
20542.675781	-119.248138
20585.742188	-120.722969
20628.808594	-122.120811
20671.875000	-123.456421
20714.941406	-124.709999
20758.007812	-125.922157
20801.074219	-127.082359
20844.140625	-128.176239
20887.207031	-129.247742
20930.273438	-130.221848
20973.339844	-131.228790
21016.406250	-132.171875
21059.472656	-133.051544
21102.539062	-133.919266
21145.605469	-134.743866
21188.671875	-135.568100
21231.738281	-136.293793
21274.804688	-137.024323
21317.871094	-137.702972
21360.937500	-138.334808
21404.003906	-138.957947
21447.070312	-139.493317
21490.136719	-139.907043
21533.203125	-140.305069
21576.269531	-140.613647
21619.335938	-140.923462
21662.402344	-140.981064
21705.468750	-141.018188
21748.535156	-140.861206
21791.601562	-140.739304
21834.667969	-140.406296
21877.734375	-140.060989
21920.800781	-139.589691
21963.867188	-138.972015
22006.933594	-138.406586
22050.000000	-137.717712
22093.066406	-136.977615
22136.132812	-136.174545
22179.199219	-135.320587
22222.265625	-134.426422
22265.332031	-133.481720
22308.398438	-132.517120
22351.464844	-131.465103
22394.531250	-130.368347
22437.597656	-129.232849
22480.664062	-128.045517
22523.730469	-126.784081
22566.796875	-125.468224
22609.863281	-124.088387
22652.929688	-122.617630
22695.996094	-121.065529
22739.062500	-119.412384
22782.128906	-117.649033
22825.195312	-115.756500
22868.261719	-113.715637
22911.328125	-111.501816
22954.394531	-109.080963
22997.460938	-106.408661
23040.527344	-103.433144
23083.593750	-100.066818
23126.660156	-96.194733
23169.726562	-91.632568
23212.792969	-86.070816
23255.859375	-78.915031
23298.925781	-68.734322
23341.992188	-49.038692
23385.058594	-37.934254
23428.125000	-39.712231
23471.191406	-57.368767
23514.257812	-72.321114
23557.324219	-81.307030
23600.390625	-87.874481
23643.457031	-93.078468
23686.523438	-97.396645
23729.589844	-101.091270
23772.656250	-104.320976
23815.722656	-107.192154
23858.789062	-109.774986
23901.855469	-112.119499
23944.921875	-114.272751
23987.988281	-116.258644
24031.054688	-118.105423
24074.121094	-119.822327
24117.187500	-121.436951
24160.253906	-122.958214
24203.320312	-124.399368
24246.386719	-125.753128
24289.453125	-127.042152
24332.519531	-128.276016
24375.585938	-129.452515
24418.652344	-130.588440
24461.718750	-131.653687
24504.785156	-132.690094
24547.851562	-133.659210
24590.917969	-134.629059
24633.984375	-135.529404
24677.050781	-136.449707
24720.117188	-137.312958
24763.183594	-138.151825
24806.250000	-138.918915
24849.316406	-139.725601
24892.382812	-140.519073
24935.449219	-141.230072
24978.515625	-141.894394
25021.582031	-142.603836
25064.648438	-143.250305
25107.714844	-143.983627
25150.781250	-144.557190
25193.847656	-145.053253
25236.914062	-145.697510
25279.980469	-146.303925
25323.046875	-146.816818
25366.113281	-147.455841
25409.179688	-147.802948
25452.246094	-148.342545
25495.312500	-148.790070
25538.378906	-149.159927
25581.445312	-149.465393
25624.511719	-149.601288
25667.578125	-149.825775
25710.644531	-149.764038
25753.710938	-149.032471
25796.777344	-149.437134
25839.843750	-149.445419
25882.910156	-148.941208
25925.976562	-148.630157
25969.042969	-147.858627
26012.109375	-147.027298
26055.175781	-146.029419
26098.242188	-145.108429
26141.308594	-144.015671
26184.375000	-142.745865
26227.441406	-141.390503
26270.507812	-139.985672
26313.574219	-138.493546
26356.640625	-136.837952
26399.707031	-135.071304
26442.773438	-133.177383
26485.839844	-131.102890
26528.906250	-128.834351
26571.972656	-126.352638
26615.039062	-123.608337
26658.105469	-120.517494
26701.171875	-116.999657
26744.238281	-112.911079
26787.304688	-108.025978
26830.371094	-101.948341
26873.437500	-93.860321
26916.503906	-81.437187
26959.570312	-47.883587
27002.636719	-42.651955
27045.703125	-49.479485
27088.769531	-83.525803
27131.835938	-95.217476
27174.902344	-103.055199
27217.968750	-109.022903
27261.035156	-113.860626
27304.101562	-117.944267
27347.167969	-121.470657
27390.234375	-124.578636
27433.300781	-127.373894
27476.367188	-129.859924
27519.433594	-132.200638
27562.500000	-134.288300
27605.566406	-136.254486
27648.632812	-138.098022
27691.699219	-139.814865
27734.765625	-141.403519
27777.832031	-142.900192
27820.898438	-144.334488
27863.964844	-145.655975
27907.031250	-146.875183
27950.097656	-148.256516
27993.164062	-149.282547
28036.230469	-150.290176
28079.296875	-151.414795
28122.363281	-152.509232
28165.429688	-153.222046
28208.496094	-153.947861
28251.562500	-154.745514
28294.628906	-155.317154
28337.695312	-155.675171
28380.761719	-156.204254
28423.828125	-156.424850
28466.894531	-156.538208
28509.960938	-155.586777
28553.027344	-155.807465
28596.093750	-156.327194
28639.160156	-155.865097
28682.226562	-155.937561
28725.292969	-155.747360
28768.359375	-155.117447
28811.425781	-154.606979
28854.492188	-153.887268
28897.558594	-153.638611
28940.625000	-152.892761
28983.691406	-152.342484
29026.757812	-151.510040
29069.824219	-150.847336
29112.890625	-150.168640
29155.957031	-149.404861
29199.023438	-148.487457
29242.089844	-147.756866
29285.156250	-147.004257
29328.222656	-145.690399
29371.289062	-144.823624
29414.355469	-144.322571
29457.421875	-143.326752
29500.488281	-142.405411
29543.554688	-141.270370
29586.621094	-140.229172
29629.687500	-139.113266
29672.753906	-137.948380
29715.820312	-136.703537
29758.886719	-135.377106
29801.953125	-134.017059
29845.019531	-132.568436
29888.085938	-131.028961
29931.152344	-129.402939
29974.218750	-127.663773
30017.285156	-125.797325
30060.351562	-123.800583
30103.417969	-121.621773
30146.484375	-119.241020
30189.550781	-116.625221
30232.617188	-113.716911
30275.683594	-110.429619
30318.750000	-106.667824
30361.816406	-102.255402
30404.882812	-96.913437
30447.949219	-90.122757
30491.015625	-80.697243
30534.082031	-64.234009
30577.148438	-49.609829
30620.214844	-49.255501
30663.281250	-62.603264
30706.347656	-79.981216
30749.414062	-89.644440
30792.480469	-96.552345
30835.546875	-101.965439
30878.613281	-106.426941
30921.679688	-110.225136
30964.746094	-113.535934
31007.812500	-116.469299
31050.878906	-119.095604
31093.945312	-121.498138
31137.011719	-123.683647
31180.078125	-125.701340
31223.144531	-127.542580
31266.210938	-129.313904
31309.277344	-130.918030
31352.343750	-132.498184
31395.410156	-133.990799
31438.476562	-135.314529
31481.542969	-136.624359
31524.609375	-137.890976
31567.675781	-139.066284
31610.742188	-140.213562
31653.808594	-141.317825
31696.875000	-142.338684
31739.941406	-143.290207
31783.007812	-144.309280
31826.074219	-145.234482
31869.140625	-146.129272
31912.207031	-146.983612
31955.273438	-147.922638
31998.339844	-148.698364
32041.406250	-149.415939
32084.472656	-149.919388
32127.539062	-150.257828
32170.605469	-151.914520
32213.671875	-152.308823
32256.738281	-152.920029
32299.804688	-153.543121
32342.871094	-154.417908
32385.937500	-154.769577
32429.003906	-155.544617
32472.070312	-155.767715
32515.136719	-156.670837
32558.203125	-156.874130
32601.269531	-156.885712
32644.335938	-156.648300
32687.402344	-158.098007
32730.468750	-158.186874
32773.535156	-158.462448
32816.601562	-157.429550
32859.667969	-158.394226
32902.734375	-158.209106
32945.800781	-157.271637
32988.867188	-156.990799
33031.933594	-156.818024
33075.000000	-156.280640
33118.066406	-155.515182
33161.132812	-154.328339
33204.199219	-153.531998
33247.265625	-152.560944
33290.332031	-151.444031
33333.398438	-150.334869
33376.464844	-148.998505
33419.531250	-147.494476
33462.597656	-145.997910
33505.664062	-144.508850
33548.730469	-142.758743
33591.796875	-140.997971
33634.863281	-139.076065
33677.929688	-136.964539
33720.996094	-134.717758
33764.062500	-132.237198
33807.128906	-129.473419
33850.195312	-126.413338
33893.261719	-122.930237
33936.328125	-118.906769
33979.394531	-114.144608
34022.460938	-108.277199
34065.527344	-100.606010
34108.593750	-89.289619
34151.660156	-61.127178
34194.726562	-53.460014
34237.792969	-57.926155
34280.859375	-85.311050
34323.925781	-98.202095
34366.992188	-106.476608
34410.058594	-112.666893
34453.125000	-117.627258
34496.191406	-121.773567
34539.257812	-125.329773
34582.324219	-128.470734
34625.390625	-131.269836
34668.457031	-133.762543
34711.523438	-136.060928
34754.589844	-138.146378
34797.656250	-140.095840
34840.722656	-141.500992
34883.789062	-143.340454
34926.855469	-145.156754
34969.921875	-146.649567
35012.988281	-148.138092
35056.054688	-149.185226
35099.121094	-150.658386
35142.187500	-151.717346
35185.253906	-152.909744
35228.320312	-153.859756
35271.386719	-155.188171
35314.453125	-156.003464
35357.519531	-156.689758
35400.585938	-156.615570
35443.652344	-157.672119
35486.718750	-159.624069
35529.785156	-159.566711
35572.851562	-159.516312
35615.917969	-161.548828
35658.984375	-162.186920
35702.050781	-162.576324
35745.117188	-162.074234
35788.183594	-163.316925
35831.250000	-163.775314
35874.316406	-163.616974
35917.382812	-163.251846
35960.449219	-163.626007
36003.515625	-164.751022
36046.582031	-163.700150
36089.648438	-163.090073
36132.714844	-163.003113
36175.781250	-163.941666
36218.847656	-161.339813
36261.914062	-161.145538
36304.980469	-162.187668
36348.046875	-161.632828
36391.113281	-160.631210
36434.179688	-159.939880
36477.246094	-159.104721
36520.312500	-158.472031
36563.378906	-157.515167
36606.445312	-157.263596
36649.511719	-155.975067
36692.578125	-155.099701
36735.644531	-153.569214
36778.710938	-152.165939
36821.777344	-152.391022
36864.843750	-150.854279
36907.910156	-149.698273
36950.976562	-148.180008
36994.042969	-147.007538
37037.109375	-145.574844
37080.175781	-144.033173
37123.242188	-142.427902
37166.308594	-140.760056
37209.375000	-138.945892
37252.441406	-136.952774
37295.507812	-134.795746
37338.574219	-132.488907
37381.640625	-129.924759
37424.707031	-127.083961
37467.773438	-123.865807
37510.839844	-120.211815
37553.906250	-115.938843
37596.972656	-110.805962
37640.039062	-104.341515
37683.105469	-95.559059
37726.171875	-81.242897
37769.238281	-61.704594
37812.304688	-59.207020
37855.371094	-69.304253
37898.437500	-90.528938
37941.503906	-100.992485
37984.570312	-108.279541
38027.636719	-113.919540
38070.703125	-118.536354
38113.769531	-122.437637
38156.835938	-125.839706
38199.902344	-128.847504
38242.968750	-131.538757
38286.035156	-133.980621
38329.101562	-136.185471
38372.167969	-138.268478
38415.234375	-140.130386
38458.300781	-141.947983
38501.367188	-143.533493
38544.433594	-145.157303
38587.500000	-146.654144
38630.566406	-147.972961
38673.632812	-149.102524
38716.699219	-150.557770
38759.765625	-151.746506
38802.832031	-152.907715
38845.898438	-153.797226
38888.964844	-154.935944
38932.031250	-156.084076
38975.097656	-156.543549
39018.164062	-157.444687
39061.230469	-158.309952
39104.296875	-159.840546
39147.363281	-160.551743
39190.429688	-160.948669
39233.496094	-162.251312
39276.562500	-162.468063
39319.628906	-163.283691
39362.695312	-163.570862
39405.761719	-164.220886
39448.828125	-164.564987
39491.894531	-164.191422
39534.960938	-161.728577
39578.027344	-162.044769
39621.093750	-166.674149
39664.160156	-164.554001
39707.226562	-164.760574
39750.292969	-165.656418
39793.359375	-166.697662
39836.425781	-166.120636
39879.492188	-165.134888
39922.558594	-166.044540
39965.625000	-165.644577
40008.691406	-164.873383
40051.757812	-163.911865
40094.824219	-163.656158
40137.890625	-163.744934
40180.957031	-162.486099
40224.023438	-160.984421
40267.089844	-160.628754
40310.156250	-159.861145
40353.222656	-155.678116
40396.289062	-154.363129
40439.355469	-156.040421
40482.421875	-155.525040
40525.488281	-154.222488
40568.554688	-153.059158
40611.621094	-151.616333
40654.687500	-150.121582
40697.753906	-148.642761
40740.820312	-146.856110
40783.886719	-145.174591
40826.953125	-143.254257
40870.019531	-141.125763
40913.085938	-138.997314
40956.152344	-136.538742
40999.218750	-133.857239
41042.285156	-130.837631
41085.351562	-127.459465
41128.417969	-123.568672
41171.484375	-118.974960
41214.550781	-113.361481
41257.617188	-106.118439
41300.683594	-95.751266
41343.750000	-75.073006
41386.816406	-64.647011
41429.882812	-66.903877
41472.949219	-85.778473
41516.015625	-100.299713
41559.082031	-109.147392
41602.148438	-115.642197
41645.214844	-120.799408
41688.281250	-125.086037
41731.347656	-128.747330
41774.414062	-131.948425
41817.480469	-134.826355
41860.546875	-137.405228
41903.613281	-139.739090
41946.679688	-141.874008
41989.746094	-143.964706
42032.812500	-145.724716
42075.878906	-147.272720
42118.945312	-149.111115
42162.011719	-150.548035
42205.078125	-151.999329
42248.144531	-152.345947
42291.210938	-147.614594
42334.277344	-149.974091
42377.343750	-156.952118
42420.410156	-157.943237
42463.476562	-158.721649
42506.542969	-159.796738
42549.609375	-161.228424
42592.675781	-162.024170
42635.742188	-161.536194
42678.808594	-163.233826
42721.875000	-164.442886
42764.941406	-164.750870
42808.007812	-165.557556
42851.074219	-165.872696
42894.140625	-167.492523
42937.207031	-167.402451
42980.273438	-166.064606
43023.339844	-166.888031
43066.406250	-169.901993
43109.472656	-162.609558
43152.539062	-159.623047
43195.605469	-165.712997
43238.671875	-170.985245
43281.738281	-170.839554
43324.804688	-168.095612
43367.871094	-167.444305
43410.937500	-170.825409
43454.003906	-169.701370
43497.070312	-169.273819
43540.136719	-171.123322
43583.203125	-171.503952
43626.269531	-168.432266
43669.335938	-163.132263
43712.402344	-165.064392
43755.468750	-170.743958
43798.535156	-166.850677
43841.601562	-165.084076
43884.667969	-168.243515
43927.734375	-170.388779
43970.800781	-165.434769
44013.867188	-165.433548
44056.933594	-166.252655
44100.000000	-166.662094
44143.066406	-165.097092
44186.132812	-163.962418
44229.199219	-162.675446
44272.265625	-162.156998
44315.332031	-161.223465
44358.398438	-158.862045
44401.464844	-157.681152
44444.531250	-155.774338
44487.597656	-153.412979
44530.664062	-151.068970
44573.730469	-148.845734
44616.796875	-146.118393
44659.863281	-143.009537
44702.929688	-139.454514
44745.996094	-135.308273
44789.062500	-130.391724
44832.128906	-124.243813
44875.195312	-116.024048
44918.261719	-103.290932
44961.328125	-74.268417
45004.394531	-69.549072
45047.460938	-76.932800
45090.527344	-106.627266
45133.593750	-118.065742
45176.660156	-125.773643
45219.726562	-131.694550
45262.792969	-136.490372
45305.859375	-140.512573
45348.925781	-144.037766
45391.992188	-147.086060
45435.058594	-149.713120
45478.125000	-152.316284
45521.191406	-154.454636
45564.257812	-156.834915
45607.324219	-158.307602
45650.390625	-160.465469
45693.457031	-161.222855
45736.523438	-162.004730
45779.589844	-163.598618
45822.656250	-165.476685
45865.722656	-148.236053
45908.789062	-146.330154
45951.855469	-154.624741
45994.921875	-168.998291
46037.988281	-169.280579
46081.054688	-167.598221
46124.121094	-168.521606
46167.187500	-171.298523
46210.253906	-170.435944
46253.320312	-169.130234
46296.386719	-171.408859
46339.453125	-173.343826
46382.519531	-169.194717
46425.585938	-162.591873
46468.652344	-165.386566
46511.718750	-173.253998
46554.785156	-167.244919
46597.851562	-167.193207
46640.917969	-170.058075
46683.984375	-173.785919
46727.050781	-169.762482
46770.117188	-168.031754
46813.183594	-171.006638
46856.250000	-173.959305
46899.316406	-172.128677
46942.382812	-168.364532
46985.449219	-169.805145
47028.515625	-172.507889
47071.582031	-170.950195
47114.648438	-167.565796
47157.714844	-167.901993
47200.781250	-172.381622
47243.847656	-166.397141
47286.914062	-164.015366
47329.980469	-168.185089
47373.046875	-170.301224
47416.113281	-169.509857
47459.179688	-165.784195
47502.246094	-166.329803
47545.312500	-166.803040
47588.378906	-166.262741
47631.445312	-164.369308
47674.511719	-163.581177
47717.578125	-162.889221
47760.644531	-160.491379
47803.710938	-156.762299
47846.777344	-157.760025
47889.843750	-157.856720
47932.910156	-156.341614
47975.976562	-154.037964
48019.042969	-152.578110
48062.109375	-150.446426
48105.175781	-148.275589
48148.242188	-145.972656
48191.308594	-143.262100
48234.375000	-140.425461
48277.441406	-137.116394
48320.507812	-133.319504
48363.574219	-128.880829
48406.640625	-123.498749
48449.707031	-116.627167
48492.773438	-107.042572
48535.839844	-89.985939
48578.906250	-76.226410
48621.972656	-76.344574
48665.039062	-90.529602
48708.105469	-107.282333
48751.171875	-116.786369
48794.238281	-123.616745
48837.304688	-128.988632
48880.371094	-133.412399
48923.437500	-137.199875
48966.503906	-140.517273
49009.570312	-143.297302
49052.636719	-145.964661
49095.703125	-148.467804
49138.769531	-150.533020
49181.835938	-152.457733
49224.902344	-154.293457
49267.968750	-156.299316
49311.035156	-157.231018
49354.101562	-158.293030
49397.167969	-160.346832
49440.234375	-161.492676
49483.300781	-156.243912
49526.367188	-157.504593
49569.433594	-164.342422
49612.500000	-166.672455
49655.566406	-166.917023
49698.632812	-165.678619
49741.699219	-165.160675
49784.765625	-169.320877
49827.832031	-169.037750
49870.898438	-166.545944
49913.964844	-168.473221
49957.031250	-171.603241
50000.097656	-165.798294
50043.164062	-163.830170
50086.230469	-171.225357
50129.296875	-173.441559
50172.363281	-170.722824
50215.429688	-167.948959
50258.496094	-169.552841
50301.562500	-173.587906
50344.628906	-170.771515
50387.695312	-170.871384
50430.761719	-172.612213
50473.828125	-174.600281
50516.894531	-167.878052
50559.960938	-162.641174
50603.027344	-164.927261
50646.093750	-174.448929
50689.160156	-168.857452
50732.226562	-166.386292
50775.292969	-171.479706
50818.359375	-173.701462
50861.425781	-169.584518
50904.492188	-168.930969
50947.558594	-169.508652
50990.625000	-174.151779
51033.691406	-170.526077
51076.757812	-170.043381
51119.824219	-171.301865
51162.890625	-173.783371
51205.957031	-171.810532
51249.023438	-168.207092
51292.089844	-168.695496
51335.156250	-172.485458
51378.222656	-158.797516
51421.289062	-157.300873
51464.355469	-163.038681
51507.421875	-171.239700
51550.488281	-170.096191
51593.554688	-166.954163
51636.621094	-165.662689
51679.687500	-166.094223
51722.753906	-164.528061
51765.820312	-161.696640
51808.886719	-159.336624
51851.953125	-156.374069
51895.019531	-152.988602
51938.085938	-149.011688
51981.152344	-144.216980
52024.218750	-138.314407
52067.285156	-130.518967
52110.351562	-118.950874
52153.417969	-87.373947
52196.484375	-80.269936
52239.550781	-85.244392
52282.617188	-116.257324
52325.683594	-128.836975
52368.750000	-136.974976
52411.816406	-143.086182
52454.882812	-148.039230
52497.949219	-152.057159
52541.015625	-155.570053
52584.082031	-158.470795
52627.148438	-161.100555
52670.214844	-163.450882
52713.281250	-165.414459
52756.347656	-164.913177
52799.414062	-163.053665
52842.480469	-167.482193
52885.546875	-170.688293
52928.613281	-170.101868
52971.679688	-168.888443
53014.746094	-170.211685
53057.812500	-166.775742
53100.878906	-161.079132
53143.945312	-167.270645
53187.011719	-172.851776
53230.078125	-174.484009
53273.144531	-163.096786
53316.210938	-156.517990
53359.277344	-159.137756
53402.343750	-174.222534
53445.410156	-168.861984
53488.476562	-165.854645
53531.542969	-170.206314
53574.609375	-172.934235
53617.675781	-170.962234
53660.742188	-169.309082
53703.808594	-170.647308
53746.875000	-173.911880
53789.941406	-171.983383
53833.007812	-170.168610
53876.074219	-170.395828
53919.140625	-174.058456
53962.207031	-172.640671
54005.273438	-167.372147
54048.339844	-168.752121
54091.406250	-174.822357
54134.472656	-160.956589
54177.539062	-159.255920
54220.605469	-168.301788
54263.671875	-174.713684
54306.738281	-171.973175
54349.804688	-167.403564
54392.871094	-169.307892
54435.937500	-173.640778
54479.003906	-170.210281
54522.070312	-170.937073
54565.136719	-173.516495
54608.203125	-174.277359
54651.269531	-168.865479
54694.335938	-164.113907
54737.402344	-165.614319
54780.468750	-172.861832
54823.535156	-167.245300
54866.601562	-167.073700
54909.667969	-170.423935
54952.734375	-171.075882
54995.800781	-165.037094
55038.867188	-165.814880
55081.933594	-166.468170
55125.000000	-167.383881
55168.066406	-165.816956
55211.132812	-164.048355
55254.199219	-162.325592
55297.265625	-160.469482
55340.332031	-158.111725
55383.398438	-155.183014
55426.464844	-153.041290
55469.531250	-149.837387
55512.597656	-146.014374
55555.664062	-141.821152
55598.730469	-136.637802
55641.796875	-130.118622
55684.863281	-121.202774
55727.929688	-106.471161
55770.996094	-88.221863
55814.062500	-86.204918
55857.128906	-96.966576
55900.195312	-117.138489
55943.261719	-127.402344
55986.328125	-134.593887
56029.394531	-140.200867
56072.460938	-144.680649
56115.527344	-148.817200
56158.593750	-151.991669
56201.660156	-154.752655
56244.726562	-156.714951
56287.792969	-159.603165
56330.859375	-162.056473
56373.925781	-163.316376
56416.992188	-163.438828
56460.058594	-166.202042
56503.125000	-167.743484
56546.191406	-169.095200
56589.257812	-167.960632
56632.324219	-168.863754
56675.390625	-169.006088
56718.457031	-166.183731
56761.523438	-167.326614
56804.589844	-169.667755
56847.656250	-172.137848
56890.722656	-154.819962
56933.789062	-153.535950
56976.855469	-162.640396
57019.921875	-175.691528
57062.988281	-173.118958
57106.054688	-169.250824
57149.121094	-167.621567
57192.187500	-170.823975
57235.253906	-171.556686
57278.320312	-170.716934
57321.386719	-171.816101
57364.453125	-174.383591
57407.519531	-170.365936
57450.585938	-163.564148
57493.652344	-165.031631
57536.718750	-174.291489
57579.785156	-167.975052
57622.851562	-167.271271
57665.917969	-172.036865
57708.984375	-173.759094
57752.050781	-168.926437
57795.117188	-167.822769
57838.183594	-171.455811
57881.250000	-173.807999
57924.316406	-172.025208
57967.382812	-169.196335
58010.449219	-169.299744
58053.515625	-173.713486
58096.582031	-171.828613
58139.648438	-168.447311
58182.714844	-168.412750
58225.781250	-175.783798
58268.847656	-167.967209
58311.914062	-164.157578
58354.980469	-171.009415
58398.046875	-174.558884
58441.113281	-172.860504
58484.179688	-168.193024
58527.246094	-171.083389
58570.312500	-172.407791
58613.378906	-169.795807
58656.445312	-169.818115
58699.511719	-170.353088
58742.578125	-171.271927
58785.644531	-165.538284
58828.710938	-160.470810
58871.777344	-161.276062
58914.843750	-165.753769
58957.910156	-162.560089
59000.976562	-159.620956
59044.042969	-158.182602
59087.109375	-155.074265
59130.175781	-151.139221
59173.242188	-146.572678
59216.308594	-140.831818
59259.375000	-133.526062
59302.441406	-122.963539
59345.507812	-101.145950
59388.574219	-91.371162
59431.640625	-94.110245
59474.707031	-114.353912
59517.773438	-128.457642
59560.839844	-137.204498
59603.906250	-143.616837
59646.972656	-148.492935
59690.039062	-152.354370
59733.105469	-156.141174
59776.171875	-159.629410
59819.238281	-162.197235
59862.304688	-163.243149
59905.371094	-165.523239
59948.437500	-168.612625
59991.503906	-169.435379
60034.570312	-169.144775
60077.636719	-170.972473
60120.703125	-172.717667
60163.769531	-168.026917
60206.835938	-163.870209
60249.902344	-165.332260
60292.968750	-170.025879
60336.035156	-166.995132
60379.101562	-167.104797
60422.167969	-171.626068
60465.234375	-173.068649
60508.300781	-164.358292
60551.367188	-163.212830
60594.433594	-170.442123
60637.500000	-175.229721
60680.566406	-170.167068
60723.632812	-164.752228
60766.699219	-163.416412
60809.765625	-172.222549
60852.832031	-172.640656
60895.898438	-168.754456
60938.964844	-170.317719
60982.031250	-173.940414
61025.097656	-166.480560
61068.164062	-165.114639
61111.230469	-171.492706
61154.296875	-174.919632
61197.363281	-170.818100
61240.429688	-169.938873
61283.496094	-170.979263
61326.562500	-172.806442
61369.628906	-170.835739
61412.695312	-170.646118
61455.761719	-173.153748
61498.828125	-173.278763
61541.894531	-168.867676
61584.960938	-162.655273
61628.027344	-163.872543
61671.093750	-174.382263
61714.160156	-167.742767
61757.226562	-167.046432
61800.292969	-171.453018
61843.359375	-174.292694
61886.425781	-171.889877
61929.492188	-168.465576
61972.558594	-171.233322
62015.625000	-174.796768
62058.691406	-172.527206
62101.757812	-170.278214
62144.824219	-171.188797
62187.890625	-172.834854
62230.957031	-169.946533
62274.023438	-168.278687
62317.089844	-169.384415
62360.156250	-173.692078
62403.222656	-158.951523
62446.289062	-157.949783
62489.355469	-163.807816
62532.421875	-172.446838
62575.488281	-169.079926
62618.554688	-166.268829
62661.621094	-165.090454
62704.687500	-162.888718
62747.753906	-158.745056
62790.820312	-154.081619
62833.886719	-148.036835
62876.953125	-139.706696
62920.019531	-126.662437
62963.085938	-100.671844
63006.152344	-96.456757
63049.218750	-104.411308
63092.285156	-131.268356
63135.351562	-142.491104
63178.417969	-150.265823
63221.484375	-155.875595
63264.550781	-160.142014
63307.617188	-163.227081
63350.683594	-166.521896
63393.750000	-168.680176
63436.816406	-170.139755
63479.882812	-167.597733
63522.949219	-169.541183
63566.015625	-173.602386
63609.082031	-172.757126
63652.148438	-167.970673
63695.214844	-169.198334
63738.281250	-173.950195
63781.347656	-167.494080
63824.414062	-165.145004
63867.480469	-170.342896
63910.546875	-173.862564
63953.613281	-172.788330
63996.679688	-169.622238
64039.746094	-170.975357
64082.812500	-172.448395
64125.878906	-167.219238
64168.945312	-169.963394
64212.011719	-171.880234
64255.078125	-173.214981
64298.144531	-159.680130
64341.210938	-154.297501
64384.277344	-155.264816
64427.343750	-173.259842
64470.410156	-168.332062
64513.476562	-166.979095
64556.542969	-171.333282
64599.609375	-173.294830
64642.675781	-171.276550
64685.742188	-168.419174
64728.808594	-171.605331
64771.875000	-174.906174
64814.941406	-172.932480
64858.007812	-170.324509
64901.074219	-171.163864
64944.140625	-174.254547
64987.207031	-171.889923
65030.273438	-167.787445
65073.339844	-169.687500
65116.406250	-174.606110
65159.472656	-163.485611
65202.539062	-160.423767
65245.605469	-166.549942
65288.671875	-174.899979
65331.738281	-172.501221
65374.804688	-169.330917
65417.871094	-169.699509
65460.937500	-174.082153
65504.003906	-172.549530
65547.070312	-170.852463
65590.136719	-171.788696
65633.203125	-173.590500
65676.269531	-169.873688
65719.335938	-163.427475
65762.402344	-166.230820
65805.468750	-173.954239
65848.535156	-167.893723
65891.601562	-165.511932
65934.667969	-169.970306
65977.734375	-172.153900
66020.800781	-165.646744
66063.867188	-167.102097
66106.933594	-168.375198
66150.000000	-170.704636
66193.066406	-168.021713
66236.132812	-164.720032
66279.199219	-162.494705
66322.265625	-160.019791
66365.332031	-155.761932
66408.398438	-150.140625
66451.464844	-143.279617
66494.531250	-133.517609
66537.597656	-115.810051
66580.664062	-102.862953
66623.730469	-103.454544
66666.796875	-118.534233
66709.863281	-134.699295
66752.929688	-144.012451
66795.996094	-150.773376
66839.062500	-156.170364
66882.128906	-160.291687
66925.195312	-163.178543
66968.261719	-165.810974
67011.328125	-169.531631
67054.394531	-166.179596
67097.460938	-162.081375
67140.527344	-164.406998
67183.593750	-173.637650
67226.660156	-168.338165
67269.726562	-167.175827
67312.792969	-171.951828
67355.859375	-174.634399
67398.925781	-170.809708
67441.992188	-169.585129
67485.058594	-171.707916
67528.125000	-175.176819
67571.191406	-172.611191
67614.257812	-170.217865
67657.324219	-171.908325
67700.390625	-174.048264
67743.457031	-171.458298
67786.523438	-167.778320
67829.589844	-169.109619
67872.656250	-172.629974
67915.722656	-153.472992
67958.789062	-152.349457
68001.855469	-159.300308
68044.921875	-172.965668
68087.988281	-172.696335
68131.054688	-169.141602
68174.121094	-168.313843
68217.187500	-172.107620
68260.253906	-170.519638
68303.320312	-171.377625
68346.386719	-173.363388
68389.453125	-173.149124
68432.519531	-171.690308
68475.585938	-163.455338
68518.652344	-165.705963
68561.718750	-175.218338
68604.785156	-167.068832
68647.851562	-166.842392
68690.917969	-171.291702
68733.984375	-174.859604
68777.050781	-170.176773
68820.117188	-168.895691
68863.183594	-171.966934
68906.250000	-175.011902
68949.316406	-172.917999
68992.382812	-169.720123
69035.449219	-169.288132
69078.515625	-174.428406
69121.582031	-173.467545
69164.648438	-168.042450
69207.714844	-169.219543
69250.781250	-174.152832
69293.847656	-167.209137
69336.914062	-165.483093
69379.980469	-170.825485
69423.046875	-175.401672
69466.113281	-171.701920
69509.179688	-169.811981
69552.246094	-169.508102
69595.312500	-172.261276
69638.378906	-169.367889
69681.445312	-170.379135
69724.511719	-173.384094
69767.578125	-173.748566
69810.644531	-166.308029
69853.710938	-158.638260
69896.777344	-160.631073
69939.843750	-173.117157
69982.910156	-166.634232
70025.976562	-164.884094
70069.042969	-162.801376
70112.109375	-151.143707
70155.175781	-113.671822
70198.242188	-107.118401
70241.308594	-112.610924
70284.375000	-149.651428
70327.441406	-161.225250
70370.507812	-167.256989
70413.574219	-169.624542
70456.640625	-172.561462
70499.707031	-170.701797
70542.773438	-167.202118
70585.839844	-169.933899
70628.906250	-174.554901
70671.972656	-162.901611
70715.039062	-160.850235
70758.105469	-166.750549
70801.171875	-173.661942
70844.238281	-173.652954
70887.304688	-169.171448
70930.371094	-170.580292
70973.437500	-174.055237
71016.503906	-172.250473
71059.570312	-170.389648
71102.636719	-173.742126
71145.703125	-175.926697
71188.769531	-168.425461
71231.835938	-163.471695
71274.902344	-165.999878
71317.968750	-175.029526
71361.035156	-168.373413
71404.101562	-166.842117
71447.167969	-170.861389
71490.234375	-171.121201
71533.300781	-160.744751
71576.367188	-161.988739
71619.433594	-171.225967
71662.500000	-173.819550
71705.566406	-171.270950
71748.632812	-167.380127
71791.699219	-165.306732
71834.765625	-173.222382
71877.832031	-172.356949
71920.898438	-167.871689
71963.964844	-168.838257
72007.031250	-170.428925
72050.097656	-165.873779
72093.164062	-164.329681
72136.230469	-169.641937
72179.296875	-175.505066
72222.363281	-172.331741
72265.429688	-169.585052
72308.496094	-170.346130
72351.562500	-173.278687
72394.628906	-170.683136
72437.695312	-171.542221
72480.761719	-173.027664
72523.828125	-175.530258
72566.894531	-168.249451
72609.960938	-161.569031
72653.027344	-163.396530
72696.093750	-174.641846
72739.160156	-168.709473
72782.226562	-166.685104
72825.292969	-172.294739
72868.359375	-174.018616
72911.425781	-170.126907
72954.492188	-168.179764
72997.558594	-171.285721
73040.625000	-174.885742
73083.691406	-172.517319
73126.757812	-170.909592
73169.824219	-171.294342
73212.890625	-172.527924
73255.957031	-170.825745
73299.023438	-166.723923
73342.089844	-169.455292
73385.156250	-173.502487
73428.222656	-159.337967
73471.289062	-158.668015
73514.355469	-164.169861
73557.421875	-167.198532
73600.488281	-162.132935
73643.554688	-156.158585
73686.621094	-147.157547
73729.687500	-131.931976
73772.753906	-114.847603
73815.820312	-113.308296
73858.886719	-124.753853
73901.953125	-144.022079
73945.019531	-154.099609
73988.085938	-159.436752
74031.152344	-164.152588
74074.218750	-169.540619
74117.285156	-167.302811
74160.351562	-165.974747
74203.417969	-171.243973
74246.484375	-172.090256
74289.550781	-170.432755
74332.617188	-168.930756
74375.683594	-171.860703
74418.750000	-174.250015
74461.816406	-171.998505
74504.882812	-168.310211
74547.949219	-167.596573
74591.015625	-174.328308
74634.082031	-171.133774
74677.148438	-166.653366
74720.214844	-169.487839
74763.281250	-174.585419
74806.347656	-167.417145
74849.414062	-165.647964
74892.480469	-170.440033
74935.546875	-175.359100
74978.613281	-172.128052
75021.679688	-169.634796
75064.746094	-171.938843
75107.812500	-169.904312
75150.878906	-165.308990
75193.945312	-169.598007
75237.011719	-171.508438
75280.078125	-174.429245
75323.144531	-162.521103
75366.210938	-156.162415
75409.277344	-156.863281
75452.343750	-173.274506
75495.410156	-168.432358
75538.476562	-166.091293
75581.542969	-165.691666
75624.609375	-166.510483
75667.675781	-172.151520
75710.742188	-169.045410
75753.808594	-170.684799
75796.875000	-174.032501
75839.941406	-169.829071
75883.007812	-170.275742
75926.074219	-170.470749
75969.140625	-172.487183
76012.207031	-171.614029
76055.273438	-166.979370
76098.339844	-169.553955
76141.406250	-174.638123
76184.472656	-162.259293
76227.539062	-160.422211
76270.605469	-167.842514
76313.671875	-174.688049
76356.738281	-172.680801
76399.804688	-169.502777
76442.871094	-169.532974
76485.937500	-174.006607
76529.003906	-170.565857
76572.070312	-171.597229
76615.136719	-172.936676
76658.203125	-174.510895
76701.269531	-170.283905
76744.335938	-165.571182
76787.402344	-164.780746
76830.468750	-174.005829
76873.535156	-168.611328
76916.601562	-166.878159
76959.667969	-171.546677
77002.734375	-174.233566
77045.800781	-166.250763
77088.867188	-167.434204
77131.933594	-169.179123
77175.000000	-171.744614
77218.066406	-167.586014
77261.132812	-159.918259
77304.199219	-150.421585
77347.265625	-127.444077
77390.332031	-118.293175
77433.398438	-121.520187
77476.464844	-143.363037
77519.531250	-157.122025
77562.597656	-162.623260
77605.664062	-163.567261
77648.730469	-170.091125
77691.796875	-174.196899
77734.863281	-171.839279
77777.929688	-169.871796
77820.996094	-169.786163
77864.062500	-173.636780
77907.128906	-171.016190
77950.195312	-171.110138
77993.261719	-172.956940
78036.328125	-174.914001
78079.394531	-168.117355
78122.460938	-161.845917
78165.527344	-164.655609
78208.593750	-174.345139
78251.660156	-168.556946
78294.726562	-168.092377
78337.792969	-171.703247
78380.859375	-175.377350
78423.925781	-171.936050
78466.992188	-169.815811
78510.058594	-170.921082
78553.125000	-176.079575
78596.191406	-172.143784
78639.257812	-168.881256
78682.324219	-171.203232
78725.390625	-172.758133
78768.457031	-168.832108
78811.523438	-167.728683
78854.589844	-169.524490
78897.656250	-172.656433
78940.722656	-157.367722
78983.789062	-155.695038
79026.855469	-162.692795
79069.921875	-174.318695
79112.988281	-173.425797
79156.054688	-164.717514
79199.121094	-160.339523
79242.187500	-164.967651
79285.253906	-172.010498
79328.320312	-168.738220
79371.386719	-173.264175
79414.453125	-174.479813
79457.519531	-170.493774
79500.585938	-164.714371
79543.652344	-165.725998
79586.718750	-172.725677
79629.785156	-168.822418
79672.851562	-166.736099
79715.917969	-172.053055
79758.984375	-174.647522
79802.050781	-170.700562
79845.117188	-169.202805
79888.183594	-171.353958
79931.250000	-175.645264
79974.316406	-172.158127
80017.382812	-167.800049
80060.449219	-170.938751
80103.515625	-173.557587
80146.582031	-171.011459
80189.648438	-167.107407
80232.714844	-170.031769
80275.781250	-173.723801
80318.847656	-165.396332
80361.914062	-165.073181
80404.980469	-169.647827
80448.046875	-174.528473
80491.113281	-172.885208
80534.179688	-169.467285
80577.246094	-171.630829
80620.312500	-174.125443
80663.378906	-170.121185
80706.445312	-170.133423
80749.511719	-172.925537
80792.578125	-173.679825
80835.644531	-164.244843
80878.710938	-156.567734
80921.777344	-151.257080
80964.843750	-128.011353
81007.910156	-124.301689
81050.976562	-132.818619
81094.042969	-157.351059
81137.109375	-167.218048
81180.175781	-170.224350
81223.242188	-168.407867
81266.308594	-171.357391
81309.375000	-174.902420
81352.441406	-171.638641
81395.507812	-170.738144
81438.574219	-172.187241
81481.640625	-174.575348
81524.707031	-170.830566
81567.773438	-167.944153
81610.839844	-169.246170
81653.906250	-173.901047
81696.972656	-162.684479
81740.039062	-160.970947
81783.105469	-168.092804
81826.171875	-174.489761
81869.238281	-172.204224
81912.304688	-169.444489
81955.371094	-170.647263
81998.437500	-174.409836
82041.503906	-171.872238
82084.570312	-170.305481
82127.636719	-173.599167
82170.703125	-175.394150
82213.769531	-169.717484
82256.835938	-164.579834
82299.902344	-165.922409
82342.968750	-173.833893
82386.035156	-167.873505
82429.101562	-166.773682
82472.167969	-171.377060
82515.234375	-172.373169
82558.300781	-165.047852
82601.367188	-164.520401
82644.433594	-172.173676
82687.500000	-175.783432
82730.566406	-169.481079
82773.632812	-154.042831
82816.699219	-153.252029
82859.765625	-165.359055
82902.832031	-173.459946
82945.898438	-166.448868
82988.964844	-170.175308
83032.031250	-174.320038
83075.097656	-166.002121
83118.164062	-163.784332
83161.230469	-171.198578
83204.296875	-174.822128
83247.363281	-172.078339
83290.429688	-170.114090
83333.496094	-170.574631
83376.562500	-174.187988
83419.628906	-169.626541
83462.695312	-168.752121
83505.761719	-171.804382
83548.828125	-174.465912
83591.894531	-167.255875
83634.960938	-161.456833
83678.027344	-163.290817
83721.093750	-175.487335
83764.160156	-168.641769
83807.226562	-167.492920
83850.292969	-171.978012
83893.359375	-174.290436
83936.425781	-171.379654
83979.492188	-170.497055
84022.558594	-171.356674
84065.625000	-173.926605
84108.691406	-172.166473
84151.757812	-169.091125
84194.824219	-171.568497
84237.890625	-173.833969
84280.957031	-171.832718
84324.023438	-167.173096
84367.089844	-167.967621
84410.156250	-173.490799
84453.222656	-158.725616
84496.289062	-155.935852
84539.355469	-144.631241
84582.421875	-132.415558
84625.488281	-133.489594
84668.554688	-149.651382
84711.621094	-163.051392
84754.687500	-170.377411
84797.753906	-170.771423
84840.820312	-169.766052
84883.886719	-172.450714
84926.953125	-174.384094
84970.019531	-168.494980
85013.085938	-163.357132
85056.152344	-166.482254
85099.218750	-173.644302
85142.285156	-168.187820
85185.351562	-167.805313
85228.417969	-170.833588
85271.484375	-174.592651
85314.550781	-169.957642
85357.617188	-170.304321
85400.683594	-170.949020
85443.750000	-172.278931
85486.816406	-170.786423
85529.882812	-169.758011
85572.949219	-169.368225
85616.015625	-173.861542
85659.082031	-171.573593
85702.148438	-166.508408
85745.214844	-168.363434
85788.281250	-175.488800
85831.347656	-165.916153
85874.414062	-163.727524
85917.480469	-170.299744
85960.546875	-175.128860
86003.613281	-172.756088
86046.679688	-170.053329
86089.746094	-171.048111
86132.812500	-172.969604
86175.878906	-168.279526
86218.945312	-169.033340
86262.011719	-171.966339
86305.078125	-171.469269
86348.144531	-152.691269
86391.210938	-144.163101
86434.277344	-146.394638
86477.343750	-169.723999
86520.410156	-168.873123
86563.476562	-167.347397
86606.542969	-170.213974
86649.609375	-172.979889
86692.675781	-172.747208
86735.742188	-169.969238
86778.808594	-171.731995
86821.875000	-174.300232
86864.941406	-172.104874
86908.007812	-169.550842
86951.074219	-172.050385
86994.140625	-173.312744
87037.207031	-171.145691
87080.273438	-166.978989
87123.339844	-168.406723
87166.406250	-174.271988
87209.472656	-162.014755
87252.539062	-161.278625
87295.605469	-167.001572
87338.671875	-173.727005
87381.738281	-172.224548
87424.804688	-169.478729
87467.871094	-171.114960
87510.937500	-175.618484
87554.003906	-170.791809
87597.070312	-169.596176
87640.136719	-171.863617
87683.203125	-175.052872
87726.269531	-170.438278
87769.335938	-163.839706
87812.402344	-166.162445
87855.468750	-174.327148
87898.535156	-168.090973
87941.601562	-167.925247
87984.667969	-172.356857
88027.734375	-173.402451
88070.800781	-167.453964
88113.867188	-168.663483
88156.933594	-170.540955
