Frequency (Hz)	Level (dB)
5.383301	-137.907028
10.766602	-137.749146
16.149902	-137.975418
21.533203	-137.778549
26.916504	-137.762039
32.299805	-137.438095
37.683105	-134.888168
43.066406	-116.843597
48.449707	-106.731987
53.833008	-109.207329
59.216309	-128.097076
64.599609	-136.283905
69.982910	-137.083221
75.366211	-137.164597
80.749512	-137.056320
86.132812	-136.998962
91.516113	-136.919388
96.899414	-136.740158
102.282715	-136.625671
107.666016	-136.590500
113.049316	-136.361023
118.432617	-136.294983
123.815918	-136.146805
129.199219	-135.975403
134.582520	-135.921860
139.965820	-135.696793
145.349121	-134.810287
150.732422	-133.670929
156.115723	-134.935699
161.499023	-135.091599
166.882324	-134.964355
172.265625	-134.762299
177.648926	-134.570541
183.032227	-134.366333
188.415527	-134.551636
193.798828	-133.979309
199.182129	-133.858124
204.565430	-133.639267
209.948730	-133.507675
215.332031	-133.315170
220.715332	-133.040787
226.098633	-132.908386
231.481934	-132.679245
236.865234	-132.470856
242.248535	-132.285736
247.631836	-132.042511
253.015137	-131.829895
258.398438	-131.634995
263.781738	-131.432678
269.165039	-131.173126
274.548340	-130.908188
279.931641	-130.747849
285.314941	-130.502563
290.698242	-130.270096
296.081543	-130.042618
301.464844	-129.782104
306.848145	-129.569168
312.231445	-129.311188
317.614746	-129.076691
322.998047	-128.833267
328.381348	-128.550049
333.764648	-128.330536
339.147949	-128.064957
344.531250	-127.809792
349.914551	-127.511055
355.297852	-127.283882
360.681152	-127.060402
366.064453	-126.720825
371.447754	-126.469070
376.831055	-126.176323
382.214355	-125.914078
387.597656	-125.611824
392.980957	-125.350746
398.364258	-125.032745
403.747559	-124.752388
409.130859	-124.459412
414.514160	-124.156555
419.897461	-123.850700
425.280762	-123.545776
430.664062	-123.238457
436.047363	-122.918518
441.430664	-122.596420
446.813965	-122.273903
452.197266	-121.948059
457.580566	-121.623871
462.963867	-121.283920
468.347168	-120.942986
473.730469	-120.615067
479.113770	-120.245224
484.497070	-119.905441
489.880371	-119.547615
495.263672	-119.165146
500.646973	-118.802658
506.030273	-118.454895
511.413574	-118.058319
516.796875	-117.674675
522.180176	-117.292458
527.563477	-116.886330
532.946777	-116.509041
538.330078	-116.093056
543.713379	-115.664886
549.096680	-115.248528
554.479980	-114.813469
559.863281	-114.381355
565.246582	-113.938072
570.629883	-113.485626
576.013184	-113.031540
581.396484	-112.564697
586.779785	-112.085945
592.163086	-111.604225
597.546387	-111.111046
602.929688	-110.607773
608.312988	-110.095177
613.696289	-109.573128
619.079590	-109.036484
624.462891	-108.494301
629.846191	-107.939949
635.229492	-107.372467
640.612793	-106.790947
645.996094	-106.199188
651.379395	-105.588959
656.762695	-104.968369
662.145996	-104.330917
667.529297	-103.676796
672.912598	-103.007996
678.295898	-102.320465
683.679199	-101.613518
689.062500	-100.889023
694.445801	-100.141937
699.829102	-99.373779
705.212402	-98.586899
710.595703	-97.766144
715.979004	-96.922867
721.362305	-96.050941
726.745605	-95.150299
732.128906	-94.217087
737.512207	-93.248749
742.895508	-92.243301
748.278809	-91.198425
753.662109	-90.108582
759.045410	-88.971581
764.428711	-87.782684
769.812012	-86.523514
775.195312	-80.136940
780.578613	-76.328079
785.961914	-80.316414
791.345215	-80.852478
796.728516	-79.218826
802.111816	-77.471924
807.495117	-75.598442
812.878418	-73.579453
818.261719	-71.389977
823.645020	-68.998642
829.028320	-66.363892
834.411621	-63.430164
839.794922	-60.119858
845.178223	-56.320366
850.561523	-51.858181
855.944824	-46.444153
861.328125	-39.534576
866.711426	-29.867619
872.094727	-12.475161
877.478027	0.854626
882.861328	0.489723
888.244629	-14.154346
893.627930	-30.604916
899.011230	-40.027111
904.394531	-46.815887
909.777832	-52.156380
915.161133	-56.568565
920.544434	-60.331615
925.927734	-63.613956
931.311035	-66.525528
936.694336	-69.142151
942.077637	-71.518341
947.460938	-73.694916
952.844238	-75.702736
958.227539	-77.566544
963.610840	-79.304649
968.994141	-80.934891
974.377441	-78.662132
979.760742	-73.863434
985.144043	-78.734749
990.527344	-86.582977
995.910645	-87.829735
1001.293945	-89.014206
1006.677246	-90.147194
1012.060547	-91.232452
1017.443848	-92.274315
1022.827148	-93.274994
1028.210449	-94.240387
1033.593750	-95.170135
1038.977051	-96.067680
1044.360352	-96.936073
1049.743652	-97.779846
1055.126953	-98.591080
1060.510254	-99.378159
1065.893555	-100.143646
1071.276855	-100.888000
1076.660156	-101.610458
1082.043457	-102.312920
1087.426758	-103.001221
1092.810059	-103.667427
1098.193359	-104.317505
1103.576660	-104.952316
1108.959961	-105.572014
1114.343262	-106.178825
1119.726562	-106.768494
1125.109863	-107.348824
1130.493164	-107.912270
1135.876465	-108.460869
1141.259766	-109.012039
1146.643066	-109.541512
1152.026367	-110.059715
1157.409668	-110.572456
1162.792969	-111.071220
1168.176270	-111.563995
1173.559570	-112.044022
1178.942871	-112.520699
1184.326172	-112.988396
1189.709473	-113.440948
1195.092773	-113.886330
1200.476074	-114.331352
1205.859375	-114.761505
1211.242676	-115.194511
1216.625977	-115.607109
1222.009277	-116.042114
1227.392578	-116.445892
1232.775879	-116.826645
1238.159180	-117.231171
1243.542480	-117.610939
1248.925781	-117.988945
1254.309082	-118.386108
1259.692383	-118.739037
1265.075684	-119.110229
1270.458984	-119.478180
1275.842285	-119.829781
1281.225586	-120.171188
1286.608887	-120.538765
1291.992188	-120.864059
1297.375488	-121.212769
1302.758789	-121.540817
1308.142090	-121.847816
1313.525391	-122.207497
1318.908691	-122.515900
1324.291992	-122.832893
1329.675293	-123.150803
1335.058594	-123.460381
1340.441895	-123.764732
1345.825195	-124.071548
1351.208496	-124.368462
1356.591797	-124.665207
1361.975098	-124.953926
1367.358398	-125.252792
1372.741699	-125.516190
1378.125000	-125.820724
1383.508301	-126.093521
1388.891602	-126.374397
1394.274902	-126.656998
1399.658203	-126.939507
1405.041504	-127.189857
1410.424805	-127.420372
1415.808105	-127.725021
1421.191406	-127.986671
1426.574707	-128.213470
1431.958008	-128.479935
1437.341309	-128.745758
1442.724609	-128.969925
1448.107910	-129.234390
1453.491211	-129.489456
1458.874512	-129.703934
1464.257812	-129.968857
1469.641113	-130.212875
1475.024414	-130.428894
1480.407715	-130.655182
1485.791016	-130.885803
1491.174316	-131.115814
1496.557617	-131.381348
1501.940918	-131.603333
1507.324219	-131.796616
1512.707520	-132.033081
1518.090820	-132.257004
1523.474121	-132.458359
1528.857422	-132.679428
1534.240723	-132.915115
1539.624023	-133.074646
1545.007324	-133.343506
1550.390625	-133.548813
1555.773926	-133.711548
1561.157227	-133.847717
1566.540527	-134.464874
1571.923828	-134.233612
1577.307129	-134.553864
1582.690430	-134.717712
1588.073730	-134.930084
1593.457031	-135.162811
1598.840332	-135.302658
1604.223633	-134.913422
1609.606934	-133.259918
1614.990234	-134.918106
1620.373535	-136.054947
1625.756836	-136.309219
1631.140137	-136.387924
1636.523438	-136.642639
1641.906738	-136.699203
1647.290039	-136.815018
1652.673340	-136.924316
1658.056641	-136.888153
1663.439941	-136.633835
1668.823242	-136.020309
1674.206543	-134.465164
1679.589844	-131.648300
1684.973145	-127.199844
1690.356445	-120.890533
1695.739746	-111.955307
1701.123047	-96.963127
1706.506348	-79.420952
1711.889648	-77.690895
1717.272949	-88.864456
1722.656250	-108.462914
1728.039551	-118.588623
1733.422852	-125.585091
1738.806152	-130.709366
1744.189453	-134.347092
1749.572754	-136.609009
1754.956055	-137.942673
1760.339355	-138.209061
1765.722656	-137.724289
1771.105957	-136.260330
1776.489258	-133.589172
1781.872559	-129.569016
1787.255859	-124.099197
1792.639160	-116.756241
1798.022461	-106.008690
1803.405762	-82.865623
1808.789062	-73.711029
1814.172363	-76.931320
1819.555664	-98.734802
1824.938965	-112.473412
1830.322266	-121.034752
1835.705566	-127.261246
1841.088867	-132.016891
1846.472168	-135.615555
1851.855469	-138.092621
1857.238770	-139.721588
1862.622070	-140.808899
1868.005371	-141.440033
1873.388672	-141.410873
1878.771973	-141.555359
1884.155273	-142.239151
1889.538574	-142.178040
1894.921875	-142.408783
1900.305176	-142.303085
1905.688477	-135.387131
1911.071777	-132.355179
1916.455078	-138.921967
1921.838379	-142.422882
1927.221680	-142.487503
1932.604980	-142.449722
1937.988281	-142.335953
1943.371582	-142.327133
1948.754883	-142.430817
1954.138184	-142.178299
1959.521484	-142.232834
1964.904785	-142.065491
1970.288086	-142.152695
1975.671387	-141.928513
1981.054688	-141.860184
1986.437988	-141.836792
1991.821289	-141.720337
1997.204590	-141.518021
2002.587891	-141.513580
2007.971191	-141.249878
2013.354492	-141.160156
2018.737793	-141.074570
2024.121094	-140.894714
2029.504395	-140.764633
2034.887695	-140.517242
2040.270996	-140.468933
2045.654297	-140.233444
2051.037598	-140.005722
2056.420898	-139.868362
2061.804199	-139.654877
2067.187500	-139.444855
2072.570801	-139.261902
2077.954102	-139.041626
2083.337402	-138.836166
2088.720703	-138.691574
2094.104004	-138.327606
2099.487305	-138.184372
2104.870605	-137.942688
2110.253906	-137.640228
2115.637207	-137.455627
2121.020508	-137.228836
2126.403809	-136.948990
2131.787109	-136.664963
2137.170410	-136.410965
2142.553711	-136.165115
2147.937012	-135.889542
2153.320312	-135.600616
2158.703613	-135.353043
2164.086914	-135.054596
2169.470215	-134.747604
2174.853516	-134.491776
2180.236816	-134.170166
2185.620117	-133.866470
2191.003418	-133.560333
2196.386719	-133.248642
2201.770020	-132.956879
2207.153320	-132.629120
2212.536621	-132.302704
2217.919922	-131.960388
2223.303223	-131.636948
2228.686523	-131.291214
2234.069824	-130.969360
2239.453125	-130.599899
2244.836426	-130.268433
2250.219727	-129.914856
2255.603027	-129.533295
2260.986328	-129.179672
2266.369629	-128.816406
2271.752930	-128.427048
2277.136230	-128.039597
2282.519531	-127.653725
2287.902832	-127.241798
2293.286133	-126.865784
2298.669434	-126.477753
2304.052734	-126.017052
2309.436035	-125.610291
2314.819336	-125.172890
2320.202637	-124.742050
2325.585938	-124.292137
2330.969238	-123.841965
2336.352539	-123.387390
2341.735840	-122.909149
2347.119141	-122.440239
2352.502441	-121.951080
2357.885742	-121.457024
2363.269043	-120.953796
2368.652344	-120.435173
2374.035645	-119.912895
2379.418945	-119.379707
2384.802246	-118.837967
2390.185547	-118.272354
2395.568848	-117.709610
2400.952148	-117.122841
2406.335449	-116.527260
2411.718750	-115.918633
2417.102051	-115.293961
2422.485352	-114.653435
2427.868652	-113.995453
2433.251953	-113.330772
2438.635254	-112.630585
2444.018555	-111.926971
2449.401855	-111.199509
2454.785156	-110.449081
2460.168457	-109.678192
2465.551758	-108.890549
2470.935059	-108.064972
2476.318359	-107.217705
2481.701660	-106.343636
2487.084961	-105.439468
2492.468262	-104.502380
2497.851562	-103.531242
2503.234863	-102.521393
2508.618164	-101.472046
2514.001465	-100.377975
2519.384766	-99.234703
2524.768066	-98.028778
2530.151367	-96.513145
2535.534668	-83.614594
2540.917969	-79.893951
2546.301270	-86.978310
2551.684570	-91.058685
2557.067871	-89.439529
2562.451172	-87.684799
2567.834473	-85.801636
2573.217773	-83.771606
2578.601074	-81.569077
2583.984375	-79.162376
2589.367676	-76.509247
2594.750977	-73.552940
2600.134277	-70.214211
2605.517578	-66.377548
2610.900879	-61.864208
2616.284180	-56.374550
2621.667480	-49.339592
2627.050781	-39.413517
2632.434082	-20.923119
2637.817383	-8.790483
2643.200684	-9.886476
2648.583984	-25.997820
2653.967285	-41.626831
2659.350586	-50.817257
2664.733887	-57.489433
2670.117188	-62.758297
2675.500488	-67.121513
2680.883789	-70.848686
2686.267090	-74.103485
2691.650391	-76.993126
2697.033691	-79.591774
2702.416992	-81.952919
2707.800293	-84.116638
2713.183594	-86.113243
2718.566895	-87.967247
2723.950195	-89.696373
2729.333496	-91.313377
2734.716797	-77.452171
2740.100098	-71.761452
2745.483398	-77.985954
2750.866699	-96.941284
2756.250000	-98.185005
2761.633301	-99.364426
2767.016602	-100.492653
2772.399902	-101.573288
2777.783203	-102.612259
2783.166504	-103.608292
2788.549805	-104.570244
2793.933105	-105.496277
2799.316406	-106.390381
2804.699707	-107.255180
2810.083008	-108.096634
2815.466309	-108.904930
2820.849609	-109.689774
2826.232910	-110.452568
2831.616211	-111.192986
2836.999512	-111.910034
2842.382812	-112.606110
2847.766113	-113.298035
2853.149414	-113.961250
2858.532715	-114.609352
2863.916016	-115.245064
2869.299316	-115.863518
2874.682617	-116.463943
2880.065918	-117.053581
2885.449219	-117.629051
2890.832520	-118.192726
2896.215820	-118.742882
2901.599121	-119.293320
2906.982422	-119.810097
2912.365723	-120.330132
2917.749023	-120.838295
2923.132324	-121.342560
2928.515625	-121.826599
2933.898926	-122.306564
2939.282227	-122.773460
2944.665527	-123.248123
2950.048828	-123.693123
2955.432129	-124.146301
2960.815430	-124.578957
2966.198730	-125.012550
2971.582031	-125.449005
2976.965332	-125.844658
2982.348633	-126.272766
2987.731934	-126.712914
2993.115234	-127.065079
2998.498535	-127.469284
3003.881836	-127.849236
3009.265137	-128.221237
3014.648438	-128.616470
3020.031738	-128.972809
3025.415039	-129.334335
3030.798340	-129.701569
3036.181641	-130.056778
3041.564941	-130.396439
3046.948242	-130.764252
3052.331543	-131.086166
3057.714844	-131.431122
3063.098145	-131.758423
3068.481445	-132.078613
3073.864746	-132.425766
3079.248047	-132.740936
3084.631348	-133.049973
3090.014648	-133.366257
3095.397949	-133.676422
3100.781250	-133.964615
3106.164551	-134.291199
3111.547852	-134.567093
3116.931152	-134.856979
3122.314453	-135.129318
3127.697754	-135.455124
3133.081055	-135.703461
3138.464355	-136.022232
3143.847656	-136.274841
3149.230957	-136.556244
3154.614258	-136.871552
3159.997559	-137.135605
3165.380859	-137.360031
3170.764160	-137.599777
3176.147461	-137.898193
3181.530762	-138.164841
3186.914062	-138.437439
3192.297363	-138.593842
3197.680664	-138.916519
3203.063965	-139.124954
3208.447266	-139.408203
3213.830566	-139.667328
3219.213867	-139.838318
3224.597168	-140.118195
3229.980469	-140.351257
3235.363770	-140.556168
3240.747070	-140.831558
3246.130371	-140.992386
3251.513672	-141.140686
3256.896973	-141.494858
3262.280273	-141.703857
3267.663574	-141.876968
3273.046875	-142.126160
3278.430176	-142.382523
3283.813477	-142.554001
3289.196777	-142.602737
3294.580078	-142.970520
3299.963379	-143.180634
3305.346680	-143.441574
3310.729980	-143.639481
3316.113281	-143.798996
3321.496582	-143.928467
3326.879883	-144.602371
3332.263184	-144.097580
3337.646484	-144.544022
3343.029785	-144.819687
3348.413086	-144.980972
3353.796387	-145.192505
3359.179688	-145.357117
3364.562988	-143.564087
3369.946289	-140.310501
3375.329590	-143.596817
3380.712891	-146.055634
3386.096191	-146.229996
3391.479492	-146.479233
3396.862793	-146.390793
3402.246094	-146.579208
3407.629395	-146.636398
3413.012695	-146.619904
3418.395996	-146.371552
3423.779297	-145.690628
3429.162598	-144.488403
3434.545898	-142.337936
3439.929199	-138.846497
3445.312500	-133.989136
3450.695801	-127.428627
3456.079102	-118.235886
3461.462402	-102.503174
3466.845703	-86.602692
3472.229004	-85.606934
3477.612305	-97.896942
3482.995605	-116.221786
3488.378906	-126.087105
3493.762207	-133.012772
3499.145508	-138.223495
3504.528809	-142.039047
3509.912109	-144.561554
3515.295410	-145.992004
3520.678711	-145.786179
3526.062012	-144.571732
3531.445312	-142.204254
3536.828613	-138.772034
3542.211914	-134.279556
3547.595215	-128.562576
3552.978516	-121.023834
3558.361816	-109.928413
3563.745117	-84.092392
3569.128418	-75.866074
3574.511719	-79.847992
3579.895020	-104.695366
3585.278320	-117.898026
3590.661621	-126.280739
3596.044922	-132.442993
3601.428223	-137.287231
3606.811523	-141.197418
3612.194824	-144.235809
3617.578125	-146.385605
3622.961426	-147.854858
3628.344727	-148.905975
3633.728027	-146.952011
3639.111328	-147.460739
3644.494629	-149.721863
3649.877930	-150.035873
3655.261230	-150.141693
3660.644531	-148.631378
3666.027832	-133.628052
3671.411133	-130.902969
3676.794434	-140.207565
3682.177734	-149.609009
3687.561035	-149.806137
3692.944336	-149.710617
3698.327637	-149.562332
3703.710938	-149.542084
3709.094238	-149.497711
3714.477539	-149.267838
3719.860840	-149.223648
3725.244141	-148.882202
3730.627441	-148.896942
3736.010742	-148.654602
3741.394043	-148.572418
3746.777344	-148.493729
3752.160645	-148.257736
3757.543945	-148.171219
3762.927246	-147.894287
3768.310547	-147.666748
3773.693848	-147.318604
3779.077148	-147.351059
3784.460449	-147.139114
3789.843750	-146.969910
3795.227051	-146.744934
3800.610352	-146.610458
3805.993652	-146.267136
3811.376953	-146.050446
3816.760254	-145.959991
3822.143555	-145.624207
3827.526855	-145.454086
3832.910156	-145.247665
3838.293457	-145.015656
3843.676758	-144.739044
3849.060059	-144.530441
3854.443359	-144.320755
3859.826660	-143.972839
3865.209961	-143.774918
3870.593262	-143.496414
3875.976562	-143.261307
3881.359863	-143.023697
3886.743164	-142.752899
3892.126465	-142.413895
3897.509766	-142.168243
3902.893066	-141.953949
3908.276367	-141.608047
3913.659668	-141.394745
3919.042969	-141.023682
3924.426270	-140.781769
3929.809570	-140.464005
3935.192871	-140.218079
3940.576172	-139.779099
3945.959473	-139.375534
3951.342773	-139.242950
3956.726074	-138.940582
3962.109375	-138.583252
3967.492676	-138.282486
3972.875977	-137.961319
3978.259277	-137.644989
3983.642578	-137.274841
3989.025879	-136.953827
3994.409180	-136.610413
3999.792480	-136.249786
4005.175781	-135.882019
4010.559082	-135.532410
4015.942383	-135.169693
4021.325684	-134.774857
4026.708984	-134.444000
4032.092285	-134.035110
4037.475586	-133.653152
4042.858887	-133.249802
4048.242188	-132.853790
4053.625488	-132.488403
4059.008789	-132.049713
4064.392090	-131.627396
4069.775391	-131.203476
4075.158691	-130.765320
4080.541992	-130.332794
4085.925293	-129.879990
4091.308594	-129.414581
4096.691895	-128.962891
4102.075195	-128.492676
4107.458496	-128.017502
4112.841797	-127.531113
4118.225098	-127.029549
4123.608398	-126.522415
4128.991699	-126.002655
4134.375000	-125.483574
4139.758301	-124.941978
4145.141602	-124.396797
4150.524902	-123.831665
4155.908203	-123.262932
4161.291504	-122.672752
4166.674805	-122.080353
4172.058105	-121.462540
4177.441406	-120.840706
4182.824707	-120.195976
4188.208008	-119.540268
4193.591309	-118.853783
4198.974609	-118.175041
4204.357910	-117.453735
4209.741211	-116.727226
4215.124512	-115.977386
4220.507812	-115.202477
4225.891113	-114.403465
4231.274414	-113.583672
4236.657715	-112.731232
4242.041016	-111.854034
4247.424316	-110.946152
4252.807617	-110.005325
4258.190918	-109.030212
4263.574219	-108.016502
4268.957520	-106.962883
4274.340820	-105.862808
4279.724121	-104.708557
4285.107422	-103.454155
4290.490723	-101.101814
4295.874023	-85.676651
4301.257324	-82.623909
4306.640625	-91.006760
4312.023926	-96.460007
4317.407227	-94.873306
4322.790527	-93.112106
4328.173828	-91.219467
4333.557129	-89.177971
4338.940430	-86.962029
4344.323730	-84.539589
4349.707031	-81.867653
4355.090332	-78.888313
4360.473633	-75.520569
4365.856934	-71.645821
4371.240234	-67.079971
4376.623535	-61.512360
4382.006836	-54.347057
4387.390137	-44.145966
4392.773438	-24.347607
4398.156738	-13.320046
4403.540039	-15.151030
4408.923340	-32.936562
4414.306641	-47.839432
4419.689941	-56.809875
4425.073242	-63.369301
4430.456543	-68.568230
4435.839844	-72.883331
4441.223145	-76.575081
4446.606445	-79.802582
4451.989746	-82.670334
4457.373047	-85.251091
4462.756348	-87.596977
4468.139648	-89.747696
4473.522949	-91.732422
4478.906250	-93.573196
4484.289551	-95.267075
4489.672852	-96.249878
4495.056152	-73.887596
4500.439453	-68.918808
4505.822754	-76.018944
4511.206055	-101.377754
4516.589355	-103.637856
4521.972656	-104.900642
4527.355957	-106.039886
4532.739258	-107.120941
4538.122559	-108.154938
4543.505859	-109.151566
4548.889160	-110.107849
4554.272461	-111.029778
4559.655762	-111.921165
4565.039062	-112.782440
4570.422363	-113.615784
4575.805664	-114.423546
4581.188965	-115.206390
4586.572266	-115.965790
4591.955566	-116.703468
4597.338867	-117.385071
4602.722168	-118.070442
4608.105469	-118.799332
4613.488770	-119.461037
4618.872070	-120.112488
4624.255371	-120.738106
4629.638672	-121.356728
4635.021973	-121.930893
4640.405273	-122.539619
4645.788574	-123.112663
4651.171875	-123.674553
4656.555176	-124.223595
4661.938477	-124.766983
4667.321777	-125.296288
4672.705078	-125.807587
4678.088379	-126.314529
4683.471680	-126.808960
4688.854980	-127.298576
4694.238281	-127.774216
4699.621582	-128.247604
4705.004883	-128.703354
4710.388184	-129.170074
4715.771484	-129.599472
4721.154785	-130.040283
4726.538086	-130.469513
4731.921387	-130.903931
4737.304688	-131.301666
4742.687988	-131.763107
4748.071289	-132.116882
4753.454590	-132.517456
4758.837891	-132.912796
4764.221191	-133.289490
4769.604492	-133.654739
4774.987793	-134.067764
4780.371094	-134.386414
4785.754395	-134.785034
4791.137695	-135.135910
4796.520996	-135.487686
4801.904297	-135.819885
4807.287598	-136.165146
4812.670898	-136.509567
4818.054199	-136.854904
4823.437500	-137.166168
4828.820801	-137.503723
4834.204102	-137.842285
4839.587402	-138.101151
4844.970703	-138.416061
4850.354004	-138.778671
4855.737305	-139.068527
4861.120605	-139.368073
4866.503906	-139.720535
4871.887207	-139.942673
4877.270508	-140.280762
4882.653809	-140.510086
4888.037109	-140.815781
4893.420410	-141.070404
4898.803711	-141.417343
4904.187012	-141.661652
4909.570312	-141.959091
4914.953613	-142.199707
4920.336914	-142.522583
4925.720215	-142.806763
4931.103516	-142.972458
4936.486816	-143.270294
4941.870117	-143.477051
4947.253418	-143.863495
4952.636719	-144.005920
4958.020020	-144.264969
4963.403320	-144.501236
4968.786621	-144.789520
4974.169922	-145.000488
4979.553223	-145.237854
4984.936523	-145.511963
4990.319824	-145.667038
4995.703125	-145.928360
5001.086426	-146.116409
5006.469727	-146.383896
5011.853027	-145.975021
5017.236328	-146.034134
5022.619629	-147.030960
5028.002930	-147.252274
5033.386230	-147.415207
5038.769531	-147.696991
5044.152832	-147.940460
5049.536133	-148.089539
5054.919434	-148.393112
5060.302734	-148.453857
5065.686035	-148.731094
5071.069336	-148.982086
5076.452637	-149.076263
5081.835938	-149.318497
5087.219238	-149.789703
5092.602539	-149.464417
5097.985840	-149.905060
5103.369141	-149.961304
5108.752441	-150.325165
5114.135742	-150.453079
5119.519043	-150.556961
5124.902344	-147.234146
5130.285645	-143.547119
5135.668945	-148.148010
5141.052246	-151.319092
5146.435547	-151.507248
5151.818848	-151.494217
5157.202148	-151.792297
5162.585449	-151.666306
5167.968750	-151.932480
5173.352051	-151.963196
5178.735352	-151.720566
5184.118652	-150.921661
5189.501953	-149.804062
5194.885254	-147.735092
5200.268555	-144.262756
5205.651855	-139.360977
5211.035156	-132.665802
5216.418457	-123.239441
5221.801758	-106.667336
5227.185059	-92.210838
5232.568359	-91.945831
5237.951660	-105.447060
5243.334961	-122.695747
5248.718262	-132.308136
5254.101562	-139.092163
5259.484863	-144.177353
5264.868164	-147.982727
5270.251465	-150.709625
5275.634766	-152.405258
5281.018066	-153.434418
5286.401367	-154.087326
5291.784668	-154.289169
5297.167969	-154.117538
5302.551270	-153.374344
5307.934570	-150.674866
5313.317871	-144.453613
5318.701172	-133.390472
5324.084473	-103.426750
5329.467773	-96.086418
5334.851074	-100.845276
5340.234375	-130.145859
5345.617676	-142.634171
5351.000977	-149.753571
5356.384277	-152.674667
5361.767578	-153.582687
5367.150879	-155.410446
5372.534180	-155.614029
5377.917480	-155.472168
5383.300781	-155.606735
5388.684082	-155.646698
5394.067383	-153.520248
5399.450684	-153.667480
5404.833984	-155.565277
5410.217285	-155.507584
5415.600586	-155.408295
5420.983887	-150.562103
5426.367188	-133.989822
5431.750488	-131.971588
5437.133789	-142.488770
5442.517090	-154.133926
5447.900391	-154.778549
5453.283691	-155.010590
5458.666992	-154.705765
5464.050293	-154.862015
5469.433594	-154.848358
5474.816895	-154.730225
5480.200195	-154.308121
5485.583496	-154.216461
5490.966797	-153.833572
5496.350098	-153.986404
5501.733398	-153.654495
5507.116699	-153.608856
5512.500000	-153.659622
5517.883301	-153.340012
5523.266602	-153.076157
5528.649902	-152.918625
5534.033203	-152.546051
5539.416504	-152.549332
5544.799805	-152.497940
5550.183105	-152.144577
5555.566406	-151.879395
5560.949707	-151.846344
5566.333008	-151.463272
5571.716309	-151.183289
5577.099609	-151.077682
5582.482910	-150.906647
5587.866211	-150.693665
5593.249512	-150.443115
5598.632812	-150.145920
5604.016113	-149.917557
5609.399414	-149.694962
5614.782715	-149.448349
5620.166016	-149.195892
5625.549316	-148.916977
5630.932617	-148.602295
5636.315918	-148.524597
5641.699219	-148.197937
5647.082520	-147.923813
5652.465820	-147.629257
5657.849121	-147.395798
5663.232422	-147.003357
5668.615723	-146.588623
5673.999023	-146.568604
5679.382324	-146.197769
5684.765625	-145.945572
5690.148926	-145.643692
5695.532227	-145.285950
5700.915527	-144.747437
5706.298828	-144.506668
5711.682129	-144.434036
5717.065430	-144.083466
5722.448730	-143.790726
5727.832031	-143.406738
5733.215332	-143.132111
5738.598633	-142.774475
5743.981934	-142.494720
5749.365234	-142.062012
5754.748535	-141.715073
5760.131836	-141.367599
5765.515137	-141.053268
5770.898438	-140.661697
5776.281738	-140.368958
5781.665039	-139.896515
5787.048340	-139.591888
5792.431641	-139.118973
5797.814941	-138.786835
5803.198242	-138.402740
5808.581543	-138.017197
5813.964844	-137.602127
5819.348145	-137.138550
5824.731445	-136.746445
5830.114746	-136.334885
5835.498047	-135.900162
5840.881348	-135.443054
5846.264648	-135.000214
5851.647949	-134.551987
5857.031250	-134.068924
5862.414551	-133.616882
5867.797852	-133.114258
5873.181152	-132.637497
5878.564453	-132.143173
5883.947754	-131.627991
5889.331055	-131.099640
5894.714355	-130.571533
5900.097656	-130.039627
5905.480957	-129.486618
5910.864258	-128.912430
5916.247559	-128.346466
5921.630859	-127.764442
5927.014160	-127.161880
5932.397461	-126.539635
5937.780762	-125.912216
5943.164062	-125.268806
5948.547363	-124.603790
5953.930664	-123.923843
5959.313965	-123.226524
5964.697266	-122.514160
5970.080566	-121.784943
5975.463867	-121.028076
5980.847168	-120.249420
5986.230469	-119.447670
5991.613770	-118.620399
5996.997070	-117.769669
6002.380371	-116.888222
6007.763672	-115.975693
6013.146973	-115.027222
6018.530273	-114.054863
6023.913574	-113.030296
6029.296875	-111.973648
6034.680176	-110.864944
6040.063477	-109.691086
6045.446777	-108.326927
6050.830078	-104.306602
6056.213379	-88.052414
6061.596680	-85.714539
6066.979980	-95.223221
6072.363281	-101.362152
6077.746582	-99.822433
6083.129883	-98.056122
6088.513184	-96.152863
6093.896484	-94.099503
6099.279785	-91.869690
6104.663086	-89.430954
6110.046387	-86.739555
6115.429688	-83.736542
6120.812988	-80.338890
6126.196289	-76.424957
6131.579590	-71.805031
6136.962891	-66.156853
6142.346191	-58.855743
6147.729492	-48.361912
6153.112793	-26.958353
6158.496094	-16.962109
6163.879395	-19.534689
6169.262695	-39.288136
6174.645996	-53.542156
6180.029297	-62.303219
6185.412598	-68.753319
6190.795898	-73.883766
6196.179199	-78.151337
6201.562500	-81.807938
6206.945801	-85.008194
6212.329102	-87.853912
6217.712402	-90.416283
6223.095703	-92.746727
6228.479004	-94.882202
6233.862305	-96.848099
6239.245605	-98.633751
6244.628906	-99.882767
6250.012207	-95.370659
6255.395508	-70.593384
6260.778809	-66.399948
6266.162109	-74.380562
6271.545410	-100.290405
6276.928711	-107.251549
6282.312012	-109.587090
6287.695312	-110.969017
6293.078613	-112.119286
6298.461914	-113.177071
6303.845215	-114.179375
6309.228516	-115.138107
6314.611816	-116.058762
6319.995117	-116.950119
6325.378418	-117.805626
6330.761719	-118.638710
6336.145020	-119.441315
6341.528320	-120.224480
6346.911621	-120.977386
6352.294922	-121.698174
6357.678223	-122.205521
6363.061523	-122.889977
6368.444824	-123.793549
6373.828125	-124.462280
6379.211426	-125.102135
6384.594727	-125.719284
6389.978027	-126.326904
6395.361328	-126.903809
6400.744629	-127.546120
6406.127930	-128.093948
6411.511230	-128.647507
6416.894531	-129.201874
6422.277832	-129.736191
6427.661133	-130.272430
6433.044434	-130.766953
6438.427734	-131.264496
6443.811035	-131.769745
6449.194336	-132.263138
6454.577637	-132.732925
6459.960938	-133.209045
6465.344238	-133.649338
6470.727539	-134.102142
6476.110840	-134.544220
6481.494141	-134.994263
6486.877441	-135.404022
6492.260742	-135.835907
6497.644043	-136.263412
6503.027344	-136.681885
6508.410645	-137.034988
6513.793945	-137.439178
6519.177246	-137.876526
6524.560547	-138.268082
6529.943848	-138.574570
6535.327148	-138.982727
6540.710449	-139.329315
6546.093750	-139.689331
6551.477051	-140.049179
6556.860352	-140.380859
6562.243652	-140.767990
6567.626953	-141.090118
6573.010254	-141.407455
6578.393555	-141.778488
6583.776855	-142.062149
6589.160156	-142.392380
6594.543457	-142.734634
6599.926758	-143.023743
6605.310059	-143.388138
6610.693359	-143.659897
6616.076660	-143.928650
6621.459961	-144.223450
6626.843262	-144.419876
6632.226562	-144.865387
6637.609863	-145.157394
6642.993164	-145.442322
6648.376465	-145.595688
6653.759766	-145.992477
6659.143066	-146.311951
6664.526367	-146.574600
6669.909668	-146.721161
6675.292969	-147.040665
6680.676270	-147.299393
6686.059570	-147.559814
6691.442871	-147.756058
6696.826172	-147.548965
6702.209473	-148.303009
6707.592773	-148.672424
6712.976074	-148.755981
6718.359375	-149.120041
6723.742676	-149.355316
6729.125977	-149.505219
6734.509277	-149.276459
6739.892578	-149.823257
6745.275879	-150.265091
6750.659180	-150.526566
6756.042480	-150.688232
6761.425781	-150.950485
6766.809082	-151.179352
6772.192383	-151.185989
6777.575684	-151.284302
6782.958984	-151.763641
6788.342285	-151.893311
6793.725586	-152.278519
6799.108887	-152.400513
6804.492188	-152.744843
6809.875488	-152.691757
6815.258789	-153.130264
6820.642090	-153.069839
6826.025391	-153.415298
6831.408691	-153.612366
6836.791992	-153.902328
6842.175293	-154.059769
6847.558594	-154.222061
6852.941895	-154.430481
6858.325195	-154.464828
6863.708496	-154.472015
6869.091797	-154.521942
6874.475098	-154.588699
6879.858398	-155.163818
6885.241699	-148.029846
6890.625000	-144.016251
6896.008301	-150.420410
6901.391602	-155.539413
6906.774902	-155.186371
6912.158203	-155.184219
6917.541504	-155.016785
6922.924805	-154.717392
6928.308105	-153.585068
6933.691406	-152.339005
6939.074707	-150.524704
6944.458008	-147.928757
6949.841309	-144.986618
6955.224609	-141.327484
6960.607910	-136.927780
6965.991211	-131.529190
6971.374512	-124.603333
6976.757812	-114.904190
6982.141113	-97.370651
6987.524414	-84.210800
6992.907715	-84.675476
6998.291016	-99.509987
7003.674316	-115.842056
7009.057617	-125.228035
7014.440918	-131.976639
7019.824219	-137.289963
7025.207520	-141.581985
7030.590820	-145.074188
7035.974121	-147.479797
7041.357422	-148.515503
7046.740723	-147.305511
7052.124023	-144.901184
7057.507324	-141.173508
7062.890625	-136.355637
7068.273926	-130.342758
7073.657227	-122.420113
7079.040527	-110.548004
7084.423828	-71.870308
7089.807129	-65.382050
7095.190430	-70.936966
7100.573730	-109.170158
7105.957031	-121.395065
7111.340332	-129.378845
7116.723633	-135.421295
7122.106934	-140.201599
7127.490234	-144.283493
7132.873535	-147.522552
7138.256836	-150.251556
7143.640137	-152.636322
7149.023438	-154.549362
7154.406738	-155.850143
7159.790039	-156.628510
7165.173340	-157.123276
7170.556641	-157.874649
7175.939941	-155.736221
7181.323242	-142.894638
7186.706543	-126.451897
7192.089844	-125.158218
7197.473145	-136.951950
7202.856445	-154.296371
7208.239746	-158.810181
7213.623047	-158.511536
7219.006348	-158.000580
7224.389648	-159.552994
7229.772949	-159.375748
7235.156250	-159.433502
7240.539551	-159.489532
7245.922852	-159.115204
7251.306152	-157.783722
7256.689453	-157.874802
7262.072754	-158.740585
7267.456055	-158.676758
7272.839355	-158.185638
7278.222656	-158.299271
7283.605957	-158.197571
7288.989258	-157.821930
7294.372559	-157.535049
7299.755859	-157.421631
7305.139160	-157.383347
7310.522461	-157.269653
7315.905762	-156.883514
7321.289062	-156.819351
7326.672363	-156.639099
7332.055664	-156.507736
7337.438965	-155.769791
7342.822266	-155.416565
7348.205566	-155.582855
7353.588867	-155.560104
7358.972168	-155.347549
7364.355469	-154.816269
7369.738770	-155.441437
7375.122070	-154.155655
7380.505371	-154.321365
7385.888672	-150.728622
7391.271973	-150.745087
7396.655273	-153.596863
7402.038574	-153.432663
7407.421875	-153.047714
7412.805176	-152.715881
7418.188477	-152.484146
7423.571777	-151.658691
7428.955078	-151.415314
7434.338379	-151.715790
7439.721680	-151.435913
7445.104980	-151.171677
7450.488281	-150.761230
7455.871582	-150.549194
7461.254883	-150.060852
7466.638184	-149.831100
7472.021484	-149.592255
7477.404785	-149.339294
7482.788086	-148.961578
7488.171387	-148.680542
7493.554688	-148.259811
7498.937988	-147.953171
7504.321289	-147.675934
7509.704590	-147.217667
7515.087891	-146.870346
7520.471191	-146.612198
7525.854492	-146.220993
7531.237793	-145.835663
7536.621094	-145.502808
7542.004395	-145.054047
7547.387695	-144.761826
7552.770996	-144.317703
7558.154297	-143.892746
7563.537598	-143.511993
7568.920898	-143.138626
7574.304199	-142.795380
7579.687500	-142.335312
7585.070801	-141.905212
7590.454102	-141.461472
7595.837402	-140.996231
7601.220703	-140.557083
7606.604004	-140.143433
7611.987305	-139.697037
7617.370605	-139.207535
7622.753906	-138.749603
7628.137207	-138.252533
7633.520508	-137.758224
7638.903809	-137.247498
7644.287109	-136.742065
7649.670410	-136.206985
7655.053711	-135.690353
7660.437012	-135.153931
7665.820312	-134.602921
7671.203613	-134.019928
7676.586914	-133.458893
7681.970215	-132.850388
7687.353516	-132.245346
7692.736816	-131.632629
7698.120117	-130.992584
7703.503418	-130.342178
7708.886719	-129.674026
7714.270020	-129.006851
7719.653320	-128.287888
7725.036621	-127.577194
7730.419922	-126.841431
7735.803223	-126.069656
7741.186523	-125.295586
7746.569824	-124.493286
7751.953125	-123.663246
7757.336426	-122.807587
7762.719727	-121.917648
7768.103027	-120.999275
7773.486328	-120.045952
7778.869629	-119.069031
7784.252930	-118.041893
7789.636230	-116.975441
7795.019531	-115.852325
7800.402832	-114.639412
7805.786133	-113.035645
7811.169434	-106.369904
7816.552734	-90.283661
7821.936035	-88.668846
7827.319336	-99.356728
7832.702637	-106.218407
7838.085938	-104.755814
7843.469238	-102.985558
7848.852539	-101.072075
7854.235840	-99.004883
7859.619141	-96.760941
7865.002441	-94.304771
7870.385742	-91.593102
7875.769043	-88.565086
7881.152344	-85.136223
7886.535645	-81.181602
7891.918945	-76.505608
7897.302246	-70.773735
7902.685547	-63.330612
7908.068848	-52.524021
7913.452148	-29.062983
7918.835449	-20.038054
7924.218750	-23.361654
7929.602051	-45.530666
7934.985352	-59.199337
7940.368652	-67.760384
7945.751953	-74.104012
7951.135254	-79.166855
7956.518555	-83.387192
7961.901855	-87.008362
7967.285156	-90.180725
7972.668457	-93.003777
7978.051758	-95.546318
7983.435059	-97.856728
7988.818359	-99.962814
7994.201660	-101.840652
7999.584961	-103.140869
8004.968262	-101.313515
8010.351562	-89.784996
8015.734863	-67.328758
8021.118164	-63.900867
8026.501465	-72.797737
8031.884766	-96.493034
8037.268066	-106.571381
8042.651367	-111.977531
8048.034668	-114.835442
8053.417969	-116.587868
8058.801270	-117.896301
8064.184570	-119.016495
8069.567871	-120.029182
8074.951172	-120.983879
8080.334473	-121.882820
8085.717773	-122.754616
8091.101074	-123.585785
8096.484375	-124.400269
8101.867676	-125.175308
8107.250977	-125.921906
8112.634277	-126.576347
8118.017578	-126.107101
8123.400879	-126.978065
8128.784180	-128.706055
8134.167480	-129.410126
8139.550781	-130.046143
8144.934082	-130.672653
8150.317383	-131.263107
8155.700684	-131.891083
8161.083984	-132.451904
8166.467285	-133.031158
8171.850586	-133.572983
8177.233887	-134.116760
8182.617188	-134.649399
8188.000488	-135.165817
8193.383789	-135.660446
8198.767090	-136.187820
8204.150391	-136.678070
8209.533691	-137.146591
8214.916992	-137.623688
8220.300293	-138.093735
8225.683594	-138.529251
8231.066895	-138.975113
8236.450195	-139.409760
8241.833496	-139.880844
8247.216797	-140.347794
8252.600098	-140.619888
8257.983398	-141.076202
8263.366699	-141.568283
8268.750000	-141.874557
8274.133301	-142.283478
8279.516602	-142.683533
8284.899902	-143.055191
8290.283203	-143.412491
8295.666504	-143.797562
8301.049805	-144.161606
8306.433105	-144.534546
8311.816406	-144.905563
8317.199707	-145.249390
8322.583008	-145.514847
8327.966309	-145.948532
8333.349609	-146.283340
8338.732910	-146.576126
8344.116211	-146.808578
8349.499512	-147.276291
8354.882812	-147.563171
8360.266113	-147.826340
8365.649414	-148.117432
8371.032715	-148.496155
8376.416016	-148.576416
8381.799316	-148.488373
8387.182617	-147.981644
8392.565918	-149.551651
8397.949219	-149.912628
8403.332520	-150.168839
8408.715820	-150.441238
8414.099121	-150.782440
8419.482422	-150.898926
8424.865723	-150.935089
8430.249023	-151.471588
8435.632324	-151.832291
8441.015625	-152.015747
8446.398926	-152.309204
8451.782227	-152.472855
8457.165527	-151.972839
8462.548828	-152.054626
8467.932129	-153.486450
8473.315430	-153.191452
8478.698730	-153.670746
8484.082031	-154.057785
8489.465332	-154.162460
8494.848633	-154.323044
8500.231934	-154.467453
8505.615234	-154.634796
8510.998535	-155.061768
8516.381836	-155.359283
8521.765137	-155.644104
8527.148438	-155.865143
8532.531738	-155.736221
8537.915039	-155.974533
8543.298340	-156.104492
8548.681641	-156.253967
8554.064941	-156.712479
8559.448242	-157.052124
8564.831543	-157.182266
8570.214844	-157.306824
8575.598145	-157.402756
8580.981445	-157.718216
8586.364746	-157.801880
8591.748047	-157.415726
8597.131348	-156.974533
8602.514648	-158.466660
8607.897949	-159.036530
8613.281250	-158.362122
8618.664551	-158.889023
8624.047852	-159.005951
8629.431152	-158.300140
8634.814453	-158.410645
8640.197754	-159.306915
8645.581055	-152.463745
8650.964355	-149.278580
8656.347656	-155.868423
8661.730957	-160.085648
8667.114258	-160.533997
8672.497559	-159.163696
8677.880859	-160.054565
8683.264160	-158.963516
8688.647461	-159.333191
8694.030762	-158.532959
8699.414062	-156.827362
8704.797363	-154.904633
8710.180664	-152.209686
8715.563965	-148.491882
8720.947266	-144.148926
8726.330566	-138.751740
8731.713867	-131.710617
8737.097168	-121.752708
8742.480469	-103.096840
8747.863770	-91.119926
8753.247070	-92.316200
8758.630371	-108.641617
8764.013672	-124.168755
8769.396973	-133.235199
8774.780273	-139.935013
8780.163574	-145.150208
8785.546875	-149.286942
8790.930176	-152.309830
8796.313477	-154.229279
8801.696777	-153.656433
8807.080078	-152.880615
8812.463379	-150.362091
8817.846680	-146.816696
8823.229980	-142.122513
8828.613281	-136.158905
8833.996582	-128.212250
8839.379883	-116.065155
8844.763184	-75.454422
8850.146484	-69.788971
8855.529785	-76.163170
8860.913086	-117.245239
8866.296387	-129.190247
8871.679688	-137.145935
8877.062988	-143.187042
8882.446289	-148.042679
8887.829590	-151.921783
8893.212891	-155.126022
8898.596191	-156.559418
8903.979492	-159.455551
8909.362793	-161.376389
8914.746094	-160.243851
8920.129395	-162.185715
8925.512695	-162.992111
8930.895996	-160.450241
8936.279297	-154.552414
8941.662598	-139.474182
8947.045898	-124.452690
8952.429199	-123.891472
8957.812500	-136.893738
8963.195801	-154.061737
8968.579102	-160.713638
8973.962402	-161.337494
8979.345703	-162.215378
8984.729004	-163.493835
8990.112305	-164.779816
8995.495605	-163.840866
9000.878906	-163.751938
9006.262207	-163.510986
9011.645508	-163.592102
9017.028809	-162.490204
9022.412109	-162.318176
9027.795410	-162.016235
9033.178711	-163.127121
9038.562012	-162.493744
9043.945312	-162.908218
9049.328613	-162.890778
9054.711914	-162.666382
9060.095215	-161.591721
9065.478516	-161.494080
9070.861816	-161.610779
9076.245117	-161.576736
9081.628418	-161.597214
9087.011719	-161.905991
9092.395020	-162.110291
9097.778320	-161.539627
9103.161621	-160.492355
9108.544922	-158.191483
9113.928223	-158.837173
9119.311523	-160.947784
9124.694824	-160.262070
9130.078125	-160.509186
9135.461426	-160.274536
9140.844727	-158.379425
9146.228027	-151.084213
9151.611328	-150.985077
9156.994629	-158.176147
9162.377930	-159.103302
9167.761230	-158.815308
9173.144531	-158.285843
9178.527832	-158.504990
9183.911133	-158.161407
9189.294434	-157.511536
9194.677734	-157.322021
9200.061035	-157.033463
9205.444336	-157.102539
9210.827637	-156.436386
9216.210938	-156.292038
9221.594238	-155.862000
9226.977539	-155.626480
9232.360840	-155.198807
9237.744141	-154.899399
9243.127441	-154.651337
9248.510742	-154.622940
9253.894043	-154.201706
9259.277344	-153.684952
9264.660645	-153.503891
9270.043945	-153.044739
9275.427246	-152.693619
9280.810547	-152.298187
9286.193848	-152.072723
9291.577148	-151.801300
9296.960449	-151.394043
9302.343750	-151.024567
9307.727051	-150.685577
9313.110352	-150.198288
9318.493652	-149.706390
9323.876953	-149.315689
9329.260254	-149.038879
9334.643555	-148.623245
9340.026855	-148.308273
9345.410156	-147.763992
9350.793457	-147.308197
9356.176758	-146.873779
9361.560059	-146.377121
9366.943359	-146.032639
9372.326660	-145.472702
9377.709961	-145.037323
9383.093262	-144.604568
9388.476562	-144.104263
9393.859863	-143.603348
9399.243164	-143.074265
9404.626465	-142.562622
9410.009766	-142.068604
9415.393066	-141.491989
9420.776367	-140.967163
9426.159668	-140.387314
9431.542969	-139.840485
9436.926270	-139.227249
9442.309570	-138.678070
9447.692871	-138.038849
9453.076172	-137.415466
9458.459473	-136.720840
9463.842773	-136.118866
9469.226074	-135.440063
9474.609375	-134.792618
9479.992676	-134.017242
9485.375977	-133.323990
9490.759277	-132.631378
9496.142578	-131.803040
9501.525879	-131.029861
9506.909180	-130.215942
9512.292480	-129.390106
9517.675781	-128.521866
9523.059082	-127.628578
9528.442383	-126.715294
9533.825684	-125.747932
9539.208984	-124.741043
9544.592285	-123.721008
9549.975586	-122.636818
9555.358887	-121.488388
9560.742188	-120.172218
9566.125488	-117.969170
9571.508789	-107.791718
9576.892090	-92.502892
9582.275391	-91.614029
9587.658691	-103.601410
9593.041992	-111.634903
9598.425293	-110.330292
9603.808594	-108.563049
9609.191895	-106.637093
9614.575195	-104.556984
9619.958496	-102.295517
9625.341797	-99.820580
9630.725098	-97.085999
9636.108398	-94.030899
9641.491699	-90.568474
9646.875000	-86.570709
9652.258301	-81.835457
9657.641602	-76.015602
9663.024902	-68.422890
9668.408203	-57.280319
9673.791504	-30.990721
9679.174805	-22.887840
9684.558105	-26.974966
9689.941406	-52.322216
9695.324707	-65.457756
9700.708008	-73.826317
9706.091309	-80.065125
9711.474609	-85.060280
9716.857910	-89.232368
9722.241211	-92.816742
9727.624512	-95.959267
9733.007812	-98.755531
9738.391113	-101.268539
9743.774414	-103.524620
9749.157715	-105.462341
9754.541016	-106.618820
9759.924316	-105.080231
9765.307617	-98.137344
9770.690918	-84.197655
9776.074219	-64.154022
9781.457520	-61.479084
9786.840820	-71.339684
9792.224121	-92.983711
9797.607422	-103.428902
9802.990723	-110.431213
9808.374023	-115.391754
9813.757324	-118.900833
9819.140625	-121.398895
9824.523926	-123.251884
9829.907227	-124.707481
9835.290527	-125.944687
9840.673828	-127.011620
9846.057129	-127.984344
9851.440430	-128.877731
9856.823730	-129.743866
9862.207031	-130.565994
9867.590332	-131.339294
9872.973633	-131.397568
9878.356934	-127.781639
9883.740234	-129.443008
9889.123535	-134.126465
9894.506836	-134.855728
9899.890137	-135.466583
9905.273438	-136.112778
9910.656738	-136.716476
9916.040039	-137.295868
9921.423340	-137.842545
9926.806641	-138.483688
9932.189941	-139.016800
9937.573242	-139.539246
9942.956543	-140.078949
9948.339844	-140.585175
9953.723145	-141.097000
9959.106445	-141.616165
9964.489746	-142.086227
9969.873047	-142.460571
9975.256348	-143.001083
9980.639648	-143.463165
9986.022949	-143.935043
9991.406250	-144.337631
9996.789551	-144.849426
10002.172852	-145.267517
10007.556152	-145.694824
10012.939453	-146.020615
10018.322754	-146.620834
10023.706055	-146.760147
10029.089355	-147.457748
10034.472656	-147.586456
10039.855957	-148.026550
10045.239258	-148.373718
10050.622559	-148.747955
10056.005859	-149.120026
10061.389160	-149.527008
10066.772461	-149.818039
10072.155762	-150.118362
10077.539062	-150.456696
10082.922363	-150.700409
10088.305664	-151.282196
10093.688965	-151.410980
10099.072266	-151.684067
10104.455566	-151.996033
10109.838867	-152.251663
10115.222168	-152.716370
10120.605469	-152.867737
10125.988770	-153.435120
10131.372070	-153.609528
10136.755371	-152.742523
10142.138672	-143.778076
10147.521973	-142.581573
10152.905273	-153.013580
10158.288574	-154.952377
10163.671875	-155.208923
10169.055176	-155.473618
10174.438477	-155.494141
10179.821777	-154.439316
10185.205078	-154.747223
10190.588379	-156.184326
10195.971680	-156.474258
10201.354980	-156.531601
10206.738281	-156.716492
10212.121582	-157.126556
10217.504883	-156.874771
10222.888184	-157.602463
10228.271484	-156.563431
10233.654785	-157.441650
10239.038086	-157.684097
10244.421387	-158.067978
10249.804688	-157.954315
10255.187988	-158.355072
10260.571289	-158.053421
10265.954590	-157.862595
10271.337891	-158.048065
10276.721191	-158.113068
10282.104492	-158.068253
10287.487793	-158.431915
10292.871094	-158.106094
10298.254395	-158.207840
10303.637695	-158.516037
10309.020996	-158.030289
10314.404297	-156.962601
10319.787598	-156.959015
10325.170898	-157.474792
10330.554199	-157.102173
10335.937500	-156.943527
10341.320801	-156.658264
10346.704102	-156.286636
10352.087402	-155.384323
10357.470703	-155.194901
10362.854004	-154.834229
10368.237305	-154.615982
10373.620605	-154.116882
10379.003906	-152.983978
10384.387207	-153.190247
10389.770508	-152.459961
10395.153809	-151.601913
10400.537109	-150.920883
10405.920410	-144.100861
10411.303711	-141.540604
10416.687012	-147.038483
10422.070312	-147.999863
10427.453613	-147.175598
10432.836914	-146.230286
10438.220215	-145.004044
10443.603516	-143.728485
10448.986816	-142.332901
10454.370117	-140.685272
10459.753418	-138.667023
10465.136719	-136.251938
10470.520020	-133.295715
10475.903320	-129.763535
10481.286621	-125.378494
10486.669922	-119.906540
10492.053223	-112.764084
10497.436523	-102.535721
10502.819824	-82.538635
10508.203125	-71.655846
10513.586426	-73.587868
10518.969727	-91.621109
10524.353027	-106.404709
10529.736328	-115.100090
10535.119629	-120.351280
10540.502930	-122.054039
10545.886230	-121.185852
10551.269531	-119.239220
10556.652832	-116.829651
10562.036133	-114.084747
10567.419434	-110.982582
10572.802734	-107.440224
10578.186035	-103.322670
10583.569336	-98.398628
10588.952637	-92.267052
10594.335938	-84.087791
10599.719238	-71.445000
10605.102539	-41.325729
10610.485840	-36.459251
10615.869141	-43.680866
10621.252441	-74.416069
10626.635742	-85.924385
10632.019043	-93.678528
10637.402344	-99.594795
10642.785645	-104.396255
10648.168945	-108.444275
10653.552246	-111.946648
10658.935547	-115.035995
10664.318848	-117.796181
10669.702148	-120.296410
10675.085449	-122.578445
10680.468750	-124.682869
10685.852051	-126.625336
10691.235352	-128.344696
10696.618652	-129.015915
10702.001953	-118.267799
10707.385254	-104.801346
10712.768555	-104.963303
10718.151855	-119.162613
10723.535156	-133.591309
10728.918457	-137.778900
10734.301758	-139.527344
10739.685059	-140.780884
10745.068359	-142.044479
10750.451660	-142.814911
10755.834961	-144.023911
10761.218262	-144.958771
10766.601562	-145.852203
10771.984863	-146.802551
10777.368164	-147.652634
10782.751465	-148.481064
10788.134766	-149.352188
10793.518066	-150.198257
10798.901367	-150.814560
10804.284668	-151.574951
10809.667969	-152.350952
10815.051270	-152.861847
10820.434570	-153.906540
10825.817871	-154.346313
10831.201172	-153.217453
10836.584473	-153.825500
10841.967773	-156.135117
10847.351074	-156.843964
10852.734375	-157.258362
10858.117676	-157.820709
10863.500977	-158.388748
10868.884277	-157.250381
10874.267578	-157.339005
10879.650879	-159.728607
10885.034180	-160.350525
10890.417480	-161.008362
10895.800781	-161.163971
10901.184082	-160.882370
10906.567383	-158.098190
10911.950684	-158.614853
10917.333984	-162.069977
10922.717285	-161.994843
10928.100586	-163.590897
10933.483887	-163.407242
10938.867188	-163.249542
10944.250488	-164.294296
10949.633789	-164.362488
10955.017090	-162.765198
10960.400391	-162.961105
10965.783691	-163.648956
10971.166992	-164.919678
10976.550293	-165.606796
10981.933594	-165.026489
10987.316895	-165.080536
10992.700195	-165.990112
10998.083496	-164.823105
11003.466797	-162.361115
11008.850098	-161.889587
11014.233398	-164.161118
11019.616699	-164.104462
