Frequency (Hz)	Level (dB)
5.383301	-153.340897
10.766602	-156.995682
16.149902	-158.032333
21.533203	-157.614166
26.916504	-158.191116
32.299805	-157.910522
37.683105	-158.261185
43.066406	-157.721390
48.449707	-157.453094
53.833008	-157.979156
59.216309	-158.229309
64.599609	-158.094437
69.982910	-158.606171
75.366211	-155.700317
80.749512	-158.075058
86.132812	-157.856781
91.516113	-157.698471
96.899414	-157.256531
102.282715	-157.647079
107.666016	-157.448380
113.049316	-154.239349
118.432617	-156.525681
123.815918	-157.579132
129.199219	-157.648590
134.582520	-157.275482
139.965820	-157.921432
145.349121	-157.841370
150.732422	-157.064697
156.115723	-157.453568
161.499023	-157.622116
166.882324	-156.813293
172.265625	-157.584045
177.648926	-156.790573
183.032227	-156.914581
188.415527	-157.191055
193.798828	-156.933548
199.182129	-155.723648
204.565430	-156.919022
209.948730	-156.619476
215.332031	-157.163300
220.715332	-156.867081
226.098633	-155.880142
231.481934	-151.710190
236.865234	-152.286652
242.248535	-156.341797
247.631836	-155.381668
253.015137	-154.966705
258.398438	-156.225403
263.781738	-154.932983
269.165039	-153.607269
274.548340	-156.298019
279.931641	-155.796143
285.314941	-156.568329
290.698242	-155.633331
296.081543	-155.903427
301.464844	-156.018570
306.848145	-155.606171
312.231445	-155.549286
317.614746	-156.090897
322.998047	-155.162811
328.381348	-155.103394
333.764648	-155.491669
339.147949	-154.815536
344.531250	-155.136917
349.914551	-155.147217
355.297852	-154.737640
360.681152	-154.997879
366.064453	-155.111038
371.447754	-153.928116
376.831055	-155.033279
382.214355	-154.327972
387.597656	-154.543869
392.980957	-154.021027
398.364258	-154.305344
403.747559	-154.306183
409.130859	-154.059143
414.514160	-153.435669
419.897461	-149.548126
425.280762	-152.000015
430.664062	-151.897507
436.047363	-151.952866
441.430664	-152.513611
446.813965	-144.910614
452.197266	-143.776825
457.580566	-151.490128
462.963867	-152.989136
468.347168	-152.234940
473.730469	-152.696823
479.113770	-152.638031
484.497070	-151.819214
489.880371	-152.245209
495.263672	-152.541016
500.646973	-152.496704
506.030273	-152.193909
511.413574	-152.059875
516.796875	-152.122238
522.180176	-152.001236
527.563477	-151.838043
532.946777	-152.021530
538.330078	-151.730621
543.713379	-151.252106
549.096680	-151.463104
554.479980	-151.294296
559.863281	-151.106720
565.246582	-151.232788
570.629883	-150.890305
576.013184	-150.684219
581.396484	-150.696487
586.779785	-150.716553
592.163086	-150.670242
597.546387	-150.282104
602.929688	-150.368225
608.312988	-149.909409
613.696289	-149.628128
619.079590	-149.941681
624.462891	-149.862854
629.846191	-149.433914
635.229492	-149.837769
640.612793	-149.454391
645.996094	-149.091431
651.379395	-149.308777
656.762695	-148.837158
662.145996	-149.206268
667.529297	-148.815079
672.912598	-148.501266
678.295898	-148.460205
683.679199	-147.439957
689.062500	-148.174835
694.445801	-148.252075
699.829102	-148.111496
705.212402	-147.681396
710.595703	-147.973816
715.979004	-147.441742
721.362305	-147.584625
726.745605	-147.309113
732.128906	-147.127106
737.512207	-146.974808
742.895508	-147.026855
748.278809	-146.812851
753.662109	-146.851471
759.045410	-146.477707
764.428711	-146.223480
769.812012	-146.605789
775.195312	-146.160614
780.578613	-146.056747
785.961914	-145.987350
791.345215	-145.634598
796.728516	-145.609924
802.111816	-145.451828
807.495117	-145.383362
812.878418	-145.140076
818.261719	-145.129196
823.645020	-144.807343
829.028320	-144.716202
834.411621	-144.702682
839.794922	-144.354599
845.178223	-144.215134
850.561523	-144.289062
855.944824	-143.935623
861.328125	-143.812836
866.711426	-143.694397
872.094727	-143.566849
877.478027	-143.305740
882.861328	-142.862045
888.244629	-143.075150
893.627930	-142.712555
899.011230	-141.210449
904.394531	-142.054703
909.777832	-142.431229
915.161133	-142.182724
920.544434	-142.126770
925.927734	-141.912674
931.311035	-141.840393
936.694336	-141.691681
942.077637	-141.374664
947.460938	-141.326492
952.844238	-140.859146
958.227539	-140.757721
963.610840	-140.820114
968.994141	-140.628738
974.377441	-140.396576
979.760742	-140.226883
985.144043	-140.067520
990.527344	-139.871796
995.910645	-139.709473
1001.293945	-139.516296
1006.677246	-139.332672
1012.060547	-139.244797
1017.443848	-138.931015
1022.827148	-138.834991
1028.210449	-138.652969
1033.593750	-138.394272
1038.977051	-138.246323
1044.360352	-138.063660
1049.743652	-137.849304
1055.126953	-137.735703
1060.510254	-137.509720
1065.893555	-137.270630
1071.276855	-137.122238
1076.660156	-136.902451
1082.043457	-136.700241
1087.426758	-136.541153
1092.810059	-136.324509
1098.193359	-136.069672
1103.576660	-136.028519
1108.959961	-135.405289
1114.343262	-135.568634
1119.726562	-135.236862
1125.109863	-135.056396
1130.493164	-134.858871
1135.876465	-134.616730
1141.259766	-134.388107
1146.643066	-134.234299
1152.026367	-133.995926
1157.409668	-133.746353
1162.792969	-133.564117
1168.176270	-133.317429
1173.559570	-133.106339
1178.942871	-132.873093
1184.326172	-132.652466
1189.709473	-132.373428
1195.092773	-132.143295
1200.476074	-131.937027
1205.859375	-131.692230
1211.242676	-131.471313
1216.625977	-131.212036
1222.009277	-130.951447
1227.392578	-130.726303
1232.775879	-130.483398
1238.159180	-130.221283
1243.542480	-129.974854
1248.925781	-129.684616
1254.309082	-129.444839
1259.692383	-129.189758
1265.075684	-128.935089
1270.458984	-128.626022
1275.842285	-128.400620
1281.225586	-128.150864
1286.608887	-127.816681
1291.992188	-127.565544
1297.375488	-127.263870
1302.758789	-127.009941
1308.142090	-126.690033
1313.525391	-126.435600
1318.908691	-126.114090
1324.291992	-125.829262
1329.675293	-125.522232
1335.058594	-125.226852
1340.441895	-124.881042
1345.825195	-121.860962
1351.208496	-119.961426
1356.591797	-123.195015
1361.975098	-123.638306
1367.358398	-123.339478
1372.741699	-122.981758
1378.125000	-122.661766
1383.508301	-122.326088
1388.891602	-121.971382
1394.274902	-121.649879
1399.658203	-121.274673
1405.041504	-120.930794
1410.424805	-120.573586
1415.808105	-120.190857
1421.191406	-119.820793
1426.574707	-119.464516
1431.958008	-119.065872
1437.341309	-118.678688
1442.724609	-118.298157
1448.107910	-117.898506
1453.491211	-117.463425
1458.874512	-117.110847
1464.257812	-116.650414
1469.641113	-116.240906
1475.024414	-115.797302
1480.407715	-115.362572
1485.791016	-114.916145
1491.174316	-114.463226
1496.557617	-114.002380
1501.940918	-113.531418
1507.324219	-113.049507
1512.707520	-112.567017
1518.090820	-112.068932
1523.474121	-111.564323
1528.857422	-111.046410
1534.240723	-110.518806
1539.624023	-109.987282
1545.007324	-109.433968
1550.390625	-108.879135
1555.773926	-108.305237
1561.157227	-107.721069
1566.540527	-107.124062
1571.923828	-106.512756
1577.307129	-105.888153
1582.690430	-105.245872
1588.073730	-104.588203
1593.457031	-103.916199
1598.840332	-103.223778
1604.223633	-102.512985
1609.606934	-101.783432
1614.990234	-101.031799
1620.373535	-100.260185
1625.756836	-99.465858
1631.140137	-98.640823
1636.523438	-97.793556
1641.906738	-96.916153
1647.290039	-96.009987
1652.673340	-95.071739
1658.056641	-94.096771
1663.439941	-93.085609
1668.823242	-92.033600
1674.206543	-90.937035
1679.589844	-89.792671
1684.973145	-88.596313
1690.356445	-87.342323
1695.739746	-86.025093
1701.123047	-84.638161
1706.506348	-83.172890
1711.889648	-81.621445
1717.272949	-79.970665
1722.656250	-78.209343
1728.039551	-76.319740
1733.422852	-74.282417
1738.806152	-72.071777
1744.189453	-69.655624
1749.572754	-66.991165
1754.956055	-64.020996
1760.339355	-60.664806
1765.722656	-56.805248
1771.105957	-52.260345
1776.489258	-46.723869
1781.872559	-39.610767
1787.255859	-29.520512
1792.639160	-10.269367
1798.022461	1.185737
1803.405762	-0.353786
1808.789062	-17.447571
1814.172363	-32.627636
1819.555664	-41.683792
1824.938965	-48.287392
1830.322266	-53.513813
1835.705566	-57.847866
1841.088867	-61.553600
1846.472168	-64.791855
1851.855469	-67.668327
1857.238770	-70.256165
1862.622070	-72.608208
1868.005371	-74.764191
1873.388672	-76.754120
1878.771973	-78.602020
1884.155273	-80.326920
1889.538574	-81.943695
1894.921875	-83.465797
1900.305176	-84.903450
1905.688477	-86.265266
1911.071777	-87.559181
1916.455078	-88.791588
1921.838379	-89.967682
1927.221680	-91.093147
1932.604980	-92.171463
1937.988281	-93.206787
1943.371582	-94.201492
1948.754883	-95.160881
1954.138184	-96.085091
1959.521484	-96.977310
1964.904785	-97.841377
1970.288086	-98.676506
1975.671387	-99.483917
1981.054688	-100.267860
1986.437988	-101.028305
1991.821289	-101.767830
1997.204590	-102.487106
2002.587891	-103.186790
2007.971191	-103.868958
2013.354492	-104.531784
2018.737793	-105.177277
2024.121094	-105.810562
2029.504395	-106.424316
2034.887695	-107.027458
2040.270996	-107.614876
2045.654297	-108.189285
2051.037598	-108.751488
2056.420898	-109.302719
2061.804199	-109.841454
2067.187500	-110.369209
2072.570801	-110.885696
2077.954102	-111.392914
2083.337402	-111.891144
2088.720703	-112.380821
2094.104004	-112.856949
2099.487305	-113.328735
2104.870605	-113.790009
2110.253906	-114.243660
2115.637207	-114.690331
2121.020508	-115.129051
2126.403809	-115.557037
2131.787109	-115.987823
2137.170410	-116.401756
2142.553711	-116.804840
2147.937012	-117.249977
2153.320312	-117.606735
2158.703613	-118.006592
2164.086914	-118.384033
2169.470215	-118.762314
2174.853516	-119.153557
2180.236816	-119.505798
2185.620117	-119.866196
2191.003418	-120.238289
2196.386719	-120.590500
2201.770020	-120.928040
2207.153320	-121.294746
2212.536621	-121.611710
2217.919922	-121.958687
2223.303223	-122.282585
2228.686523	-122.618195
2234.069824	-122.944244
2239.453125	-123.250221
2244.836426	-120.916161
2250.219727	-117.628860
2255.603027	-121.737846
2260.986328	-124.483307
2266.369629	-124.791885
2271.752930	-125.086761
2277.136230	-125.386452
2282.519531	-125.657959
2287.902832	-125.968666
2293.286133	-126.227737
2298.669434	-126.541290
2304.052734	-126.798103
2309.436035	-127.099953
2314.819336	-127.335236
2320.202637	-127.634506
2325.585938	-127.882591
2330.969238	-128.123871
2336.352539	-128.372574
2341.735840	-128.667007
2347.119141	-128.919266
2352.502441	-129.154221
2357.885742	-129.426529
2363.269043	-129.671814
2368.652344	-129.912750
2374.035645	-130.159836
2379.418945	-130.374924
2384.802246	-130.636597
2390.185547	-130.890152
2395.568848	-131.087128
2400.952148	-131.367966
2406.335449	-131.542404
2411.718750	-131.775253
2417.102051	-132.010178
2422.485352	-132.338150
2427.868652	-132.391342
2433.251953	-132.692581
2438.635254	-132.925888
2444.018555	-133.102570
2449.401855	-133.322540
2454.785156	-133.580231
2460.168457	-133.728928
2465.551758	-133.995728
2470.935059	-134.199127
2476.318359	-134.355774
2481.701660	-134.647186
2487.084961	-134.540192
2492.468262	-134.988144
2497.851562	-135.221603
2503.234863	-135.344025
2508.618164	-135.589905
2514.001465	-135.811569
2519.384766	-135.959717
2524.768066	-136.166229
2530.151367	-136.375214
2535.534668	-136.516617
2540.917969	-136.726990
2546.301270	-136.958344
2551.684570	-137.092346
2557.067871	-137.311417
2562.451172	-137.479919
2567.834473	-137.580902
2573.217773	-137.885956
2578.601074	-138.010468
2583.984375	-138.151596
2589.367676	-138.413193
2594.750977	-138.559174
2600.134277	-138.717819
2605.517578	-138.894836
2610.900879	-139.024734
2616.284180	-139.247864
2621.667480	-139.411728
2627.050781	-139.554489
2632.434082	-139.737320
2637.817383	-139.908737
2643.200684	-139.932587
2648.583984	-140.221588
2653.967285	-140.475510
2659.350586	-140.476837
2664.733887	-140.622391
2670.117188	-140.894348
2675.500488	-140.989227
2680.883789	-141.067444
2686.267090	-141.272079
2691.650391	-141.460342
2697.033691	-141.330154
2702.416992	-141.227554
2707.800293	-141.919373
2713.183594	-142.147919
2718.566895	-142.200928
2723.950195	-142.394897
2729.333496	-142.538345
2734.716797	-142.761292
2740.100098	-142.835770
2745.483398	-142.893829
2750.866699	-143.178833
2756.250000	-143.320343
2761.633301	-143.345840
2767.016602	-143.718811
2772.399902	-143.706665
2777.783203	-143.728653
2783.166504	-144.043350
2788.549805	-144.162766
2793.933105	-144.282593
2799.316406	-144.384323
2804.699707	-144.619370
2810.083008	-144.526535
2815.466309	-144.903015
2820.849609	-145.022812
2826.232910	-145.197540
2831.616211	-145.191513
2836.999512	-145.704590
2842.382812	-145.438675
2847.766113	-145.668076
2853.149414	-145.778534
2858.532715	-145.826111
2863.916016	-146.018814
2869.299316	-146.160217
2874.682617	-146.127289
2880.065918	-146.505127
2885.449219	-146.478165
2890.832520	-146.847443
2896.215820	-146.559372
2901.599121	-146.906921
2906.982422	-147.117126
2912.365723	-146.758774
2917.749023	-146.146790
2923.132324	-147.429489
2928.515625	-145.656204
2933.898926	-143.052780
2939.282227	-146.328842
2944.665527	-147.791687
2950.048828	-148.156952
2955.432129	-147.923004
2960.815430	-148.302765
2966.198730	-148.627533
2971.582031	-148.366806
2976.965332	-148.637222
2982.348633	-148.701752
2987.731934	-148.742020
2993.115234	-149.019943
2998.498535	-149.117889
3003.881836	-148.712143
3009.265137	-149.165573
3014.648438	-149.467209
3020.031738	-149.218277
3025.415039	-149.250412
3030.798340	-149.660675
3036.181641	-149.868668
3041.564941	-149.990494
3046.948242	-149.908157
3052.331543	-150.397293
3057.714844	-150.038528
3063.098145	-150.365997
3068.481445	-150.705963
3073.864746	-150.452164
3079.248047	-150.703842
3084.631348	-150.778748
3090.014648	-150.953629
3095.397949	-150.842117
3100.781250	-151.255463
3106.164551	-151.168167
3111.547852	-151.064987
3116.931152	-151.226364
3122.314453	-151.722778
3127.697754	-151.551453
3133.081055	-151.783966
3138.464355	-151.952927
3143.847656	-151.350204
3149.230957	-149.443405
3154.614258	-151.089508
3159.997559	-152.184158
3165.380859	-151.816467
3170.764160	-151.484207
3176.147461	-149.069611
3181.530762	-150.268814
3186.914062	-152.441788
3192.297363	-152.632797
3197.680664	-153.050797
3203.063965	-153.063202
3208.447266	-152.964279
3213.830566	-153.467712
3219.213867	-153.222061
3224.597168	-153.959061
3229.980469	-152.924103
3235.363770	-153.823715
3240.747070	-153.588272
3246.130371	-153.356674
3251.513672	-154.118835
3256.896973	-154.121674
3262.280273	-153.582031
3267.663574	-154.349167
3273.046875	-153.825745
3278.430176	-153.889114
3283.813477	-154.921585
3289.196777	-154.343552
3294.580078	-154.718582
3299.963379	-154.654984
3305.346680	-155.063354
3310.729980	-154.435120
3316.113281	-155.258362
3321.496582	-154.811127
3326.879883	-155.241470
3332.263184	-154.523605
3337.646484	-155.511871
3343.029785	-155.534714
3348.413086	-154.885513
3353.796387	-155.250702
3359.179688	-155.427734
3364.562988	-153.686264
3369.946289	-153.980820
3375.329590	-155.137863
3380.712891	-156.281006
3386.096191	-156.107880
3391.479492	-156.134842
3396.862793	-156.292328
3402.246094	-155.716034
3407.629395	-156.227493
3413.012695	-156.856659
3418.395996	-156.607605
3423.779297	-156.426422
3429.162598	-156.677994
3434.545898	-156.226044
3439.929199	-156.556519
3445.312500	-156.887131
3450.695801	-156.207367
3456.079102	-156.853821
3461.462402	-157.166351
3466.845703	-156.720444
3472.229004	-157.215576
3477.612305	-157.046173
3482.995605	-157.564438
3488.378906	-155.947128
3493.762207	-158.138672
3499.145508	-157.442856
3504.528809	-157.498169
3509.912109	-158.054443
3515.295410	-157.630768
3520.678711	-156.888168
3526.062012	-156.549866
3531.445312	-157.998245
3536.828613	-157.918640
3542.211914	-158.143753
3547.595215	-158.262863
3552.978516	-157.964264
3558.361816	-158.853516
3563.745117	-158.471832
3569.128418	-158.361298
3574.511719	-159.310776
3579.895020	-156.853500
3585.278320	-157.654053
3590.661621	-153.921432
3596.044922	-135.649750
3601.428223	-132.926834
3606.811523	-142.612900
3612.194824	-154.806641
3617.578125	-152.566528
3622.961426	-156.853760
3628.344727	-159.551773
3633.728027	-158.987869
3639.111328	-160.512527
3644.494629	-159.381180
3649.877930	-158.563843
3655.261230	-159.519196
3660.644531	-160.095673
3666.027832	-159.160934
3671.411133	-159.357208
3676.794434	-159.354446
3682.177734	-159.425903
3687.561035	-160.534897
3692.944336	-158.400864
3698.327637	-158.615372
3703.710938	-159.149872
3709.094238	-153.381302
3714.477539	-150.615036
3719.860840	-158.439224
3725.244141	-160.847336
3730.627441	-159.568787
3736.010742	-160.978394
3741.394043	-161.713867
3746.777344	-160.577377
3752.160645	-160.874298
3757.543945	-160.222763
3762.927246	-160.934509
3768.310547	-160.768250
3773.693848	-161.285614
3779.077148	-160.648361
3784.460449	-160.223663
3789.843750	-161.918365
3795.227051	-160.826996
3800.610352	-161.406754
3805.993652	-161.674194
3811.376953	-160.535767
3816.760254	-161.117905
3822.143555	-160.232727
3827.526855	-158.773605
3832.910156	-154.583694
3838.293457	-157.516479
3843.676758	-160.657257
3849.060059	-156.977798
3854.443359	-158.520355
3859.826660	-161.143555
3865.209961	-154.999283
3870.593262	-155.889236
3875.976562	-162.954147
3881.359863	-161.680740
3886.743164	-161.196808
3892.126465	-162.796204
3897.509766	-162.566452
3902.893066	-161.670517
3908.276367	-161.694687
3913.659668	-161.873093
3919.042969	-163.754150
3924.426270	-161.605469
3929.809570	-162.195663
3935.192871	-162.705521
3940.576172	-163.084167
3945.959473	-163.168808
3951.342773	-160.888626
3956.726074	-161.793686
3962.109375	-162.898712
3967.492676	-164.018524
3972.875977	-161.132736
3978.259277	-162.522400
3983.642578	-164.459366
3989.025879	-162.962601
3994.409180	-161.766861
3999.792480	-163.230560
4005.175781	-162.391586
4010.559082	-163.502884
4015.942383	-161.829742
4021.325684	-160.326385
4026.708984	-161.720505
4032.092285	-160.655746
4037.475586	-160.200226
4042.858887	-157.508209
4048.242188	-149.479660
4053.625488	-151.229935
4059.008789	-160.022690
4064.392090	-160.891434
4069.775391	-161.215515
4075.158691	-163.696472
4080.541992	-162.286911
4085.925293	-163.042740
4091.308594	-163.123032
4096.691895	-164.689545
4102.075195	-163.143188
4107.458496	-163.514069
4112.841797	-162.942368
4118.225098	-164.745514
4123.608398	-162.060211
4128.991699	-162.933487
4134.375000	-164.363037
4139.758301	-164.727249
4145.141602	-162.879227
4150.524902	-164.261566
4155.908203	-164.505249
4161.291504	-163.539185
4166.674805	-165.281693
4172.058105	-162.820129
4177.441406	-164.699631
4182.824707	-164.975235
4188.208008	-163.329193
4193.591309	-163.406937
4198.974609	-162.785416
4204.357910	-165.220413
4209.741211	-160.432419
4215.124512	-161.231674
4220.507812	-165.247314
4225.891113	-163.202057
4231.274414	-162.166382
4236.657715	-164.464279
4242.041016	-163.740982
4247.424316	-162.947037
4252.807617	-163.978134
4258.190918	-162.345261
4263.574219	-152.235153
4268.957520	-152.227600
4274.340820	-162.841919
4279.724121	-160.064484
4285.107422	-158.186829
4290.490723	-163.572601
4295.874023	-162.582596
4301.257324	-161.199066
4306.640625	-164.152252
4312.023926	-165.088913
4317.407227	-163.773483
4322.790527	-163.193893
4328.173828	-164.578201
4333.557129	-165.837662
4338.940430	-164.236313
4344.323730	-165.369675
4349.707031	-163.959900
4355.090332	-164.307678
4360.473633	-163.969925
4365.856934	-163.703033
4371.240234	-163.352951
4376.623535	-164.277466
4382.006836	-160.953949
4387.390137	-161.288956
4392.773438	-163.589035
4398.156738	-161.270569
4403.540039	-159.676819
4408.923340	-162.908035
4414.306641	-163.039398
4419.689941	-164.590347
4425.073242	-163.237518
4430.456543	-161.731583
4435.839844	-164.150742
4441.223145	-163.179749
4446.606445	-162.873947
4451.989746	-163.214249
4457.373047	-164.414932
4462.756348	-162.899857
4468.139648	-162.985641
4473.522949	-162.439484
4478.906250	-163.779892
4484.289551	-162.492813
4489.672852	-162.777420
4495.056152	-160.625610
4500.439453	-157.043564
4505.822754	-161.044739
4511.206055	-161.464249
4516.589355	-159.088577
4521.972656	-160.274490
4527.355957	-166.671127
4532.739258	-161.153397
4538.122559	-162.329727
4543.505859	-162.394531
4548.889160	-157.530197
4554.272461	-150.942276
4559.655762	-150.565903
4565.039062	-161.642929
4570.422363	-161.790802
4575.805664	-160.887329
4581.188965	-162.242004
4586.572266	-162.051025
4591.955566	-161.228317
4597.338867	-161.153351
4602.722168	-161.016815
4608.105469	-161.279160
4613.488770	-160.993332
4618.872070	-160.217026
4624.255371	-159.528473
4629.638672	-160.904572
4635.021973	-160.023682
4640.405273	-159.133179
4645.788574	-158.962891
4651.171875	-159.353561
4656.555176	-160.304214
4661.938477	-158.610611
4667.321777	-159.400864
4672.705078	-159.105179
4678.088379	-158.692322
4683.471680	-158.078064
4688.854980	-159.060669
4694.238281	-158.344513
4699.621582	-158.142609
4705.004883	-157.126373
4710.388184	-154.290909
4715.771484	-148.345840
4721.154785	-152.225952
4726.538086	-154.577744
4731.921387	-149.105972
4737.304688	-150.644730
4742.687988	-155.806107
4748.071289	-155.393402
4753.454590	-156.050232
4758.837891	-155.726044
4764.221191	-155.599731
4769.604492	-154.964981
4774.987793	-154.807785
4780.371094	-154.911942
4785.754395	-154.817596
4791.137695	-154.258209
4796.520996	-153.799149
4801.904297	-153.831589
4807.287598	-153.552261
4812.670898	-153.145111
4818.054199	-153.209793
4823.437500	-152.753403
4828.820801	-152.680542
4834.204102	-152.214737
4839.587402	-152.006409
4844.970703	-151.816498
4850.354004	-151.387177
4855.737305	-151.141907
4861.120605	-150.917114
4866.503906	-150.741180
4871.887207	-150.187149
4877.270508	-150.062073
4882.653809	-149.789795
4888.037109	-149.411362
4893.420410	-149.136414
4898.803711	-148.668335
4904.187012	-148.404724
4909.570312	-148.203674
4914.953613	-148.018799
4920.336914	-147.570801
4925.720215	-147.325989
4931.103516	-146.858398
4936.486816	-146.240967
4941.870117	-138.997482
4947.253418	-125.636642
4952.636719	-125.521637
4958.020020	-138.365692
4963.403320	-144.690643
4968.786621	-144.585419
4974.169922	-144.337997
4979.553223	-144.008301
4984.936523	-143.648605
4990.319824	-143.208282
4995.703125	-142.938354
5001.086426	-142.560272
5006.469727	-142.109909
5011.853027	-141.813950
5017.236328	-141.361191
5022.619629	-140.969879
5028.002930	-140.655777
5033.386230	-140.200684
5038.769531	-139.789978
5044.152832	-139.390030
5049.536133	-138.875381
5054.919434	-138.386902
5060.302734	-138.185287
5065.686035	-137.602356
5071.069336	-137.248398
5076.452637	-136.765213
5081.835938	-136.292725
5087.219238	-135.791000
5092.602539	-135.307770
5097.985840	-134.879471
5103.369141	-134.370316
5108.752441	-133.862045
5114.135742	-133.340668
5119.519043	-132.846237
5124.902344	-132.313690
5130.285645	-131.761856
5135.668945	-131.205521
5141.052246	-130.649292
5146.435547	-130.099457
5151.818848	-129.481339
5157.202148	-128.905411
5162.585449	-128.314499
5167.968750	-127.691643
5173.352051	-127.045135
5178.735352	-126.405045
5184.118652	-125.737656
5189.501953	-125.063431
5194.885254	-124.357666
5200.268555	-123.653046
5205.651855	-122.908844
5211.035156	-122.162285
5216.418457	-121.379486
5221.801758	-120.576286
5227.185059	-119.755966
5232.568359	-118.914932
5237.951660	-118.042984
5243.334961	-117.136696
5248.718262	-116.203743
5254.101562	-115.241867
5259.484863	-114.235291
5264.868164	-113.196449
5270.251465	-112.115402
5275.634766	-110.989380
5281.018066	-109.811600
5286.401367	-108.583237
5291.784668	-107.294228
5297.167969	-105.941643
5302.551270	-104.516930
5307.934570	-103.012161
5313.317871	-101.415230
5318.701172	-99.720657
5324.084473	-97.909256
5329.467773	-95.964607
5334.851074	-93.866753
5340.234375	-91.587212
5345.617676	-89.092270
5351.000977	-86.335411
5356.384277	-83.254517
5361.767578	-79.760651
5367.150879	-75.723228
5372.534180	-70.935150
5377.917480	-65.038185
5383.300781	-57.315662
5388.684082	-45.878666
5394.067383	-16.182484
5399.450684	-8.798791
5404.833984	-13.518113
5410.217285	-42.540985
5415.600586	-55.273712
5420.983887	-63.488678
5426.367188	-69.641121
5431.750488	-74.579079
5437.133789	-78.709503
5442.517090	-82.261497
5447.900391	-85.378357
5453.283691	-88.155273
5458.666992	-90.659431
5464.050293	-92.939339
5469.433594	-95.032211
5474.816895	-96.965881
5480.200195	-98.763359
5485.583496	-100.439140
5490.966797	-102.015648
5496.350098	-103.497635
5501.733398	-104.897659
5507.116699	-106.225449
5512.500000	-107.485809
5517.883301	-108.687149
5523.266602	-109.831268
5528.649902	-110.931084
5534.033203	-111.979385
5539.416504	-112.987190
5544.799805	-113.957542
5550.183105	-114.891083
5555.566406	-115.791420
5560.949707	-116.656845
5566.333008	-117.489189
5571.716309	-118.302109
5577.099609	-119.092796
5582.482910	-119.858803
5587.866211	-120.588829
5593.249512	-121.312744
5598.632812	-122.011162
5604.016113	-122.697205
5609.399414	-123.358452
5614.782715	-123.999763
5620.166016	-124.626144
5625.549316	-125.194740
5630.932617	-125.812363
5636.315918	-126.383476
5641.699219	-126.973793
5647.082520	-127.560501
5652.465820	-128.070206
5657.849121	-128.601242
5663.232422	-129.141724
5668.615723	-129.646393
5673.999023	-130.143814
5679.382324	-130.648300
5684.765625	-131.119232
5690.148926	-131.587952
5695.532227	-132.055832
5700.915527	-132.513199
5706.298828	-132.946442
5711.682129	-133.392471
5717.065430	-133.799835
5722.448730	-134.234283
5727.832031	-134.652481
5733.215332	-135.058914
5738.598633	-135.428162
5743.981934	-135.754883
5749.365234	-136.306870
5754.748535	-136.612656
5760.131836	-136.933868
5765.515137	-137.321365
5770.898438	-137.682648
5776.281738	-138.027130
5781.665039	-138.445541
5787.048340	-138.776215
5792.431641	-139.133728
5797.814941	-139.487747
5803.198242	-139.779800
5808.581543	-140.162308
5813.964844	-140.424789
5819.348145	-140.761322
5824.731445	-141.047241
5830.114746	-141.096573
5835.498047	-140.167694
5840.881348	-130.620514
5846.264648	-112.069771
5851.647949	-109.814026
5857.031250	-120.222580
5862.414551	-138.880463
5867.797852	-142.504242
5873.181152	-143.554550
5878.564453	-144.010971
5883.947754	-144.276825
5889.331055	-144.645279
5894.714355	-144.760330
5900.097656	-145.138367
5905.480957	-145.388565
5910.864258	-145.641785
5916.247559	-145.758347
5921.630859	-146.074005
5927.014160	-146.512314
5932.397461	-145.940628
5937.780762	-145.853851
5943.164062	-147.118347
5948.547363	-147.413544
5953.930664	-147.535187
5959.313965	-147.841309
5964.697266	-148.011429
5970.080566	-148.327148
5975.463867	-148.530823
5980.847168	-148.554489
5986.230469	-148.985382
5991.613770	-149.205261
5996.997070	-149.355743
6002.380371	-149.582687
6007.763672	-149.901184
6013.146973	-149.922531
6018.530273	-150.271439
6023.913574	-150.137436
6029.296875	-150.586563
6034.680176	-150.607605
6040.063477	-151.116211
6045.446777	-151.075592
6050.830078	-151.375198
6056.213379	-151.723892
6061.596680	-150.363098
6066.979980	-148.902695
6072.363281	-151.551682
6077.746582	-150.748138
6083.129883	-147.031540
6088.513184	-150.110367
6093.896484	-152.999023
6099.279785	-153.154648
6104.663086	-152.523849
6110.046387	-152.975967
6115.429688	-153.751633
6120.812988	-153.501953
6126.196289	-153.089172
6131.579590	-154.086288
6136.962891	-154.323990
6142.346191	-154.453186
6147.729492	-154.824738
6153.112793	-154.608536
6158.496094	-155.132248
6163.879395	-155.131256
6169.262695	-155.299332
6174.645996	-155.551086
6180.029297	-155.662247
6185.412598	-155.811966
6190.795898	-155.917633
6196.179199	-155.589203
6201.562500	-156.168549
6206.945801	-156.370880
6212.329102	-156.387985
6217.712402	-156.586502
6223.095703	-156.875305
6228.479004	-156.921875
6233.862305	-157.189133
6239.245605	-157.083603
6244.628906	-155.937531
6250.012207	-156.337189
6255.395508	-157.643372
6260.778809	-156.721420
6266.162109	-156.226883
6271.545410	-158.000031
6276.928711	-157.020050
6282.312012	-157.516159
6287.695312	-158.531433
6293.078613	-158.526215
6298.461914	-157.451874
6303.845215	-158.021759
6309.228516	-158.433823
6314.611816	-155.422150
6319.995117	-155.072571
6325.378418	-159.187576
6330.761719	-158.889725
6336.145020	-158.730835
6341.528320	-159.490845
6346.911621	-159.822861
6352.294922	-159.529266
6357.678223	-160.192245
6363.061523	-159.053925
6368.444824	-158.772766
6373.828125	-159.805054
6379.211426	-160.006256
6384.594727	-160.035431
6389.978027	-160.365097
6395.361328	-161.214645
6400.744629	-161.155731
6406.127930	-160.944626
6411.511230	-160.784027
6416.894531	-161.517044
6422.277832	-161.450806
6427.661133	-161.056305
6433.044434	-160.687531
6438.427734	-161.928192
6443.811035	-161.070435
6449.194336	-159.034500
6454.577637	-159.783646
6459.960938	-161.871582
6465.344238	-156.375061
6470.727539	-154.098495
6476.110840	-161.219101
6481.494141	-162.899124
6486.877441	-162.144424
6492.260742	-162.459839
6497.644043	-162.283325
6503.027344	-163.109711
6508.410645	-161.129410
6513.793945	-152.001602
6519.177246	-152.379822
6524.560547	-161.921021
6529.943848	-157.183609
6535.327148	-155.479385
6540.710449	-160.954681
6546.093750	-163.947876
6551.477051	-163.438919
6556.860352	-162.885574
6562.243652	-163.767517
6567.626953	-163.631546
6573.010254	-163.774338
6578.393555	-164.104416
6583.776855	-163.702103
6589.160156	-163.936935
6594.543457	-163.421432
6599.926758	-163.071396
6605.310059	-162.744507
6610.693359	-164.725403
6616.076660	-162.750595
6621.459961	-156.089584
6626.843262	-156.109146
6632.226562	-164.333038
6637.609863	-163.850815
6642.993164	-162.469070
6648.376465	-164.075928
6653.759766	-165.474823
6659.143066	-165.110275
6664.526367	-163.972794
6669.909668	-164.030548
6675.292969	-163.607986
6680.676270	-164.888489
6686.059570	-165.019104
6691.442871	-164.370514
6696.826172	-164.171997
6702.209473	-165.154587
6707.592773	-162.707153
6712.976074	-163.327621
6718.359375	-166.068726
6723.742676	-166.612534
6729.125977	-165.375122
6734.509277	-165.457642
6739.892578	-166.884460
6745.275879	-153.504868
6750.659180	-149.237823
6756.042480	-156.468369
6761.425781	-166.436066
6766.809082	-162.424332
6772.192383	-162.967773
6777.575684	-159.991028
6782.958984	-164.270370
6788.342285	-166.357468
6793.725586	-161.232651
6799.108887	-162.147568
6804.492188	-166.942795
6809.875488	-163.785217
6815.258789	-161.258972
6820.642090	-165.898865
6826.025391	-167.720840
6831.408691	-166.992081
6836.791992	-165.844391
6842.175293	-164.630600
6847.558594	-163.887497
6852.941895	-167.328094
6858.325195	-166.088623
6863.708496	-165.766647
6869.091797	-165.984100
6874.475098	-164.170090
6879.858398	-161.954407
6885.241699	-163.127228
6890.625000	-165.315781
6896.008301	-166.689865
6901.391602	-164.863602
6906.774902	-165.770859
6912.158203	-167.165970
6917.541504	-168.515915
6922.924805	-166.612915
6928.308105	-163.780228
6933.691406	-163.403351
6939.074707	-167.919327
6944.458008	-167.419266
6949.841309	-165.849503
6955.224609	-167.615204
6960.607910	-165.726608
6965.991211	-159.771484
6971.374512	-161.434570
6976.757812	-168.140793
6982.141113	-164.426453
6987.524414	-164.640656
6992.907715	-166.341431
6998.291016	-158.660126
7003.674316	-158.390411
7009.057617	-165.761978
7014.440918	-166.011581
7019.824219	-167.326538
7025.207520	-167.930328
7030.590820	-167.145935
7035.974121	-165.452499
7041.357422	-168.110474
7046.740723	-169.058472
7052.124023	-164.336670
7057.507324	-163.186539
7062.890625	-164.734070
7068.273926	-164.154099
7073.657227	-164.548874
7079.040527	-167.267685
7084.423828	-167.873657
7089.807129	-167.126709
7095.190430	-164.731888
7100.573730	-166.080841
7105.957031	-168.350464
7111.340332	-169.307434
7116.723633	-167.983688
7122.106934	-165.893936
7127.490234	-165.551056
7132.873535	-165.767075
7138.256836	-161.304459
7143.640137	-162.128296
7149.023438	-167.250946
7154.406738	-163.057159
7159.790039	-161.034439
7165.173340	-165.981750
7170.556641	-164.821625
7175.939941	-162.401962
7181.323242	-156.303009
7186.706543	-154.220535
7192.089844	-138.153534
7197.473145	-124.830612
7202.856445	-125.185364
7208.239746	-139.779938
7213.623047	-156.069031
7219.006348	-163.633774
7224.389648	-163.421555
7229.772949	-164.071777
7235.156250	-167.400391
7240.539551	-168.088470
7245.922852	-166.265884
7251.306152	-167.055725
7256.689453	-169.359909
7262.072754	-167.107101
7267.456055	-166.557922
7272.839355	-165.588211
7278.222656	-165.125137
7283.605957	-166.687714
7288.989258	-164.863327
7294.372559	-166.718719
7299.755859	-168.996460
7305.139160	-158.108322
7310.522461	-148.246292
7315.905762	-148.133652
7321.289062	-164.802948
7326.672363	-166.647705
7332.055664	-166.052994
7337.438965	-167.828308
7342.822266	-168.933121
7348.205566	-168.029541
7353.588867	-164.985519
7358.972168	-166.127792
7364.355469	-167.744064
7369.738770	-168.480576
7375.122070	-167.387177
7380.505371	-167.362122
7385.888672	-167.684479
7391.271973	-165.795837
7396.655273	-159.001190
7402.038574	-160.264282
7407.421875	-169.679184
7412.805176	-167.019348
7418.188477	-165.457382
7423.571777	-167.394058
7428.955078	-159.411652
7434.338379	-155.345963
7439.721680	-161.703308
7445.104980	-166.066513
7450.488281	-161.996490
7455.871582	-164.734711
7461.254883	-165.756699
7466.638184	-163.718262
7472.021484	-166.924744
7477.404785	-168.255463
7482.788086	-161.048920
7488.171387	-161.730042
7493.554688	-168.090363
7498.937988	-164.703217
7504.321289	-160.695557
7509.704590	-167.744095
7515.087891	-170.017899
7520.471191	-169.890793
7525.854492	-165.898621
7531.237793	-166.033539
7536.621094	-163.554810
7542.004395	-165.929733
7547.387695	-167.970001
7552.770996	-166.540833
7558.154297	-164.087509
7563.537598	-162.306686
7568.920898	-163.713333
7574.304199	-163.790741
7579.687500	-166.709961
7585.070801	-167.536697
7590.454102	-166.423721
7595.837402	-168.276306
7601.220703	-169.381836
7606.604004	-169.075470
7611.987305	-164.867676
7617.370605	-163.406738
7622.753906	-165.289902
7628.137207	-165.498413
7633.520508	-163.715363
7638.903809	-166.038147
7644.287109	-159.674545
7649.670410	-153.255005
7655.053711	-157.016678
7660.437012	-161.740875
7665.820312	-167.178986
7671.203613	-165.131134
7676.586914	-163.794754
7681.970215	-163.478378
7687.353516	-163.207245
7692.736816	-165.604187
7698.120117	-166.815018
7703.503418	-165.781113
7708.886719	-167.560211
7714.270020	-166.910660
7719.653320	-164.980896
7725.036621	-166.398727
7730.419922	-168.797989
7735.803223	-167.899368
7741.186523	-162.826202
7746.569824	-163.485809
7751.953125	-165.191849
7757.336426	-165.195038
7762.719727	-165.081787
7768.103027	-166.452118
7773.486328	-166.561462
7778.869629	-166.313812
7784.252930	-165.478882
7789.636230	-166.241684
7795.019531	-166.667587
7800.402832	-166.850677
7805.786133	-165.785629
7811.169434	-163.830597
7816.552734	-165.065063
7821.936035	-166.139252
7827.319336	-161.229736
7832.702637	-162.114014
7838.085938	-166.544724
7843.469238	-158.537766
7848.852539	-155.227463
7854.235840	-163.049667
7859.619141	-162.620193
7865.002441	-156.234100
7870.385742	-158.469650
7875.769043	-165.293671
7881.152344	-164.274124
7886.535645	-164.717896
7891.918945	-165.828583
7897.302246	-164.715500
7902.685547	-163.983459
7908.068848	-165.478775
7913.452148	-162.662720
7918.835449	-162.992996
7924.218750	-164.691788
7929.602051	-165.124084
7934.985352	-163.911484
7940.368652	-164.795029
7945.751953	-165.355850
7951.135254	-163.426651
7956.518555	-162.948074
7961.901855	-163.469177
7967.285156	-164.071304
7972.668457	-164.084137
7978.051758	-163.986313
7983.435059	-164.087112
7988.818359	-164.783936
7994.201660	-161.893951
7999.584961	-158.239166
8004.968262	-157.478500
8010.351562	-162.846954
8015.734863	-162.064346
8021.118164	-163.112976
8026.501465	-163.435410
8031.884766	-163.464630
8037.268066	-162.957916
8042.651367	-162.013870
8048.034668	-162.648193
8053.417969	-162.951584
8058.801270	-163.265076
8064.184570	-163.057480
8069.567871	-162.510208
8074.951172	-160.880447
8080.334473	-154.670029
8085.717773	-155.236526
8091.101074	-161.053513
8096.484375	-157.873077
8101.867676	-156.925171
8107.250977	-161.415405
8112.634277	-158.667130
8118.017578	-155.665329
8123.400879	-159.831253
8128.784180	-161.267166
8134.167480	-160.242172
8139.550781	-160.903137
8144.934082	-160.820312
8150.317383	-159.200424
8155.700684	-156.394501
8161.083984	-159.352600
8166.467285	-160.588913
8171.850586	-159.035126
8177.233887	-158.978317
8182.617188	-160.282593
8188.000488	-158.816589
8193.383789	-157.672150
8198.767090	-159.508316
8204.150391	-159.742554
8209.533691	-159.275696
8214.916992	-158.871414
8220.300293	-158.910538
8225.683594	-158.986130
8231.066895	-158.626511
8236.450195	-158.583160
8241.833496	-158.304977
8247.216797	-158.184189
8252.600098	-157.799149
8257.983398	-157.390488
8263.366699	-157.015350
8268.750000	-157.791840
8274.133301	-157.271606
8279.516602	-156.879318
8284.899902	-157.213150
8290.283203	-157.008530
8295.666504	-156.570648
8301.049805	-156.411133
8306.433105	-156.412170
8311.816406	-150.257751
8317.199707	-146.940582
8322.583008	-152.800308
8327.966309	-155.167542
8333.349609	-153.509735
8338.732910	-154.641891
8344.116211	-154.321732
8349.499512	-154.598694
8354.882812	-154.714737
8360.266113	-154.296631
8365.649414	-153.660446
8371.032715	-153.333191
8376.416016	-154.608994
8381.799316	-153.206924
8387.182617	-153.294205
8392.565918	-153.335068
8397.949219	-153.034225
8403.332520	-152.685898
8408.715820	-152.632401
8414.099121	-152.410751
8419.482422	-152.028656
8424.865723	-151.899368
8430.249023	-151.535843
8435.632324	-151.259857
8441.015625	-151.206055
8446.398926	-150.940323
8451.782227	-150.671310
8457.165527	-150.382828
8462.548828	-150.244308
8467.932129	-149.878876
8473.315430	-149.724152
8478.698730	-149.511459
8484.082031	-149.213318
8489.465332	-148.979630
8494.848633	-148.690353
8500.231934	-148.491196
8505.615234	-148.145355
8510.998535	-147.916779
8516.381836	-147.442245
8521.765137	-147.349396
8527.148438	-146.986572
8532.531738	-146.396118
8537.915039	-146.148117
8543.298340	-138.008850
8548.681641	-129.178848
8554.064941	-132.047638
8559.448242	-144.615494
8564.831543	-144.941940
8570.214844	-144.627762
8575.598145	-144.301834
8580.981445	-144.023376
8586.364746	-143.585846
8591.748047	-143.403580
8597.131348	-142.975067
8602.514648	-142.586838
8607.897949	-142.312576
8613.281250	-141.972336
8618.664551	-141.622879
8624.047852	-141.327911
8629.431152	-140.902328
8634.814453	-140.521255
8640.197754	-140.189850
8645.581055	-139.767883
8650.964355	-139.373337
8656.347656	-139.003952
8661.730957	-138.625458
8667.114258	-138.162277
8672.497559	-137.801208
8677.880859	-137.349136
8683.264160	-136.921616
8688.647461	-136.524490
8694.030762	-135.960968
8699.414062	-135.606842
8704.797363	-135.103989
8710.180664	-134.663940
8715.563965	-134.193787
8720.947266	-133.694901
8726.330566	-133.196396
8731.713867	-132.699600
8737.097168	-132.194046
8742.480469	-131.639359
8747.863770	-131.100281
8753.247070	-130.569275
8758.630371	-129.987350
8764.013672	-129.387207
8769.396973	-128.791367
8774.780273	-128.224792
8780.163574	-127.592484
8785.546875	-126.967575
8790.930176	-126.314819
8796.313477	-125.650032
8801.696777	-124.960571
8807.080078	-124.253922
8812.463379	-123.528214
8817.846680	-122.776100
8823.229980	-122.003891
8828.613281	-121.209869
8833.996582	-120.391579
8839.379883	-119.542023
8844.763184	-118.658699
8850.146484	-117.754379
8855.529785	-116.810509
8860.913086	-115.833672
8866.296387	-114.818771
8871.679688	-113.754974
8877.062988	-112.650169
8882.446289	-111.492867
8887.829590	-110.278435
8893.212891	-109.006111
8898.596191	-107.668365
8903.979492	-106.254723
8909.362793	-104.760384
8914.746094	-103.170769
8920.129395	-101.479050
8925.512695	-99.665741
8930.895996	-97.715637
8936.279297	-95.604172
8941.662598	-93.303802
8947.045898	-90.776451
8952.429199	-87.972939
8957.812500	-84.824524
8963.195801	-81.233665
8968.579102	-77.053734
8973.962402	-72.047630
8979.345703	-65.792221
8984.729004	-57.393574
8990.112305	-44.176685
8995.495605	-19.405918
9000.878906	-15.440601
9006.262207	-23.686510
9011.645508	-49.454079
9017.028809	-60.541752
9022.412109	-68.110161
9027.795410	-73.915703
9033.178711	-78.641266
9038.562012	-82.632072
9043.945312	-86.088814
9049.328613	-89.139244
9054.711914	-91.870041
9060.095215	-94.341911
9065.478516	-96.600723
9070.861816	-98.679977
9076.245117	-100.607430
9081.628418	-102.402405
9087.011719	-104.084030
9092.395020	-105.663292
9097.778320	-107.155373
9103.161621	-108.566040
9108.544922	-109.906029
9113.928223	-111.181709
9119.311523	-112.396019
9124.694824	-113.564545
9130.078125	-114.677429
9135.461426	-115.747856
9140.844727	-116.775681
9146.228027	-117.767845
9151.611328	-118.722847
9156.994629	-119.646927
9162.377930	-120.536964
9167.761230	-121.399963
9173.144531	-122.236809
9178.527832	-123.047531
9183.911133	-123.834793
9189.294434	-124.593987
9194.677734	-125.339600
9200.061035	-126.067848
9205.444336	-126.777573
9210.827637	-127.447029
9216.210938	-128.115768
9221.594238	-128.763214
9226.977539	-129.245316
9232.360840	-130.003616
9237.744141	-130.649063
9243.127441	-131.242447
9248.510742	-131.842880
9253.894043	-132.390213
9259.277344	-132.967468
9264.660645	-133.508972
9270.043945	-134.036026
9275.427246	-134.577515
9280.810547	-135.100693
9286.193848	-135.602524
9291.577148	-136.077103
9296.960449	-136.599670
9302.343750	-137.058685
9307.727051	-137.522964
9313.110352	-138.028702
9318.493652	-138.473862
9323.876953	-138.906372
9329.260254	-139.364395
9334.643555	-139.794388
9340.026855	-140.200287
9345.410156	-140.683365
9350.793457	-141.106842
9356.176758	-141.477570
9361.560059	-141.874741
9366.943359	-142.278580
9372.326660	-142.718506
9377.709961	-142.816025
9383.093262	-143.246414
9388.476562	-143.831833
9393.859863	-144.187836
9399.243164	-144.524399
9404.626465	-144.946518
9410.009766	-145.151245
9415.393066	-145.537399
9420.776367	-145.518311
9426.159668	-144.808182
9431.542969	-141.469360
9436.926270	-133.141342
9442.309570	-115.242523
9447.692871	-102.687630
9453.076172	-103.515228
9458.459473	-119.064331
9463.842773	-134.805618
9469.226074	-142.966385
9474.609375	-146.989853
9479.992676	-148.678604
9485.375977	-149.624283
9490.759277	-149.945908
9496.142578	-150.364090
9501.525879	-150.696045
9506.909180	-151.101929
9512.292480	-151.249191
9517.675781	-151.672424
9523.059082	-151.813629
9528.442383	-151.832291
9533.825684	-152.302872
9539.208984	-152.462357
9544.592285	-153.010803
9549.975586	-152.500595
9555.358887	-153.273407
9560.742188	-153.803360
9566.125488	-154.140701
9571.508789	-153.191940
9576.892090	-154.416382
9582.275391	-154.776947
9587.658691	-154.967590
9593.041992	-155.089005
9598.425293	-155.487976
9603.808594	-155.526917
9609.191895	-155.843170
9614.575195	-156.057755
9619.958496	-156.104080
9625.341797	-156.639267
9630.725098	-156.706711
9636.108398	-156.943115
9641.491699	-156.820511
9646.875000	-157.062592
9652.258301	-157.355911
9657.641602	-157.400299
9663.024902	-155.924271
9668.408203	-155.638794
9673.791504	-158.182220
9679.174805	-157.047562
9684.558105	-155.566116
9689.941406	-158.365524
9695.324707	-159.577469
9700.708008	-159.433182
9706.091309	-159.593033
9711.474609	-159.994186
9716.857910	-159.968857
9722.241211	-157.820557
9727.624512	-158.850830
9733.007812	-160.270569
9738.391113	-159.499390
9743.774414	-159.953934
9749.157715	-161.237885
9754.541016	-161.252716
9759.924316	-160.156357
9765.307617	-160.964355
9770.690918	-161.368668
9776.074219	-161.748383
9781.457520	-161.597519
9786.840820	-161.470795
9792.224121	-161.473602
9797.607422	-162.167572
9802.990723	-162.388382
9808.374023	-161.013519
9813.757324	-162.384277
9819.140625	-163.251633
9824.523926	-162.745895
9829.907227	-162.702087
9835.290527	-163.865295
9840.673828	-163.961624
9846.057129	-163.809372
9851.440430	-163.492065
9856.823730	-164.184998
9862.207031	-161.229218
9867.590332	-160.563843
9872.973633	-163.933731
9878.356934	-163.202057
9883.740234	-163.910599
9889.123535	-165.223602
9894.506836	-152.395950
9899.890137	-146.343460
9905.273438	-152.041779
9910.656738	-159.520142
9916.040039	-155.020432
9921.423340	-158.446045
9926.806641	-164.662094
9932.189941	-165.210800
9937.573242	-164.132584
9942.956543	-164.975037
9948.339844	-166.400742
9953.723145	-166.351944
9959.106445	-164.849289
9964.489746	-165.304016
9969.873047	-164.513641
9975.256348	-166.296722
9980.639648	-164.251205
9986.022949	-163.011902
9991.406250	-164.535690
9996.789551	-165.037598
10002.172852	-165.260727
10007.556152	-166.793823
10012.939453	-168.935074
10018.322754	-168.103394
10023.706055	-165.922119
10029.089355	-164.659210
10034.472656	-166.342163
10039.855957	-166.151581
10045.239258	-166.293640
10050.622559	-167.107010
10056.005859	-166.783722
10061.389160	-160.561279
10066.772461	-152.198502
10072.155762	-151.873627
10077.539062	-165.936325
10082.922363	-163.771759
10088.305664	-162.826431
10093.688965	-165.971909
10099.072266	-165.006760
10104.455566	-166.248566
10109.838867	-163.221710
10115.222168	-157.276184
10120.605469	-160.673157
10125.988770	-166.970810
10131.372070	-162.532196
10136.755371	-163.326782
10142.138672	-168.747360
10147.521973	-168.491150
10152.905273	-164.827820
10158.288574	-165.372055
10163.671875	-169.455093
10169.055176	-167.178284
10174.438477	-165.205276
10179.821777	-167.960220
10185.205078	-167.769821
10190.588379	-167.221588
10195.971680	-166.189743
10201.354980	-164.589188
10206.738281	-165.379288
10212.121582	-166.213562
10217.504883	-166.470215
10222.888184	-165.074509
10228.271484	-166.795258
10233.654785	-168.374771
10239.038086	-163.588730
10244.421387	-163.532288
10249.804688	-167.885025
10255.187988	-162.844131
10260.571289	-161.630539
10265.954590	-169.072601
10271.337891	-169.554764
10276.721191	-170.546539
10282.104492	-167.865128
10287.487793	-168.004807
10292.871094	-165.300079
10298.254395	-167.097885
10303.637695	-167.008682
10309.020996	-167.361969
10314.404297	-166.808960
10319.787598	-169.186096
10325.170898	-165.692474
10330.554199	-160.233368
10335.937500	-161.885269
10341.320801	-163.239990
10346.704102	-150.111725
10352.087402	-149.035645
10357.470703	-160.155579
10362.854004	-165.086044
10368.237305	-161.670700
10373.620605	-164.261581
10379.003906	-165.557434
10384.387207	-165.607605
10389.770508	-165.874161
10395.153809	-167.668182
10400.537109	-170.168274
10405.920410	-167.488174
10411.303711	-161.257126
10416.687012	-162.607330
10422.070312	-169.991348
10427.453613	-165.179153
10432.836914	-164.111603
10438.220215	-168.156128
10443.603516	-168.580643
10448.986816	-167.024307
10454.370117	-168.159500
10459.753418	-169.902832
10465.136719	-169.619644
10470.520020	-168.052979
10475.903320	-164.658951
10481.286621	-165.486847
10486.669922	-170.488129
10492.053223	-170.493454
10497.436523	-166.505859
10502.819824	-165.777847
10508.203125	-168.730972
10513.586426	-166.979156
10518.969727	-166.775848
10524.353027	-168.448029
10529.736328	-168.172623
10535.119629	-168.439651
10540.502930	-169.046783
10545.886230	-167.008591
10551.269531	-166.405090
10556.652832	-169.186462
10562.036133	-160.891830
10567.419434	-157.898361
10572.802734	-165.127380
10578.186035	-160.228729
10583.569336	-153.714005
10588.952637	-158.496445
10594.335938	-166.988419
10599.719238	-156.781860
10605.102539	-155.214859
10610.485840	-165.006805
10615.869141	-170.380844
10621.252441	-167.852005
10626.635742	-166.988998
10632.019043	-168.017029
10637.402344	-166.811401
10642.785645	-166.932007
10648.168945	-168.162064
10653.552246	-168.127502
10658.935547	-168.857941
10664.318848	-169.789368
10669.702148	-165.966614
10675.085449	-167.383026
10680.468750	-169.933426
10685.852051	-166.662613
10691.235352	-166.509567
10696.618652	-169.199142
10702.001953	-169.700195
10707.385254	-168.388580
10712.768555	-167.204758
10718.151855	-167.925964
10723.535156	-167.621536
10728.918457	-168.804520
10734.301758	-168.611343
10739.685059	-169.568069
10745.068359	-166.079056
10750.451660	-163.798141
10755.834961	-158.114838
10761.218262	-159.338470
10766.601562	-166.154816
10771.984863	-163.419220
10777.368164	-157.953430
10782.751465	-154.125412
10788.134766	-156.930496
10793.518066	-135.918442
10798.901367	-127.068619
10804.284668	-130.527115
10809.667969	-153.082901
10815.051270	-159.120605
10820.434570	-160.302658
10825.817871	-168.511612
10831.201172	-167.931854
10836.584473	-166.286179
10841.967773	-165.686813
10847.351074	-166.929703
10852.734375	-170.144104
10858.117676	-166.868927
10863.500977	-166.880051
10868.884277	-168.918671
10874.267578	-170.278870
10879.650879	-167.242493
10885.034180	-163.432297
10890.417480	-164.178070
10895.800781	-169.992462
10901.184082	-169.939651
10906.567383	-162.418274
10911.950684	-156.471573
10917.333984	-161.707336
10922.717285	-168.523911
10928.100586	-165.088074
10933.483887	-165.080032
10938.867188	-170.112198
10944.250488	-163.725800
10949.633789	-161.822906
10955.017090	-167.662140
10960.400391	-170.265533
10965.783691	-170.542816
10971.166992	-168.372574
10976.550293	-167.164078
10981.933594	-166.102676
10987.316895	-167.144547
10992.700195	-166.787537
10998.083496	-163.865372
11003.466797	-166.947815
11008.850098	-164.157318
11014.233398	-154.117767
11019.616699	-155.406281
