Frequency (Hz)	Level (dB)
5.383301	-139.816040
10.766602	-139.773911
16.149902	-139.707825
21.533203	-139.614792
26.916504	-139.500397
32.299805	-139.373764
37.683105	-139.188431
43.066406	-139.012787
48.449707	-138.808487
53.833008	-138.569351
59.216309	-138.331177
64.599609	-138.077957
69.982910	-137.779800
75.366211	-137.488983
80.749512	-137.182724
86.132812	-136.843140
91.516113	-136.543701
96.899414	-136.137482
102.282715	-135.795074
107.666016	-135.417725
113.049316	-135.017776
118.432617	-134.623795
123.815918	-134.209671
129.199219	-133.787155
134.582520	-133.355347
139.965820	-132.913727
145.349121	-132.457016
150.732422	-131.997696
156.115723	-131.520493
161.499023	-131.035431
166.882324	-130.539139
172.265625	-130.031662
177.648926	-129.513565
183.032227	-128.982895
188.415527	-128.438339
193.798828	-127.887421
199.182129	-127.315445
204.565430	-126.736458
209.948730	-126.140884
215.332031	-125.531158
220.715332	-124.904663
226.098633	-124.264687
231.481934	-123.607498
236.865234	-122.930695
242.248535	-122.235985
247.631836	-121.525177
253.015137	-120.790085
258.398438	-120.034256
263.781738	-119.256256
269.165039	-118.455566
274.548340	-117.625870
279.931641	-116.767479
285.314941	-115.881607
290.698242	-114.963570
296.081543	-114.010887
301.464844	-113.022957
306.848145	-111.995384
312.231445	-110.924240
317.614746	-109.807144
322.998047	-108.639206
328.381348	-107.415550
333.764648	-106.131699
339.147949	-104.780014
344.531250	-103.353271
349.914551	-101.843384
355.297852	-100.239815
360.681152	-98.529518
366.064453	-96.697945
371.447754	-94.726578
376.831055	-92.591881
382.214355	-90.263741
387.597656	-87.685158
392.980957	-84.859169
398.364258	-81.669670
403.747559	-78.021034
409.130859	-73.763634
414.514160	-68.647827
419.897461	-62.220913
425.280762	-53.503765
430.664062	-39.381039
436.047363	-19.151419
441.430664	-16.417664
446.813965	-26.199591
452.197266	-48.001568
457.580566	-58.561119
462.963867	-65.892326
468.347168	-71.558281
473.730469	-76.190109
479.113770	-80.112625
484.497070	-83.510918
489.880371	-86.494148
495.263672	-89.199257
500.646973	-91.663391
506.030273	-93.896362
511.413574	-95.953072
516.796875	-97.859962
522.180176	-99.636497
527.563477	-101.301163
532.946777	-102.864906
538.330078	-104.342064
543.713379	-105.739586
549.096680	-107.066391
554.479980	-108.329910
559.863281	-109.535233
565.246582	-110.687729
570.629883	-111.792152
576.013184	-112.851288
581.396484	-113.869926
586.779785	-114.851631
592.163086	-115.797005
597.546387	-116.709480
602.929688	-117.592415
608.312988	-118.445648
613.696289	-119.276756
619.079590	-120.077614
624.462891	-120.854218
629.846191	-121.611465
635.229492	-122.345116
640.612793	-123.061043
645.996094	-123.758675
651.379395	-124.436081
656.762695	-125.098709
662.145996	-125.745171
667.529297	-126.374969
672.912598	-126.990974
678.295898	-127.590790
683.679199	-128.183487
689.062500	-128.755890
694.445801	-129.317139
699.829102	-129.878174
705.212402	-130.409912
710.595703	-130.943024
715.979004	-131.463257
721.362305	-131.973145
726.745605	-132.473480
732.128906	-132.960449
737.512207	-133.444656
742.895508	-133.919113
748.278809	-134.382126
753.662109	-134.841171
759.045410	-135.289566
764.428711	-135.730453
769.812012	-136.172623
775.195312	-136.582809
780.578613	-137.054352
785.961914	-137.407242
791.345215	-137.836029
796.728516	-138.236008
802.111816	-138.615173
807.495117	-139.000854
812.878418	-139.397049
818.261719	-139.748199
823.645020	-140.120590
829.028320	-140.492264
834.411621	-140.843552
839.794922	-141.177994
845.178223	-141.544449
850.561523	-141.851364
855.944824	-142.194427
861.328125	-142.512985
866.711426	-142.818878
872.094727	-143.147049
877.478027	-143.407593
882.861328	-143.710464
888.244629	-144.002350
893.627930	-144.258270
899.011230	-144.516357
904.394531	-144.765793
909.777832	-144.991241
915.161133	-145.216553
920.544434	-145.387772
925.927734	-145.610672
931.311035	-145.747375
936.694336	-145.946487
942.077637	-145.985596
947.460938	-146.149414
952.844238	-146.196182
958.227539	-146.309311
963.610840	-146.301880
968.994141	-146.245438
974.377441	-146.287216
979.760742	-146.182678
985.144043	-146.063232
990.527344	-145.928711
995.910645	-145.773895
1001.293945	-145.583328
1006.677246	-145.347900
1012.060547	-145.097107
1017.443848	-144.793198
1022.827148	-144.491989
1028.210449	-144.146286
1033.593750	-143.766678
1038.977051	-143.376770
1044.360352	-142.965088
1049.743652	-142.506012
1055.126953	-142.047226
1060.510254	-141.580002
1065.893555	-141.066193
1071.276855	-140.538223
1076.660156	-139.998230
1082.043457	-139.440628
1087.426758	-138.863220
1092.810059	-138.260406
1098.193359	-137.648453
1103.576660	-137.009842
1108.959961	-136.361542
1114.343262	-135.689285
1119.726562	-134.998108
1125.109863	-134.277924
1130.493164	-133.538361
1135.876465	-132.794464
1141.259766	-132.015701
1146.643066	-131.213623
1152.026367	-130.389481
1157.409668	-129.526794
1162.792969	-128.639053
1168.176270	-127.724281
1173.559570	-126.774086
1178.942871	-125.787941
1184.326172	-124.765205
1189.709473	-123.700462
1195.092773	-122.590248
1200.476074	-121.430740
1205.859375	-120.219765
1211.242676	-118.950546
1216.625977	-117.615021
1222.009277	-116.209869
1227.392578	-114.725487
1232.775879	-113.153236
1238.159180	-111.477875
1243.542480	-109.690369
1248.925781	-107.771957
1254.309082	-105.701950
1259.692383	-103.453087
1265.075684	-100.933144
1270.458984	-98.156395
1275.842285	-95.235588
1281.225586	-91.808006
1286.608887	-87.844246
1291.992188	-83.155807
1297.375488	-77.405365
1302.758789	-69.930679
1308.142090	-59.053680
1313.525391	-35.063847
1318.908691	-26.241774
1324.291992	-29.728996
1329.675293	-52.503201
1335.058594	-66.052757
1340.441895	-74.571693
1345.825195	-80.892639
1351.208496	-85.941086
1356.591797	-90.151245
1361.975098	-93.754974
1367.358398	-96.317780
1372.741699	-98.722023
1378.125000	-102.201126
1383.508301	-104.596413
1388.891602	-106.720581
1394.274902	-108.680565
1399.658203	-110.501129
1405.041504	-112.202278
1410.424805	-113.795906
1415.808105	-115.297844
1421.191406	-116.716125
1426.574707	-118.059792
1431.958008	-119.338028
1437.341309	-120.556389
1442.724609	-121.715790
1448.107910	-122.826958
1453.491211	-123.892143
1458.874512	-124.917053
1464.257812	-125.898094
1469.641113	-126.845749
1475.024414	-127.759941
1480.407715	-128.639069
1485.791016	-129.492661
1491.174316	-130.319946
1496.557617	-131.120544
1501.940918	-131.888672
1507.324219	-132.640884
1512.707520	-133.368973
1518.090820	-134.077423
1523.474121	-134.769287
1528.857422	-135.444214
1534.240723	-136.093140
1539.624023	-136.730789
1545.007324	-137.354370
1550.390625	-137.957870
1555.773926	-138.554504
1561.157227	-139.135269
1566.540527	-139.699173
1571.923828	-140.247513
1577.307129	-140.798676
1582.690430	-141.316544
1588.073730	-141.831970
1593.457031	-142.334076
1598.840332	-142.830124
1604.223633	-143.326233
1609.606934	-143.793594
1614.990234	-144.260681
1620.373535	-144.713348
1625.756836	-145.160553
1631.140137	-145.605270
1636.523438	-146.018951
1641.906738	-146.429276
1647.290039	-146.832413
1652.673340	-147.242310
1658.056641	-147.599396
1663.439941	-148.061188
1668.823242	-148.389038
1674.206543	-148.730576
1679.589844	-149.081192
1684.973145	-149.406677
1690.356445	-149.737610
1695.739746	-150.070450
1701.123047	-150.352737
1706.506348	-150.622955
1711.889648	-150.925369
1717.272949	-151.171188
1722.656250	-151.386642
1728.039551	-151.660583
1733.422852	-151.818466
1738.806152	-152.033096
1744.189453	-152.197784
1749.572754	-152.338470
1754.956055	-152.452408
1760.339355	-152.545639
1765.722656	-152.609177
1771.105957	-152.673965
1776.489258	-152.671158
1781.872559	-152.676498
1787.255859	-152.639557
1792.639160	-152.574341
1798.022461	-152.486252
1803.405762	-152.396606
1808.789062	-152.264740
1814.172363	-151.995560
1819.555664	-151.810898
1824.938965	-151.729065
1830.322266	-151.462830
1835.705566	-151.235306
1841.088867	-150.971786
1846.472168	-150.665131
1851.855469	-150.368164
1857.238770	-150.013733
1862.622070	-149.690079
1868.005371	-149.357483
1873.388672	-148.979431
1878.771973	-148.598816
1884.155273	-148.213730
1889.538574	-147.782104
1894.921875	-147.376114
1900.305176	-146.932968
1905.688477	-146.483734
1911.071777	-146.041092
1916.455078	-145.562317
1921.838379	-145.085159
1927.221680	-144.593948
1932.604980	-144.093887
1937.988281	-143.572113
1943.371582	-143.037155
1948.754883	-142.498169
1954.138184	-141.948868
1959.521484	-141.370193
1964.904785	-140.796219
1970.288086	-140.199097
1975.671387	-139.578461
1981.054688	-138.957230
1986.437988	-138.315826
1991.821289	-137.655182
1997.204590	-136.976013
2002.587891	-136.280777
2007.971191	-135.565338
2013.354492	-134.825165
2018.737793	-134.069824
2024.121094	-133.287033
2029.504395	-132.476349
2034.887695	-131.647903
2040.270996	-130.789749
2045.654297	-129.897171
2051.037598	-128.975723
2056.420898	-128.019012
2061.804199	-127.026199
2067.187500	-125.994225
2072.570801	-124.918694
2077.954102	-123.796364
2083.337402	-122.622795
2088.720703	-121.393028
2094.104004	-120.104317
2099.487305	-118.745560
2104.870605	-117.311470
2110.253906	-115.794579
2115.637207	-114.182251
2121.020508	-112.463081
2126.403809	-110.620995
2131.787109	-108.638062
2137.170410	-106.490356
2142.553711	-104.138733
2147.937012	-101.470741
2153.320312	-98.677467
2158.703613	-95.484650
2164.086914	-91.801353
2169.470215	-87.496559
2174.853516	-82.312553
2180.236816	-75.776985
2185.620117	-66.852592
2191.003418	-52.095776
2196.386719	-33.914280
2201.770020	-31.923891
2207.153320	-42.723145
2212.536621	-62.838882
2217.919922	-73.101585
2223.303223	-80.295715
2228.686523	-85.880478
2234.069824	-90.457916
2239.453125	-94.341042
2244.836426	-97.096283
2250.219727	-97.625603
2255.603027	-101.805504
2260.986328	-105.800514
2266.369629	-108.019981
2271.752930	-110.064743
2277.136230	-111.960854
2282.519531	-113.727898
2287.902832	-115.383812
2293.286133	-116.939560
2298.669434	-118.409355
2304.052734	-119.800743
2309.436035	-121.119003
2314.819336	-122.378311
2320.202637	-123.576889
2325.585938	-124.725273
2330.969238	-125.824806
2336.352539	-126.878456
2341.735840	-127.892365
2347.119141	-128.870422
2352.502441	-129.812210
2357.885742	-130.720551
2363.269043	-131.597946
2368.652344	-132.447021
2374.035645	-133.270370
2379.418945	-134.071716
2384.802246	-134.843964
2390.185547	-135.598038
2395.568848	-136.329132
2400.952148	-137.039688
2406.335449	-137.732193
2411.718750	-138.412582
2417.102051	-139.076157
2422.485352	-139.710602
2427.868652	-140.335770
2433.251953	-140.954147
2438.635254	-141.545868
2444.018555	-142.141693
2449.401855	-142.704712
2454.785156	-143.262253
2460.168457	-143.826050
2465.551758	-144.360992
2470.935059	-144.885025
2476.318359	-145.397522
2481.701660	-145.899887
2487.084961	-146.418182
2492.468262	-146.884781
2497.851562	-147.376633
2503.234863	-147.866028
2508.618164	-148.297058
2514.001465	-148.762848
2519.384766	-149.195816
2524.768066	-149.639938
2530.151367	-150.070801
2535.534668	-150.479248
2540.917969	-150.918777
2546.301270	-151.280899
2551.684570	-151.698441
2557.067871	-152.127197
2562.451172	-152.498810
2567.834473	-152.879990
2573.217773	-153.282547
2578.601074	-153.634232
2583.984375	-153.988983
2589.367676	-154.334518
2594.750977	-154.684784
2600.134277	-155.030289
2605.517578	-155.358963
2610.900879	-155.687637
2616.284180	-156.019211
2621.667480	-156.307999
2627.050781	-156.634781
2632.434082	-156.950089
2637.817383	-157.222244
2643.200684	-157.453003
2648.583984	-157.742554
2653.967285	-158.006348
2659.350586	-158.125336
2664.733887	-158.451599
2670.117188	-158.683044
2675.500488	-158.872833
2680.883789	-159.012024
2686.267090	-159.199280
2691.650391	-159.353561
2697.033691	-159.429703
2702.416992	-159.502365
2707.800293	-159.630020
2713.183594	-159.604523
2718.566895	-159.638168
2723.950195	-159.668137
2729.333496	-159.562790
2734.716797	-159.498764
2740.100098	-159.369003
2745.483398	-159.234283
2750.866699	-159.011368
2756.250000	-158.830017
2761.633301	-158.603729
2767.016602	-158.276260
2772.399902	-158.008194
2777.783203	-157.692245
2783.166504	-157.337051
2788.549805	-156.954498
2793.933105	-156.545715
2799.316406	-156.136459
2804.699707	-155.721039
2810.083008	-155.206345
2815.466309	-154.736923
2820.849609	-154.241714
2826.232910	-153.721359
2831.616211	-153.185806
2836.999512	-152.627625
2842.382812	-152.065018
2847.766113	-151.481613
2853.149414	-150.887299
2858.532715	-150.227722
2863.916016	-149.571823
2869.299316	-148.917999
2874.682617	-148.253357
2880.065918	-147.545471
2885.449219	-146.819305
2890.832520	-146.066635
2896.215820	-145.314362
2901.599121	-144.530823
2906.982422	-143.717270
2912.365723	-142.890228
2917.749023	-142.020325
2923.132324	-141.116928
2928.515625	-140.196716
2933.898926	-139.238525
2939.282227	-138.245270
2944.665527	-137.214569
2950.048828	-136.141159
2955.432129	-135.025314
2960.815430	-133.853455
2966.198730	-132.633499
2971.582031	-131.359314
2976.965332	-130.010712
2982.348633	-128.595154
2987.731934	-127.101059
2993.115234	-125.516220
2998.498535	-123.829788
3003.881836	-122.029877
3009.265137	-120.095459
3014.648438	-118.010857
3020.031738	-115.741005
3025.415039	-113.004395
3030.798340	-110.133804
3036.181641	-107.437767
3041.564941	-103.993790
3046.948242	-99.985626
3052.331543	-95.237068
3057.714844	-89.397415
3063.098145	-81.771179
3068.481445	-70.552536
3073.864746	-43.490398
3079.248047	-35.580910
3084.631348	-39.834778
3090.014648	-66.028030
3095.397949	-79.054329
3100.781250	-87.382103
3106.164551	-93.598343
3111.547852	-98.578865
3116.931152	-102.732147
3122.314453	-104.991951
3127.697754	-97.829987
3133.081055	-98.804192
3138.464355	-111.627594
3143.847656	-116.854378
3149.230957	-119.122101
3154.614258	-121.094101
3159.997559	-122.909729
3165.380859	-124.600342
3170.764160	-126.184532
3176.147461	-127.678741
3181.530762	-129.086746
3186.914062	-130.419495
3192.297363	-131.700104
3197.680664	-132.896194
3203.063965	-134.056549
3208.447266	-135.155487
3213.830566	-136.213486
3219.213867	-137.228577
3224.597168	-138.204346
3229.980469	-139.146973
3235.363770	-140.055878
3240.747070	-140.915512
3246.130371	-141.770050
3251.513672	-142.599457
3256.896973	-143.384964
3262.280273	-144.139282
3267.663574	-144.893982
3273.046875	-145.619125
3278.430176	-146.321060
3283.813477	-146.998886
3289.196777	-147.675400
3294.580078	-148.318497
3299.963379	-148.938919
3305.346680	-149.562561
3310.729980	-150.170837
3316.113281	-150.751343
3321.496582	-151.317398
3326.879883	-151.859650
3332.263184	-152.422729
3337.646484	-152.950043
3343.029785	-153.440048
3348.413086	-153.934036
3353.796387	-154.453308
3359.179688	-154.954498
3364.562988	-155.388138
3369.946289	-155.813797
3375.329590	-156.316910
3380.712891	-156.757980
3386.096191	-157.134140
3391.479492	-157.585220
3396.862793	-157.977280
3402.246094	-158.399963
3407.629395	-158.726700
3413.012695	-159.100021
3418.395996	-159.443268
3423.779297	-159.801636
3429.162598	-160.062576
3434.545898	-160.329117
3439.929199	-160.633209
3445.312500	-160.911713
3450.695801	-161.120987
3456.079102	-161.368454
3461.462402	-161.583740
3466.845703	-161.731216
3472.229004	-161.961456
3477.612305	-162.037399
3482.995605	-162.102020
3488.378906	-162.279541
3493.762207	-162.279129
3499.145508	-162.264328
3504.528809	-162.279236
3509.912109	-162.313431
3515.295410	-162.216904
3520.678711	-162.130768
3526.062012	-162.067200
3531.445312	-161.955032
3536.828613	-161.728638
3542.211914	-161.609283
3547.595215	-161.434464
3552.978516	-161.228119
3558.361816	-161.005753
3563.745117	-160.774033
3569.128418	-160.483276
3574.511719	-160.263824
3579.895020	-159.893646
3585.278320	-159.619049
3590.661621	-159.310135
3596.044922	-158.966614
3601.428223	-158.668945
3606.811523	-158.252182
3612.194824	-157.909317
3617.578125	-157.558228
3622.961426	-157.117432
3628.344727	-156.757904
3633.728027	-156.337143
3639.111328	-155.926010
3644.494629	-155.494217
3649.877930	-155.073013
3655.261230	-154.618622
3660.644531	-154.178146
3666.027832	-153.713745
3671.411133	-153.240891
3676.794434	-152.733871
3682.177734	-152.262344
3687.561035	-151.766953
3692.944336	-151.240158
3698.327637	-150.729767
3703.710938	-150.182831
3709.094238	-149.644592
3714.477539	-149.064850
3719.860840	-148.492203
3725.244141	-147.910538
3730.627441	-147.317230
3736.010742	-146.695770
3741.394043	-146.078964
3746.777344	-145.415009
3752.160645	-144.749191
3757.543945	-144.072662
3762.927246	-143.377365
3768.310547	-142.650742
3773.693848	-141.913895
3779.077148	-141.153488
3784.460449	-140.371994
3789.843750	-139.550156
3795.227051	-138.716965
3800.610352	-137.858994
3805.993652	-136.964615
3811.376953	-136.035706
3816.760254	-135.075058
3822.143555	-134.079285
3827.526855	-133.044312
3832.910156	-131.961014
3838.293457	-130.835968
3843.676758	-129.657639
3849.060059	-128.422638
3854.443359	-127.128761
3859.826660	-125.762825
3865.209961	-124.321793
3870.593262	-122.798691
3875.976562	-121.177750
3881.359863	-119.449341
3886.743164	-117.597977
3892.126465	-115.603882
3897.509766	-113.443558
3902.893066	-111.071930
3908.276367	-108.381897
3913.659668	-105.578026
3919.042969	-102.355598
3924.426270	-98.636757
3929.809570	-94.283989
3935.192871	-89.030388
3940.576172	-82.382851
3945.959473	-73.240860
3951.342773	-57.775936
3956.726074	-41.323093
3962.109375	-40.068893
3967.492676	-51.955944
3972.875977	-70.708542
3978.259277	-80.692566
3983.642578	-87.755241
3989.025879	-93.261574
3994.409180	-97.786255
3999.792480	-101.622131
4005.175781	-97.585350
4010.559082	-93.636543
4015.942383	-100.708763
4021.325684	-112.925140
4026.708984	-115.198242
4032.092285	-117.238373
4037.475586	-119.127167
4042.858887	-120.885048
4048.242188	-122.532860
4053.625488	-124.080994
4059.008789	-125.544930
4064.392090	-126.930008
4069.775391	-128.242706
4075.158691	-129.489700
4080.541992	-130.691208
4085.925293	-131.832474
4091.308594	-132.930176
4096.691895	-133.977325
4102.075195	-134.986526
4107.458496	-135.961349
4112.841797	-136.899399
4118.225098	-137.807190
4123.608398	-138.673645
4128.991699	-139.523682
4134.375000	-140.351562
4139.758301	-141.139145
4145.141602	-141.907791
4150.524902	-142.665527
4155.908203	-143.393860
4161.291504	-144.100418
4166.674805	-144.786591
4172.058105	-145.459427
4177.441406	-146.127243
4182.824707	-146.757355
4188.208008	-147.394226
4193.591309	-148.013290
4198.974609	-148.578979
4204.357910	-149.181519
4209.741211	-149.726471
4215.124512	-150.306992
4220.507812	-150.852036
4225.891113	-151.412430
4231.274414	-151.922821
4236.657715	-152.413498
4242.041016	-152.917206
4247.424316	-153.414780
4252.807617	-153.912704
4258.190918	-154.383423
4263.574219	-154.864899
4268.957520	-155.316086
4274.340820	-155.750366
4279.724121	-156.226151
4285.107422	-156.658966
4290.490723	-157.091248
4295.874023	-157.473984
4301.257324	-157.964890
4306.640625	-158.317474
4312.023926	-158.729446
4317.407227	-159.131699
4322.790527	-159.519806
4328.173828	-159.890518
4333.557129	-160.293060
4338.940430	-160.638397
4344.323730	-161.077759
4349.707031	-161.390945
4355.090332	-161.764557
4360.473633	-162.143433
4365.856934	-162.437317
4371.240234	-162.787476
4376.623535	-163.052536
4382.006836	-163.296173
4387.390137	-163.699524
4392.773438	-164.146957
4398.156738	-164.314117
4403.540039	-164.625000
4408.923340	-165.017166
4414.306641	-165.329056
4419.689941	-165.558212
4425.073242	-165.885544
4430.456543	-166.249084
4435.839844	-166.401764
4441.223145	-166.654800
4446.606445	-166.948639
4451.989746	-167.138016
4457.373047	-167.442307
4462.756348	-167.602722
4468.139648	-167.743027
4473.522949	-168.048950
4478.906250	-168.209885
4484.289551	-168.362091
4489.672852	-168.502304
4495.056152	-168.741821
4500.439453	-168.736038
4505.822754	-168.893570
4511.206055	-168.857819
4516.589355	-168.911240
4521.972656	-168.971924
4527.355957	-168.958023
4532.739258	-168.849991
4538.122559	-168.553513
4543.505859	-168.563232
4548.889160	-168.352951
4554.272461	-167.930161
4559.655762	-167.739716
4565.039062	-167.610275
4570.422363	-166.164383
4575.805664	-165.692490
4581.188965	-166.377335
4586.572266	-166.080750
4591.955566	-165.558975
4597.338867	-165.104095
4602.722168	-164.636780
4608.105469	-164.078873
4613.488770	-163.457184
4618.872070	-162.885132
4624.255371	-162.249466
4629.638672	-161.583572
4635.021973	-160.942276
4640.405273	-160.183578
4645.788574	-159.518112
4651.171875	-158.749039
4656.555176	-158.004944
4661.938477	-157.192017
4667.321777	-156.368912
4672.705078	-155.538116
4678.088379	-154.687103
4683.471680	-153.746628
4688.854980	-152.810440
4694.238281	-151.839676
4699.621582	-150.833298
4705.004883	-149.794952
4710.388184	-148.674088
4715.771484	-147.561920
4721.154785	-146.356735
4726.538086	-145.119705
4731.921387	-143.837982
4737.304688	-142.472198
4742.687988	-141.038162
4748.071289	-139.529144
4753.454590	-137.918274
4758.837891	-136.216660
4764.221191	-134.386429
4769.604492	-132.439178
4774.987793	-130.325409
4780.371094	-128.016464
4785.754395	-124.522842
4791.137695	-121.565186
4796.520996	-119.581985
4801.904297	-116.143860
4807.287598	-112.082809
4812.670898	-107.264595
4818.054199	-101.325111
4823.437500	-93.533211
4828.820801	-81.940453
4834.204102	-49.815784
4839.587402	-42.779709
4844.970703	-47.816830
4850.354004	-79.387604
4855.737305	-91.927521
4861.120605	-100.065140
4866.503906	-106.171036
4871.887207	-111.047890
4877.270508	-114.351463
4882.653809	-102.404732
4888.037109	-91.085426
4893.420410	-92.660667
4898.803711	-109.740532
4904.187012	-123.598328
4909.570312	-129.492493
4914.953613	-132.580994
4920.336914	-134.761353
4925.720215	-136.593124
4931.103516	-138.233719
4936.486816	-139.756424
4941.870117	-141.169724
4947.253418	-142.495270
4952.636719	-143.763351
4958.020020	-144.967941
4963.403320	-146.102264
4968.786621	-147.212784
4974.169922	-148.235565
4979.553223	-149.247757
4984.936523	-150.223511
4990.319824	-151.143585
4995.703125	-152.032990
5001.086426	-152.865234
5006.469727	-153.742111
5011.853027	-154.583786
5017.236328	-155.300781
5022.619629	-156.077393
5028.002930	-156.796448
5033.386230	-157.506561
5038.769531	-158.183563
5044.152832	-158.868118
5049.536133	-159.491165
5054.919434	-160.169205
5060.302734	-160.721634
5065.686035	-161.374435
5071.069336	-160.634674
5076.452637	-161.714005
5081.835938	-163.101028
5087.219238	-163.519318
5092.602539	-164.037781
5097.985840	-164.551788
5103.369141	-165.095535
5108.752441	-165.579376
5114.135742	-165.905624
5119.519043	-166.374786
5124.902344	-166.934784
5130.285645	-167.291580
5135.668945	-167.683136
5141.052246	-168.047775
5146.435547	-168.399109
5151.818848	-168.706573
5157.202148	-169.066849
5162.585449	-169.502045
5167.968750	-169.650497
5173.352051	-169.903717
5178.735352	-170.213959
5184.118652	-170.383560
5189.501953	-170.634842
5194.885254	-170.903900
5200.268555	-170.855377
5205.651855	-170.964264
5211.035156	-171.099564
5216.418457	-171.102707
5221.801758	-171.103683
5227.185059	-171.037048
5232.568359	-171.160751
5237.951660	-171.101791
5243.334961	-170.840164
5248.718262	-170.900513
5254.101562	-170.908844
5259.484863	-169.492905
5264.868164	-169.049545
5270.251465	-170.274139
5275.634766	-170.221771
5281.018066	-169.974487
5286.401367	-169.897903
5291.784668	-169.505630
5297.167969	-169.307968
5302.551270	-169.141891
5307.934570	-168.800095
5313.317871	-168.532196
5318.701172	-168.221512
5324.084473	-167.755692
5329.467773	-167.600952
5334.851074	-167.199692
5340.234375	-166.879654
5345.617676	-166.420319
5351.000977	-166.267944
5356.384277	-165.838150
5361.767578	-165.488861
5367.150879	-165.055984
5372.534180	-164.715164
5377.917480	-164.316132
5383.300781	-163.878922
5388.684082	-163.464417
5394.067383	-163.109756
5399.450684	-162.641663
5404.833984	-162.167282
5410.217285	-161.761795
5415.600586	-161.243652
5420.983887	-160.793839
5426.367188	-160.381760
5431.750488	-159.891907
5437.133789	-159.371811
5442.517090	-158.915314
5447.900391	-158.445358
5453.283691	-157.831253
5458.666992	-157.369385
5464.050293	-156.812180
5469.433594	-156.244934
5474.816895	-155.704254
5480.200195	-155.121552
5485.583496	-154.546371
5490.966797	-153.926727
5496.350098	-153.296432
5501.733398	-152.683502
5507.116699	-152.010834
5512.500000	-151.344589
5517.883301	-150.664780
5523.266602	-149.959976
5528.649902	-149.250000
5534.033203	-148.495422
5539.416504	-147.737701
5544.799805	-146.950836
5550.183105	-146.129120
5555.566406	-145.290283
5560.949707	-144.437759
5566.333008	-143.536514
5571.716309	-142.603531
5577.099609	-141.631210
5582.482910	-140.636444
5587.866211	-139.595016
5593.249512	-138.510727
5598.632812	-137.381592
5604.016113	-136.197388
5609.399414	-134.952164
5614.782715	-133.658691
5620.166016	-132.285538
5625.549316	-130.839386
5630.932617	-129.308334
5636.315918	-127.678772
5641.699219	-125.944542
5647.082520	-124.078964
5652.465820	-122.077209
5657.849121	-119.902527
5663.232422	-117.512756
5668.615723	-114.811615
5673.999023	-111.987823
5679.382324	-108.732857
5684.765625	-104.977890
5690.148926	-100.576454
5695.532227	-95.251549
5700.915527	-88.488297
5706.298828	-79.117180
5711.682129	-62.853130
5717.065430	-47.906830
5722.448730	-47.384342
5727.832031	-60.446819
5733.215332	-78.061546
5738.598633	-87.783195
5743.981934	-94.719566
5749.365234	-100.149506
5754.748535	-104.609688
5760.131836	-107.688347
5765.515137	-90.986046
5770.898438	-87.101555
5776.281738	-95.372574
5781.665039	-117.269508
5787.048340	-121.495003
5792.431641	-123.805870
5797.814941	-125.756371
5803.198242	-127.528107
5808.581543	-129.179428
5813.964844	-130.725296
5819.348145	-132.183823
5824.731445	-133.567703
5830.114746	-134.873596
5835.498047	-136.123566
5840.881348	-137.315079
5846.264648	-138.451584
5851.647949	-139.546341
5857.031250	-140.592041
5862.414551	-141.596436
5867.797852	-142.565155
5873.181152	-143.501633
5878.564453	-144.409714
5883.947754	-145.270111
5889.331055	-146.104584
5894.714355	-146.944443
5900.097656	-147.727859
5905.480957	-148.497192
5910.864258	-149.246780
5916.247559	-149.963562
5921.630859	-150.675079
5927.014160	-151.362411
5932.397461	-152.045944
5937.780762	-152.694992
5943.164062	-153.318527
5948.547363	-153.848907
5953.930664	-154.323715
5959.313965	-155.070496
5964.697266	-155.729721
5970.080566	-156.272339
5975.463867	-156.868027
5980.847168	-157.378891
5986.230469	-157.926285
5991.613770	-158.483551
5996.997070	-158.964035
6002.380371	-159.432129
6007.763672	-159.968384
6013.146973	-160.450500
6018.530273	-160.921066
6023.913574	-161.350418
6029.296875	-161.872360
6034.680176	-162.255127
6040.063477	-162.726639
6045.446777	-163.191910
6050.830078	-163.581192
6056.213379	-163.973282
6061.596680	-164.524857
6066.979980	-164.776901
6072.363281	-165.157822
6077.746582	-165.687180
6083.129883	-166.023483
6088.513184	-166.410019
6093.896484	-166.794418
6099.279785	-167.066269
6104.663086	-167.223969
6110.046387	-167.769287
6115.429688	-168.248077
6120.812988	-168.411209
6126.196289	-168.623734
6131.579590	-169.234543
6136.962891	-169.672531
6142.346191	-169.671295
6147.729492	-170.312714
6153.112793	-170.708771
6158.496094	-170.936554
6163.879395	-171.237625
6169.262695	-171.661758
6174.645996	-171.886688
6180.029297	-171.995682
6185.412598	-172.352570
6190.795898	-172.708313
6196.179199	-172.954178
6201.562500	-173.363922
6206.945801	-173.472961
6212.329102	-173.721298
6217.712402	-174.167068
6223.095703	-174.434830
6228.479004	-174.644684
6233.862305	-174.947327
6239.245605	-175.085190
6244.628906	-175.521713
6250.012207	-175.574371
6255.395508	-175.530212
6260.778809	-175.996231
6266.162109	-176.663895
6271.545410	-176.505508
6276.928711	-176.368301
6282.312012	-176.280228
6287.695312	-177.593903
6293.078613	-176.450577
6298.461914	-175.911026
6303.845215	-178.081268
6309.228516	-178.231506
6314.611816	-178.193207
6319.995117	-178.615158
6325.378418	-178.922012
6330.761719	-178.765350
6336.145020	-179.076767
6341.528320	-179.164124
6346.911621	-179.802124
6352.294922	-179.956192
6357.678223	-179.948959
6363.061523	-179.212479
6368.444824	-180.250061
6373.828125	-180.701172
6379.211426	-180.549515
6384.594727	-180.102875
6389.978027	-180.732727
6395.361328	-181.349350
6400.744629	-180.814468
6406.127930	-181.107605
6411.511230	-180.792145
6416.894531	-180.710434
6422.277832	-180.413742
6427.661133	-179.765442
6433.044434	-179.918488
6438.427734	-179.726303
6443.811035	-177.359421
6449.194336	-172.644592
6454.577637	-173.484879
6459.960938	-176.293716
6465.344238	-174.343887
6470.727539	-173.156235
6476.110840	-172.515411
6481.494141	-171.342102
6486.877441	-169.924683
6492.260742	-168.712234
6497.644043	-166.928528
6503.027344	-165.491043
6508.410645	-163.751556
6513.793945	-162.042343
6519.177246	-160.163147
6524.560547	-158.069778
6529.943848	-156.066574
6535.327148	-153.660324
6540.710449	-150.296158
6546.093750	-137.145325
6551.477051	-134.457901
6556.860352	-140.421844
6562.243652	-138.691193
6567.626953	-134.449219
6573.010254	-129.429245
6578.393555	-123.259277
6583.776855	-115.170403
6589.160156	-103.053291
6594.543457	-55.830879
6599.926758	-49.635693
6605.310059	-55.476543
6610.693359	-101.996651
6616.076660	-113.975403
6621.459961	-121.742447
6626.843262	-126.587448
6632.226562	-124.814987
6637.609863	-115.194145
6642.993164	-94.425873
6648.376465	-84.073265
6653.759766	-86.383629
6659.143066	-105.401520
6664.526367	-119.871254
6669.909668	-128.685135
6675.292969	-135.132980
6680.676270	-140.212311
6686.059570	-144.376083
6691.442871	-147.886353
6696.826172	-150.860825
6702.209473	-153.403503
6707.592773	-155.741608
6712.976074	-157.829529
6718.359375	-159.710007
6723.742676	-161.300415
6729.125977	-162.705460
6734.509277	-164.229126
6739.892578	-165.425888
6745.275879	-166.646088
6750.659180	-167.772171
6756.042480	-168.748352
6761.425781	-169.598862
6766.809082	-170.556641
6772.192383	-171.385529
6777.575684	-172.211517
6782.958984	-172.922775
6788.342285	-173.828720
6793.725586	-172.916336
6799.108887	-173.915710
6804.492188	-175.722015
6809.875488	-175.609238
6815.258789	-175.456772
6820.642090	-176.535812
6826.025391	-177.166702
6831.408691	-171.840500
6836.791992	-175.150085
6842.175293	-179.103439
6847.558594	-179.472153
6852.941895	-179.707809
6858.325195	-179.610840
6863.708496	-180.284821
6869.091797	-180.953003
6874.475098	-180.262497
6879.858398	-179.785370
6885.241699	-179.880066
6890.625000	-181.203384
6896.008301	-180.848938
6901.391602	-180.635330
6906.774902	-181.224686
6912.158203	-181.639511
6917.541504	-181.340332
6922.924805	-181.312088
6928.308105	-181.091324
6933.691406	-181.809784
6939.074707	-181.019653
6944.458008	-179.735733
6949.841309	-178.802582
6955.224609	-180.919632
6960.607910	-180.204422
6965.991211	-179.222733
6971.374512	-179.844498
6976.757812	-180.490387
6982.141113	-177.865967
6987.524414	-176.884033
6992.907715	-178.713165
6998.291016	-179.494156
7003.674316	-179.414383
7009.057617	-178.833710
7014.440918	-178.461227
7019.824219	-178.449570
7025.207520	-177.874924
7030.590820	-177.808411
7035.974121	-177.405426
7041.357422	-177.482056
7046.740723	-176.992477
7052.124023	-176.166367
7057.507324	-176.370972
7062.890625	-175.664291
7068.273926	-175.558395
7073.657227	-175.352554
7079.040527	-175.029144
7084.423828	-174.832260
7089.807129	-174.533356
7095.190430	-174.136246
7100.573730	-173.799316
7105.957031	-173.501648
7111.340332	-172.994003
7116.723633	-172.460892
7122.106934	-172.239380
7127.490234	-171.846634
7132.873535	-171.375046
7138.256836	-170.573822
7143.640137	-170.010635
7149.023438	-170.306488
7154.406738	-169.718262
7159.790039	-169.083557
7165.173340	-168.997681
7170.556641	-168.563354
7175.939941	-168.069931
7181.323242	-167.559738
7186.706543	-167.190170
7192.089844	-166.652100
7197.473145	-166.199203
7202.856445	-165.698212
7208.239746	-165.261551
7213.623047	-164.641998
7219.006348	-164.126053
7224.389648	-163.548431
7229.772949	-162.957993
7235.156250	-162.432144
7240.539551	-161.925018
7245.922852	-161.279800
7251.306152	-160.712723
7256.689453	-160.056122
7262.072754	-159.441696
7267.456055	-158.800644
7272.839355	-158.126770
7278.222656	-157.425461
7283.605957	-156.690903
7288.989258	-156.013672
7294.372559	-155.250854
7299.755859	-154.469131
7305.139160	-153.688934
7310.522461	-152.867584
7315.905762	-152.026016
7321.289062	-151.170578
7326.672363	-150.285278
7332.055664	-149.311218
7337.438965	-148.335114
7342.822266	-147.366684
7348.205566	-146.324036
7353.588867	-145.226044
7358.972168	-144.094223
7364.355469	-142.904938
7369.738770	-141.656509
7375.122070	-140.359909
7380.505371	-138.974625
7385.888672	-137.526917
7391.271973	-135.983673
7396.655273	-134.352005
7402.038574	-132.606400
7407.421875	-130.730713
7412.805176	-128.720139
7418.188477	-126.529610
7423.571777	-124.122047
7428.955078	-121.407646
7434.338379	-118.565109
7439.721680	-115.278671
7445.104980	-111.487236
7450.488281	-107.036049
7455.871582	-101.638062
7461.254883	-94.754959
7466.638184	-85.142014
7472.021484	-67.964622
7477.404785	-54.362129
7482.788086	-54.569496
7488.171387	-68.918404
7493.554688	-85.561111
7498.937988	-95.035057
7504.321289	-101.848228
7509.704590	-107.171776
7515.087891	-110.921242
7520.471191	-104.844574
7525.854492	-83.626907
7531.237793	-80.468864
7536.621094	-89.696167
7542.004395	-112.482430
7547.387695	-122.275101
7552.770996	-127.764732
7558.154297	-131.141052
7563.537598	-133.554260
7568.920898	-135.507767
7574.304199	-137.221100
7579.687500	-138.752640
7585.070801	-140.209564
7590.454102	-141.538818
7595.837402	-142.810867
7601.220703	-144.026703
7606.604004	-145.168610
7611.987305	-146.267685
7617.370605	-147.329834
7622.753906	-148.324783
7628.137207	-149.300400
7633.520508	-150.239868
7638.903809	-151.149780
7644.287109	-152.005524
7649.670410	-152.835938
7655.053711	-153.672852
7660.437012	-154.447205
7665.820312	-155.237991
7671.203613	-155.955368
7676.586914	-156.691498
7681.970215	-157.384842
7687.353516	-158.103149
7692.736816	-158.746704
7698.120117	-159.445892
7703.503418	-160.043808
7708.886719	-160.746857
7714.270020	-161.204620
7719.653320	-161.869400
7725.036621	-162.442230
7730.419922	-162.997940
7735.803223	-163.529266
7741.186523	-164.122299
7746.569824	-164.556122
7751.953125	-165.226364
7757.336426	-165.658691
7762.719727	-166.104874
7768.103027	-166.604492
7773.486328	-167.158585
7778.869629	-167.608765
7784.252930	-168.090500
7789.636230	-168.540604
7795.019531	-168.950134
7800.402832	-169.523514
7805.786133	-169.792633
7811.169434	-170.119858
7816.552734	-170.621796
7821.936035	-170.309631
7827.319336	-168.229996
7832.702637	-169.104324
7838.085938	-172.229294
7843.469238	-172.148361
7848.852539	-172.392456
7854.235840	-173.249222
7859.619141	-173.708801
7865.002441	-173.867676
7870.385742	-174.354004
7875.769043	-174.802811
7881.152344	-175.072586
7886.535645	-175.626526
7891.918945	-175.668915
7897.302246	-176.028961
7902.685547	-176.385345
7908.068848	-176.722427
7913.452148	-176.549149
7918.835449	-176.738098
7924.218750	-177.600098
7929.602051	-177.753296
7934.985352	-177.839691
7940.368652	-178.058273
7945.751953	-176.524002
7951.135254	-178.599518
7956.518555	-179.053284
7961.901855	-179.360031
7967.285156	-179.800049
7972.668457	-179.791626
7978.051758	-179.312057
7983.435059	-179.811264
7988.818359	-180.462692
7994.201660	-180.347290
7999.584961	-178.733383
8004.968262	-180.014526
8010.351562	-180.886292
8015.734863	-174.892609
8021.118164	-174.834946
8026.501465	-179.169113
8031.884766	-181.541534
8037.268066	-181.068848
8042.651367	-181.096878
8048.034668	-181.580872
8053.417969	-181.366623
8058.801270	-181.242203
8064.184570	-180.908707
8069.567871	-181.353195
8074.951172	-181.163406
8080.334473	-180.638474
8085.717773	-179.211624
8091.101074	-179.567093
8096.484375	-180.110458
8101.867676	-179.454865
8107.250977	-179.253967
8112.634277	-179.265488
8118.017578	-178.767715
8123.400879	-178.603012
8128.784180	-177.752960
8134.167480	-177.290665
8139.550781	-176.923599
8144.934082	-176.473465
8150.317383	-175.712326
8155.700684	-175.343002
8161.083984	-174.741135
8166.467285	-174.074158
8171.850586	-172.521088
8177.233887	-172.129883
8182.617188	-172.036530
8188.000488	-171.068832
8193.383789	-170.196350
8198.767090	-169.742447
8204.150391	-169.003662
8209.533691	-167.770020
8214.916992	-167.299515
8220.300293	-166.248520
8225.683594	-165.260864
8231.066895	-164.332825
8236.450195	-163.129166
8241.833496	-162.162521
8247.216797	-160.919235
8252.600098	-159.666092
8257.983398	-158.406296
8263.366699	-156.981979
8268.750000	-155.599670
8274.133301	-153.991165
8279.516602	-152.413895
8284.899902	-150.611649
8290.283203	-148.694565
8295.666504	-146.668198
8301.049805	-144.333466
8306.433105	-139.703476
8311.816406	-137.343521
8317.199707	-136.034470
8322.583008	-132.632767
8327.966309	-128.560638
8333.349609	-123.695122
8338.732910	-117.644173
8344.116211	-109.596138
8349.499512	-97.263611
8354.882812	-61.833393
8360.266113	-56.452095
8365.649414	-63.121548
8371.032715	-99.008438
8376.416016	-110.770180
8381.799316	-118.487549
8387.182617	-122.710472
8392.565918	-119.366295
8397.949219	-109.113884
8403.332520	-86.462997
8408.715820	-77.102028
8414.099121	-80.159531
8419.482422	-101.411713
8424.865723	-115.279007
8430.249023	-123.902725
8435.632324	-130.266663
8441.015625	-135.325058
8446.398926	-139.516052
8451.782227	-143.085541
8457.165527	-146.121063
8462.548828	-148.775681
8467.932129	-151.377716
8473.315430	-153.598984
8478.698730	-155.652832
8484.082031	-157.484558
8489.465332	-159.144150
8494.848633	-160.835876
8500.231934	-162.222305
8505.615234	-163.637619
8510.998535	-164.953995
8516.381836	-165.517258
8521.765137	-167.325012
8527.148438	-168.457535
8532.531738	-169.396652
8537.915039	-170.352081
8543.298340	-171.380783
8548.681641	-172.657806
8554.064941	-172.901657
8559.448242	-174.514709
8564.831543	-174.675018
8570.214844	-176.073471
8575.598145	-176.247162
8580.981445	-177.195297
8586.364746	-177.645798
8591.748047	-177.474930
8597.131348	-178.515579
8602.514648	-179.093231
8607.897949	-179.888245
8613.281250	-180.838577
8618.664551	-181.278076
8624.047852	-180.839142
8629.431152	-182.324860
8634.814453	-182.678558
8640.197754	-183.370163
8645.581055	-182.945206
8650.964355	-184.014374
8656.347656	-184.337143
8661.730957	-183.747177
8667.114258	-182.595551
8672.497559	-184.079803
8677.880859	-185.235352
8683.264160	-184.554321
8688.647461	-181.929871
8694.030762	-182.426346
8699.414062	-184.842072
8704.797363	-169.978378
8710.180664	-169.510910
8715.563965	-177.037338
8720.947266	-185.684448
8726.330566	-184.681061
8731.713867	-184.642426
8737.097168	-184.925247
8742.480469	-185.172653
8747.863770	-183.992676
8753.247070	-184.079681
8758.630371	-184.885956
8764.013672	-185.626968
8769.396973	-184.137695
8774.780273	-182.171524
8780.163574	-183.021683
8785.546875	-184.081284
8790.930176	-183.014297
8796.313477	-182.282791
8801.696777	-183.532516
8807.080078	-183.453232
8812.463379	-182.929276
8817.846680	-182.250839
8823.229980	-176.386368
8828.613281	-177.265717
8833.996582	-181.613876
8839.379883	-180.438843
8844.763184	-181.070038
8850.146484	-181.497040
8855.529785	-179.865921
8860.913086	-176.765106
8866.296387	-177.488754
8871.679688	-179.979309
8877.062988	-177.939636
8882.446289	-177.645081
8887.829590	-178.769119
8893.212891	-178.347366
8898.596191	-177.435623
8903.979492	-177.192398
8909.362793	-176.841675
8914.746094	-176.883652
8920.129395	-176.186905
8925.512695	-175.778900
8930.895996	-175.590805
8936.279297	-175.086990
8941.662598	-174.638031
8947.045898	-173.770340
8952.429199	-173.524750
8957.812500	-173.269272
8963.195801	-172.474960
8968.579102	-172.117844
8973.962402	-171.614853
8979.345703	-171.167587
8984.729004	-170.610016
8990.112305	-170.022705
8995.495605	-169.461426
9000.878906	-168.879608
9006.262207	-168.319061
9011.645508	-167.619034
9017.028809	-166.959152
9022.412109	-166.468094
9027.795410	-165.747467
9033.178711	-165.047821
9038.562012	-164.442169
9043.945312	-163.715347
9049.328613	-163.057114
9054.711914	-162.179291
9060.095215	-161.434891
9065.478516	-160.718643
9070.861816	-159.867432
9076.245117	-159.043503
9081.628418	-158.150772
9087.011719	-157.269226
9092.395020	-156.323929
9097.778320	-155.381973
9103.161621	-154.357300
9108.544922	-153.338028
9113.928223	-152.203354
9119.311523	-151.106415
9124.694824	-149.884552
9130.078125	-148.654907
9135.461426	-147.346024
9140.844727	-145.953293
9146.228027	-144.505478
9151.611328	-142.952728
9156.994629	-141.324692
9162.377930	-139.555771
9167.761230	-137.686249
9173.144531	-135.659790
9178.527832	-133.456741
9183.911133	-131.028824
9189.294434	-128.296722
9194.677734	-125.441582
9200.061035	-122.124985
9205.444336	-118.297028
9210.827637	-113.795395
9216.210938	-108.322464
9221.594238	-101.315247
9226.977539	-91.446495
9232.360840	-73.208679
9237.744141	-60.826214
9243.127441	-61.764164
9248.510742	-77.543594
9253.894043	-93.341225
9259.277344	-102.575584
9264.660645	-109.177948
9270.043945	-113.192650
9275.427246	-109.472336
9280.810547	-95.579437
9286.193848	-76.287567
9291.577148	-73.876060
9296.960449	-84.088989
9302.343750	-105.107056
9307.727051	-115.499390
9313.110352	-122.675056
9318.493652	-128.125809
9323.876953	-132.462143
9329.260254	-136.002472
9334.643555	-138.954605
9340.026855	-141.383835
9345.410156	-143.637314
9350.793457	-145.603058
9356.176758	-147.296463
9361.560059	-148.897446
9366.943359	-150.301651
9372.326660	-151.629349
9377.709961	-152.890091
9383.093262	-153.994400
9388.476562	-155.149918
9393.859863	-156.180786
9399.243164	-157.068100
9404.626465	-158.119644
9410.009766	-158.992935
9415.393066	-159.940094
9420.776367	-160.653397
9426.159668	-161.601318
9431.542969	-162.343262
9436.926270	-163.004868
9442.309570	-163.830399
9447.692871	-164.512756
9453.076172	-165.248352
9458.459473	-165.895721
9463.842773	-166.533783
9469.226074	-167.093536
9474.609375	-167.725342
9479.992676	-168.316544
9485.375977	-168.897797
9490.759277	-169.481735
9496.142578	-170.202118
9501.525879	-170.565125
9506.909180	-171.042221
9512.292480	-171.579376
9517.675781	-172.348007
9523.059082	-172.671234
9528.442383	-173.353806
9533.825684	-173.606415
9539.208984	-174.197708
9544.592285	-174.380035
9549.975586	-173.402908
9555.358887	-174.480377
9560.742188	-176.053696
9566.125488	-175.805374
9571.508789	-175.707657
9576.892090	-176.902863
9582.275391	-177.191299
9587.658691	-174.456421
9593.041992	-176.910797
9598.425293	-178.670853
9603.808594	-178.954010
9609.191895	-179.140488
9614.575195	-179.416199
9619.958496	-179.922546
9625.341797	-180.454880
9630.725098	-180.650177
9636.108398	-179.600769
9641.491699	-180.314911
9646.875000	-182.141922
9652.258301	-181.423752
9657.641602	-180.745544
9663.024902	-181.991196
9668.408203	-182.771515
9673.791504	-182.457092
9679.174805	-182.476028
9684.558105	-183.651855
9689.941406	-183.612274
9695.324707	-183.179291
9700.708008	-174.494064
9706.091309	-170.919464
9711.474609	-178.325180
9716.857910	-183.955215
9722.241211	-180.898392
9727.624512	-181.923767
9733.007812	-185.248795
9738.391113	-179.663635
9743.774414	-178.641510
9749.157715	-183.336456
9754.541016	-185.438095
9759.924316	-184.469559
9765.307617	-183.788849
9770.690918	-184.402802
9776.074219	-184.634827
9781.457520	-183.917465
9786.840820	-183.651596
9792.224121	-184.690704
9797.607422	-184.986420
9802.990723	-184.530884
9808.374023	-181.669769
9813.757324	-182.461014
9819.140625	-183.936310
9824.523926	-182.358856
9829.907227	-181.639328
9835.290527	-182.916656
9840.673828	-182.851120
9846.057129	-182.264145
9851.440430	-181.840561
9856.823730	-180.958084
9862.207031	-181.217636
9867.590332	-180.579514
9872.973633	-179.637283
9878.356934	-179.510162
9883.740234	-179.356079
9889.123535	-177.808136
9894.506836	-174.200714
9899.890137	-174.944397
9905.273438	-177.085419
9910.656738	-175.807831
9916.040039	-174.631287
9921.423340	-175.270462
9926.806641	-174.469498
9932.189941	-173.632309
9937.573242	-173.194946
9942.956543	-172.527435
9948.339844	-171.566681
9953.723145	-170.803207
9959.106445	-169.945190
9964.489746	-169.242767
9969.873047	-168.211914
9975.256348	-167.392670
9980.639648	-166.309769
9986.022949	-165.388794
9991.406250	-164.444000
9996.789551	-163.228622
10002.172852	-162.246094
10007.556152	-160.950256
10012.939453	-159.803101
10018.322754	-158.415970
10023.706055	-157.080353
10029.089355	-155.585388
10034.472656	-153.993851
10039.855957	-152.393082
10045.239258	-150.546112
10050.622559	-148.650253
10056.005859	-146.564194
10061.389160	-144.262558
10066.772461	-141.160370
10072.155762	-138.602859
10077.539062	-135.880417
10082.922363	-132.340881
10088.305664	-128.210129
10093.688965	-123.261398
10099.072266	-117.092743
10104.455566	-108.846703
10109.838867	-96.033714
10115.222168	-67.883568
10120.605469	-63.293873
10125.988770	-70.821938
10131.372070	-99.696350
10136.755371	-111.039711
10142.138672	-118.273727
10147.521973	-120.298996
10152.905273	-114.634216
10158.288574	-103.763367
10163.671875	-78.598724
10169.055176	-70.175949
10174.438477	-73.992249
10179.821777	-98.099319
10185.205078	-111.417152
10190.588379	-119.850235
10195.971680	-126.119469
10201.354980	-131.128296
10206.738281	-135.296906
10212.121582	-138.864716
10217.504883	-141.832657
10222.888184	-144.464401
10228.271484	-147.229279
10233.654785	-149.505539
10239.038086	-151.570374
10244.421387	-153.419495
10249.804688	-155.242188
10255.187988	-156.916687
10260.571289	-158.330231
10265.954590	-159.923737
10271.337891	-161.156036
10276.721191	-162.507080
10282.104492	-163.644135
10287.487793	-164.827835
10292.871094	-166.079697
10298.254395	-166.877808
10303.637695	-168.095428
10309.020996	-168.790237
10314.404297	-170.069305
10319.787598	-170.642319
10325.170898	-171.476028
10330.554199	-172.559921
10335.937500	-173.173203
10341.320801	-173.948563
10346.704102	-174.414688
10352.087402	-175.344147
10357.470703	-176.021225
10362.854004	-176.508575
10368.237305	-177.196945
10373.620605	-177.981461
10379.003906	-178.502213
10384.387207	-179.190918
10389.770508	-179.341370
10395.153809	-178.979645
10400.537109	-180.581696
10405.920410	-181.418884
10411.303711	-179.589722
10416.687012	-179.794876
10422.070312	-182.885666
10427.453613	-179.486526
10432.836914	-178.493378
10438.220215	-182.842972
10443.603516	-184.757721
10448.986816	-184.040207
10454.370117	-184.025101
10459.753418	-184.222900
10465.136719	-181.907394
10470.520020	-181.179581
10475.903320	-184.565460
10481.286621	-185.416000
10486.669922	-186.633713
10492.053223	-185.899750
10497.436523	-183.565994
10502.819824	-184.064651
10508.203125	-186.691940
10513.586426	-184.203857
10518.969727	-183.454636
10524.353027	-186.231583
10529.736328	-187.358292
10535.119629	-186.883820
10540.502930	-185.199554
10545.886230	-185.519608
10551.269531	-186.539520
10556.652832	-186.313202
10562.036133	-185.015488
10567.419434	-185.331192
10572.802734	-185.743439
10578.186035	-171.019608
10583.569336	-160.750443
10588.952637	-164.529938
10594.335938	-182.360641
10599.719238	-182.538086
10605.102539	-180.503708
10610.485840	-184.484344
10615.869141	-184.827759
10621.252441	-183.374207
10626.635742	-183.735031
10632.019043	-183.807800
10637.402344	-184.408539
10642.785645	-183.427246
10648.168945	-183.075638
10653.552246	-183.700134
10658.935547	-182.495010
10664.318848	-182.270203
10669.702148	-180.791687
10675.085449	-181.156677
10680.468750	-181.762024
10685.852051	-180.576935
10691.235352	-179.521866
10696.618652	-180.461121
10702.001953	-180.098984
10707.385254	-179.485672
10712.768555	-178.602020
10718.151855	-179.199066
10723.535156	-178.476685
10728.918457	-177.668884
10734.301758	-177.161819
10739.685059	-177.119400
10745.068359	-176.643127
10750.451660	-176.042435
10755.834961	-174.912964
10761.218262	-174.631012
10766.601562	-174.378387
10771.984863	-172.041779
10777.368164	-171.791321
10782.751465	-172.509872
10788.134766	-172.030869
10793.518066	-171.419846
10798.901367	-170.759857
10804.284668	-170.023575
10809.667969	-169.459839
10815.051270	-168.760010
10820.434570	-167.919006
10825.817871	-167.145157
10831.201172	-166.472000
10836.584473	-165.648819
10841.967773	-164.790100
10847.351074	-163.862549
10852.734375	-163.084625
10858.117676	-162.034164
10863.500977	-161.111526
10868.884277	-160.074844
10874.267578	-159.060211
10879.650879	-157.929260
10885.034180	-156.764130
10890.417480	-155.586273
10895.800781	-154.271484
10901.184082	-152.973923
10906.567383	-151.513901
10911.950684	-150.007477
10917.333984	-148.397781
10922.717285	-146.651672
10928.100586	-144.822556
10933.483887	-142.804153
10938.867188	-140.623184
10944.250488	-138.200119
10949.633789	-135.465118
10955.017090	-132.624451
10960.400391	-129.295410
10965.783691	-125.440712
10971.166992	-120.897987
10976.550293	-115.353500
10981.933594	-108.220726
10987.316895	-98.082047
10992.700195	-78.587990
10998.083496	-67.328789
11003.466797	-69.000626
11008.850098	-86.403854
11014.233398	-101.446045
11019.616699	-110.208778
