Frequency (Hz)	Level (dB)
5.383301	-158.134689
10.766602	-157.234848
16.149902	-158.974792
21.533203	-158.374741
26.916504	-158.468933
32.299805	-157.597626
37.683105	-158.929672
43.066406	-158.079605
48.449707	-157.403900
53.833008	-158.742157
59.216309	-158.683105
64.599609	-158.128159
69.982910	-158.586472
75.366211	-157.067139
80.749512	-156.633545
86.132812	-157.993896
91.516113	-157.560608
96.899414	-158.038605
102.282715	-157.779160
107.666016	-157.109299
113.049316	-154.497589
118.432617	-156.913300
123.815918	-158.148544
129.199219	-157.977570
134.582520	-157.267441
139.965820	-158.198959
145.349121	-157.600006
150.732422	-157.474380
156.115723	-157.454529
161.499023	-158.011749
166.882324	-157.448227
172.265625	-157.731735
177.648926	-157.123901
183.032227	-157.233902
188.415527	-157.908524
193.798828	-157.482727
199.182129	-156.857437
204.565430	-156.826202
209.948730	-156.636765
215.332031	-157.749451
220.715332	-157.060211
226.098633	-156.359970
231.481934	-157.035645
236.865234	-157.008331
242.248535	-156.461792
247.631836	-156.429062
253.015137	-156.057968
258.398438	-156.471420
263.781738	-154.766876
269.165039	-153.851685
274.548340	-156.349686
279.931641	-156.006882
285.314941	-156.531250
290.698242	-156.069107
296.081543	-156.056610
301.464844	-156.167618
306.848145	-155.696472
312.231445	-155.328323
317.614746	-156.562805
322.998047	-155.291916
328.381348	-155.249908
333.764648	-156.381271
339.147949	-154.728607
344.531250	-155.194504
349.914551	-155.268005
355.297852	-154.941467
360.681152	-154.937744
366.064453	-155.277863
371.447754	-154.044678
376.831055	-155.358826
382.214355	-154.620316
387.597656	-154.169418
392.980957	-154.318863
398.364258	-154.381500
403.747559	-154.150925
409.130859	-153.871323
414.514160	-152.700348
419.897461	-148.878265
425.280762	-148.467178
430.664062	-144.100769
436.047363	-135.375916
441.430664	-119.771767
446.813965	-103.727318
452.197266	-102.662811
457.580566	-114.840599
462.963867	-133.264664
468.347168	-142.797302
473.730469	-148.285110
479.113770	-151.164902
484.497070	-152.215118
489.880371	-152.356461
495.263672	-152.363098
500.646973	-152.458359
506.030273	-152.002960
511.413574	-152.371277
516.796875	-152.008453
522.180176	-151.969589
527.563477	-151.726730
532.946777	-152.054153
538.330078	-151.796066
543.713379	-151.413940
549.096680	-151.591232
554.479980	-151.252731
559.863281	-151.192276
565.246582	-151.219070
570.629883	-150.949753
576.013184	-151.009293
581.396484	-150.785797
586.779785	-150.594208
592.163086	-150.769806
597.546387	-150.051544
602.929688	-150.354980
608.312988	-150.228088
613.696289	-149.688248
619.079590	-150.061966
624.462891	-149.950012
629.846191	-149.610107
635.229492	-149.900909
640.612793	-149.565170
645.996094	-149.042450
651.379395	-149.468597
656.762695	-148.970947
662.145996	-149.113190
667.529297	-148.854980
672.912598	-148.469574
678.295898	-148.751190
683.679199	-148.264435
689.062500	-148.260574
694.445801	-148.253220
699.829102	-148.161957
705.212402	-147.628128
710.595703	-147.990891
715.979004	-147.606857
721.362305	-147.606857
726.745605	-147.317703
732.128906	-147.425751
737.512207	-147.199020
742.895508	-147.052612
748.278809	-146.853912
753.662109	-146.882294
759.045410	-146.514816
764.428711	-146.190598
769.812012	-146.590302
775.195312	-146.156418
780.578613	-146.151291
785.961914	-145.995972
791.345215	-145.534882
796.728516	-145.511139
802.111816	-145.331055
807.495117	-145.118683
812.878418	-144.867157
818.261719	-144.750610
823.645020	-144.271729
829.028320	-144.010529
834.411621	-143.509964
839.794922	-142.670822
845.178223	-141.662094
850.561523	-140.256241
855.944824	-138.029587
861.328125	-135.316727
866.711426	-131.676514
872.094727	-127.190483
877.478027	-121.487114
882.861328	-113.989838
888.244629	-103.019104
893.627930	-78.221725
899.011230	-69.680023
904.394531	-73.397324
909.777832	-97.085403
915.161133	-110.470024
920.544434	-118.913231
925.927734	-125.137138
931.311035	-129.949631
936.694336	-133.671295
942.077637	-136.353333
947.460938	-138.281830
952.844238	-139.126511
958.227539	-139.529587
963.610840	-140.189194
968.994141	-140.234009
974.377441	-140.136658
979.760742	-140.098236
985.144043	-139.993530
990.527344	-139.804291
995.910645	-139.677322
1001.293945	-139.465363
1006.677246	-139.270523
1012.060547	-139.213501
1017.443848	-138.820511
1022.827148	-138.738037
1028.210449	-138.598007
1033.593750	-138.347641
1038.977051	-138.167999
1044.360352	-137.985016
1049.743652	-137.786346
1055.126953	-137.659927
1060.510254	-137.352066
1065.893555	-137.147141
1071.276855	-137.036926
1076.660156	-136.829330
1082.043457	-136.568695
1087.426758	-136.395004
1092.810059	-136.190109
1098.193359	-135.921677
1103.576660	-135.881256
1108.959961	-135.178543
1114.343262	-135.467560
1119.726562	-135.073547
1125.109863	-134.808487
1130.493164	-134.637497
1135.876465	-134.410065
1141.259766	-134.087784
1146.643066	-133.900070
1152.026367	-133.609756
1157.409668	-133.357910
1162.792969	-133.102127
1168.176270	-132.815384
1173.559570	-132.532257
1178.942871	-132.219467
1184.326172	-131.923203
1189.709473	-131.543991
1195.092773	-131.208237
1200.476074	-130.828491
1205.859375	-130.413361
1211.242676	-129.986832
1216.625977	-129.504303
1222.009277	-128.949066
1227.392578	-128.385910
1232.775879	-127.729645
1238.159180	-126.992073
1243.542480	-126.174339
1248.925781	-125.254517
1254.309082	-124.212006
1259.692383	-123.057899
1265.075684	-121.747406
1270.458984	-120.277931
1275.842285	-118.657425
1281.225586	-116.846817
1286.608887	-114.831833
1291.992188	-112.600014
1297.375488	-110.109016
1302.758789	-107.322540
1308.142090	-104.169388
1313.525391	-100.556831
1318.908691	-96.337471
1324.291992	-91.269325
1329.675293	-84.913475
1335.058594	-76.327477
1340.441895	-62.586315
1345.825195	-40.763836
1351.208496	-37.538120
1356.591797	-46.685852
1361.975098	-69.846458
1367.358398	-80.611313
1372.741699	-88.034660
1378.125000	-93.751808
1383.508301	-98.409134
1388.891602	-102.329170
1394.274902	-105.691444
1399.658203	-108.589600
1405.041504	-111.068718
1410.424805	-113.132713
1415.808105	-114.778099
1421.191406	-115.994019
1426.574707	-116.825096
1431.958008	-117.289093
1437.341309	-117.494423
1442.724609	-117.506859
1448.107910	-117.368027
1453.491211	-117.117393
1458.874512	-116.864769
1464.257812	-116.490868
1469.641113	-116.129211
1475.024414	-115.716927
1480.407715	-115.310570
1485.791016	-114.878403
1491.174316	-114.437714
1496.557617	-113.982224
1501.940918	-113.521347
1507.324219	-113.040771
1512.707520	-112.561302
1518.090820	-112.064476
1523.474121	-111.560616
1528.857422	-111.044380
1534.240723	-110.516800
1539.624023	-109.987198
1545.007324	-109.434303
1550.390625	-108.875481
1555.773926	-108.306458
1561.157227	-107.721794
1566.540527	-107.125069
1571.923828	-106.511818
1577.307129	-105.888702
1582.690430	-105.245934
1588.073730	-104.588654
1593.457031	-103.916138
1598.840332	-103.223602
1604.223633	-102.512802
1609.606934	-101.783768
1614.990234	-101.032333
1620.373535	-100.260498
1625.756836	-99.465759
1631.140137	-98.641350
1636.523438	-97.793358
1641.906738	-96.916191
1647.290039	-96.009010
1652.673340	-95.071510
1658.056641	-94.096680
1663.439941	-93.085823
1668.823242	-92.033699
1674.206543	-90.937065
1679.589844	-89.792686
1684.973145	-88.596352
1690.356445	-87.342163
1695.739746	-86.025108
1701.123047	-84.638168
1706.506348	-83.172874
1711.889648	-81.621407
1717.272949	-79.970726
1722.656250	-78.209343
1728.039551	-76.319756
1733.422852	-74.282448
1738.806152	-72.071808
1744.189453	-69.655624
1749.572754	-66.991196
1754.956055	-64.021011
1760.339355	-60.664822
1765.722656	-56.805267
1771.105957	-52.260368
1776.489258	-46.723892
1781.872559	-39.610790
1787.255859	-29.520531
1792.639160	-10.269383
1798.022461	1.185711
1803.405762	-0.353816
1808.789062	-17.447598
1814.172363	-32.627659
1819.555664	-41.683811
1824.938965	-48.287415
1830.322266	-53.513836
1835.705566	-57.847885
1841.088867	-61.553619
1846.472168	-64.791878
1851.855469	-67.668350
1857.238770	-70.256172
1862.622070	-72.608231
1868.005371	-74.764214
1873.388672	-76.754128
1878.771973	-78.602058
1884.155273	-80.327026
1889.538574	-81.943657
1894.921875	-83.465805
1900.305176	-84.903473
1905.688477	-86.265312
1911.071777	-87.559113
1916.455078	-88.791595
1921.838379	-89.967682
1927.221680	-91.093063
1932.604980	-92.171516
1937.988281	-93.206825
1943.371582	-94.201439
1948.754883	-95.160561
1954.138184	-96.085167
1959.521484	-96.977013
1964.904785	-97.841682
1970.288086	-98.676071
1975.671387	-99.483459
1981.054688	-100.268356
1986.437988	-101.029945
1991.821289	-101.769890
1997.204590	-102.486969
2002.587891	-103.186935
2007.971191	-103.869209
2013.354492	-104.531395
2018.737793	-105.177940
2024.121094	-105.809677
2029.504395	-106.422462
2034.887695	-107.027512
2040.270996	-107.614433
2045.654297	-108.191551
2051.037598	-108.749008
2056.420898	-109.304985
2061.804199	-109.841324
2067.187500	-110.369225
2072.570801	-110.883743
2077.954102	-111.392952
2083.337402	-111.889854
2088.720703	-112.379173
2094.104004	-112.853615
2099.487305	-113.328865
2104.870605	-113.785988
2110.253906	-114.239151
2115.637207	-114.682526
2121.020508	-115.117737
2126.403809	-115.542999
2131.787109	-115.968842
2137.170410	-116.377243
2142.553711	-116.758179
2147.937012	-117.189423
2153.320312	-117.511162
2158.703613	-117.864403
2164.086914	-118.165131
2169.470215	-118.405754
2174.853516	-118.587021
2180.236816	-118.589607
2185.620117	-118.375931
2191.003418	-117.801514
2196.386719	-116.711479
2201.770020	-114.984886
2207.153320	-112.570915
2212.536621	-109.426582
2217.919922	-105.535797
2223.303223	-100.754265
2228.686523	-94.746475
2234.069824	-86.735855
2239.453125	-74.472435
2244.836426	-37.371250
2250.219727	-31.880114
2255.603027	-38.434658
2260.986328	-75.979523
2266.369629	-87.813606
2271.752930	-95.715904
2277.136230	-101.717094
2282.519531	-106.556435
2287.902832	-110.592400
2293.286133	-114.004219
2298.669434	-116.908928
2304.052734	-119.349541
2309.436035	-121.388084
2314.819336	-123.065903
2320.202637	-124.386612
2325.585938	-125.486977
2330.969238	-126.345665
2336.352539	-127.089882
2341.735840	-127.645439
2347.119141	-128.136246
2352.502441	-128.542084
2357.885742	-128.947433
2363.269043	-129.307358
2368.652344	-129.613968
2374.035645	-129.920380
2379.418945	-130.169479
2384.802246	-130.490891
2390.185547	-130.759232
2395.568848	-130.980286
2400.952148	-131.270142
2406.335449	-131.473801
2411.718750	-131.713531
2417.102051	-131.973083
2422.485352	-132.220673
2427.868652	-132.418442
2433.251953	-132.638870
2438.635254	-132.897888
2444.018555	-133.094681
2449.401855	-133.303238
2454.785156	-133.568512
2460.168457	-133.701065
2465.551758	-133.985336
2470.935059	-134.175095
2476.318359	-134.318802
2481.701660	-134.645584
2487.084961	-134.583801
2492.468262	-134.948776
2497.851562	-135.190552
2503.234863	-135.356659
2508.618164	-135.570297
2514.001465	-135.817627
2519.384766	-135.942505
2524.768066	-136.163452
2530.151367	-136.369522
2535.534668	-136.519455
2540.917969	-136.679871
2546.301270	-136.970840
2551.684570	-137.061829
2557.067871	-137.231171
2562.451172	-137.445297
2567.834473	-137.551987
2573.217773	-137.867218
2578.601074	-137.959686
2583.984375	-138.011597
2589.367676	-138.242950
2594.750977	-138.262115
2600.134277	-138.398727
2605.517578	-138.462341
2610.900879	-138.432999
2616.284180	-138.306839
2621.667480	-138.057693
2627.050781	-137.571075
2632.434082	-136.865479
2637.817383	-135.759827
2643.200684	-134.094254
2648.583984	-132.117813
2653.967285	-129.582138
2659.350586	-126.512283
2664.733887	-122.860558
2670.117188	-118.510475
2675.500488	-113.210457
2680.883789	-106.465195
2686.267090	-97.117905
2691.650391	-80.933113
2697.033691	-65.853600
2702.416992	-65.262787
2707.800293	-78.211052
2713.183594	-95.924599
2718.566895	-105.669273
2723.950195	-112.615829
2729.333496	-118.045227
2734.716797	-122.497009
2740.100098	-126.247711
2745.483398	-129.471100
2750.866699	-132.264954
2756.250000	-134.621582
2761.633301	-136.610214
2767.016602	-138.324265
2772.399902	-139.747070
2777.783203	-140.756363
2783.166504	-141.687973
2788.549805	-142.411392
2793.933105	-142.938339
2799.316406	-143.365677
2804.699707	-143.884766
2810.083008	-143.965332
2815.466309	-144.488663
2820.849609	-144.590820
2826.232910	-144.845367
2831.616211	-144.893524
2836.999512	-145.418304
2842.382812	-145.215714
2847.766113	-145.673309
2853.149414	-145.537643
2858.532715	-145.806229
2863.916016	-145.954849
2869.299316	-146.057327
2874.682617	-146.091049
2880.065918	-146.588852
2885.449219	-146.453354
2890.832520	-146.817566
2896.215820	-146.481171
2901.599121	-146.906235
2906.982422	-147.193329
2912.365723	-147.162659
2917.749023	-147.227524
2923.132324	-147.611481
2928.515625	-147.422394
2933.898926	-147.464310
2939.282227	-147.929077
2944.665527	-147.827927
2950.048828	-148.241028
2955.432129	-147.871201
2960.815430	-148.149506
2966.198730	-148.543030
2971.582031	-148.339935
2976.965332	-148.679565
2982.348633	-148.797714
2987.731934	-148.758362
2993.115234	-148.986313
2998.498535	-149.067566
3003.881836	-148.791794
3009.265137	-149.028702
3014.648438	-149.423370
3020.031738	-149.218521
3025.415039	-149.429184
3030.798340	-149.675934
3036.181641	-149.997177
3041.564941	-149.927933
3046.948242	-150.186890
3052.331543	-150.455948
3057.714844	-150.198746
3063.098145	-150.418243
3068.481445	-150.677673
3073.864746	-150.465912
3079.248047	-150.773911
3084.631348	-150.719254
3090.014648	-150.927246
3095.397949	-150.853012
3100.781250	-151.252701
3106.164551	-151.123276
3111.547852	-151.384399
3116.931152	-150.992966
3122.314453	-150.413818
3127.697754	-147.744919
3133.081055	-142.015701
3138.464355	-131.260544
3143.847656	-104.411461
3149.230957	-96.457138
3154.614258	-100.671738
3159.997559	-126.645813
3165.380859	-139.485855
3170.764160	-146.528717
3176.147461	-147.947540
3181.530762	-151.024200
3186.914062	-152.597717
3192.297363	-152.611252
3197.680664	-152.998932
3203.063965	-153.110703
3208.447266	-153.168671
3213.830566	-153.164200
3219.213867	-153.097412
3224.597168	-154.261719
3229.980469	-153.224487
3235.363770	-153.838120
3240.747070	-153.715469
3246.130371	-153.735825
3251.513672	-154.254929
3256.896973	-153.868454
3262.280273	-153.546173
3267.663574	-154.650955
3273.046875	-154.373276
3278.430176	-154.124695
3283.813477	-154.733124
3289.196777	-154.367538
3294.580078	-154.714752
3299.963379	-155.083221
3305.346680	-154.867615
3310.729980	-155.014206
3316.113281	-155.485519
3321.496582	-154.841873
3326.879883	-155.489380
3332.263184	-154.209671
3337.646484	-155.539368
3343.029785	-155.575714
3348.413086	-155.357117
3353.796387	-155.224091
3359.179688	-155.599167
3364.562988	-155.743439
3369.946289	-155.032593
3375.329590	-155.663757
3380.712891	-156.216476
3386.096191	-156.373856
3391.479492	-156.376297
3396.862793	-156.352600
3402.246094	-156.272263
3407.629395	-156.434677
3413.012695	-157.179596
3418.395996	-156.944000
3423.779297	-156.444977
3429.162598	-156.753357
3434.545898	-156.375458
3439.929199	-156.871979
3445.312500	-157.330795
3450.695801	-156.553177
3456.079102	-157.370789
3461.462402	-157.200500
3466.845703	-156.845413
3472.229004	-157.858795
3477.612305	-157.859924
3482.995605	-157.508926
3488.378906	-156.039413
3493.762207	-158.239441
3499.145508	-157.565094
3504.528809	-157.740295
3509.912109	-158.422775
3515.295410	-157.963058
3520.678711	-157.064545
3526.062012	-156.717361
3531.445312	-158.557236
3536.828613	-157.939072
3542.211914	-158.321487
3547.595215	-159.029541
3552.978516	-158.286499
3558.361816	-158.227448
3563.745117	-158.708344
3569.128418	-158.793182
3574.511719	-159.357697
3579.895020	-158.455933
3585.278320	-159.643250
3590.661621	-153.261047
3596.044922	-134.596695
3601.428223	-131.860565
3606.811523	-141.618179
3612.194824	-157.005966
3617.578125	-159.793427
3622.961426	-159.654327
3628.344727	-159.468185
3633.728027	-159.021347
3639.111328	-161.001007
3644.494629	-159.422180
3649.877930	-159.559387
3655.261230	-160.547241
3660.644531	-160.401154
3666.027832	-159.584106
3671.411133	-160.857468
3676.794434	-159.556656
3682.177734	-160.158936
3687.561035	-161.208755
3692.944336	-158.364929
3698.327637	-159.283798
3703.710938	-159.844513
3709.094238	-153.339020
3714.477539	-150.164322
3719.860840	-158.235458
3725.244141	-161.446777
3730.627441	-159.842743
3736.010742	-161.125214
3741.394043	-161.114365
3746.777344	-160.748260
3752.160645	-161.554840
3757.543945	-160.775955
3762.927246	-161.568649
3768.310547	-161.280685
3773.693848	-161.191299
3779.077148	-160.986938
3784.460449	-160.859909
3789.843750	-161.088165
3795.227051	-161.559448
3800.610352	-162.182877
3805.993652	-162.050507
3811.376953	-160.985199
3816.760254	-163.301270
3822.143555	-161.574783
3827.526855	-161.539307
3832.910156	-162.850403
3838.293457	-162.334763
3843.676758	-161.462280
3849.060059	-161.141006
3854.443359	-163.490067
3859.826660	-161.092056
3865.209961	-156.376144
3870.593262	-155.201233
3875.976562	-163.728867
3881.359863	-162.183014
3886.743164	-162.507568
3892.126465	-162.905518
3897.509766	-162.627609
3902.893066	-164.034454
3908.276367	-162.330826
3913.659668	-163.239883
3919.042969	-164.285690
3924.426270	-162.281433
3929.809570	-162.940765
3935.192871	-162.191711
3940.576172	-163.042023
3945.959473	-163.367035
3951.342773	-162.637100
3956.726074	-162.703430
3962.109375	-163.777618
3967.492676	-164.482407
3972.875977	-161.749268
3978.259277	-163.477707
3983.642578	-165.527130
3989.025879	-163.028961
3994.409180	-163.443512
3999.792480	-163.806305
4005.175781	-162.693008
4010.559082	-163.198486
4015.942383	-160.106644
4021.325684	-157.853088
4026.708984	-155.153595
4032.092285	-148.866470
4037.475586	-138.662674
4042.858887	-118.473938
4048.242188	-107.709885
4053.625488	-109.728889
4059.008789	-127.983208
4064.392090	-142.630829
4069.775391	-151.473587
4075.158691	-157.167740
4080.541992	-160.721695
4085.925293	-162.729172
4091.308594	-163.350632
4096.691895	-163.840134
4102.075195	-164.615311
4107.458496	-165.058456
4112.841797	-164.049515
4118.225098	-165.263367
4123.608398	-161.649918
4128.991699	-163.739044
4134.375000	-164.528366
4139.758301	-165.703217
4145.141602	-163.857071
4150.524902	-165.170135
4155.908203	-165.142502
4161.291504	-165.609772
4166.674805	-165.454712
4172.058105	-163.619446
4177.441406	-165.730743
4182.824707	-165.576157
4188.208008	-163.764603
4193.591309	-166.588486
4198.974609	-164.372437
4204.357910	-165.954941
4209.741211	-159.464050
4215.124512	-161.619339
4220.507812	-165.527893
4225.891113	-165.113831
4231.274414	-163.415634
4236.657715	-166.427155
4242.041016	-164.694031
4247.424316	-165.112564
4252.807617	-166.139542
4258.190918	-164.896042
4263.574219	-165.054184
4268.957520	-166.062805
4274.340820	-165.391068
4279.724121	-164.930405
4285.107422	-164.633163
4290.490723	-166.058075
4295.874023	-162.830292
4301.257324	-163.129776
4306.640625	-164.861374
4312.023926	-166.308655
4317.407227	-165.222809
4322.790527	-164.964890
4328.173828	-165.171860
4333.557129	-165.816788
4338.940430	-165.011826
4344.323730	-163.984146
4349.707031	-164.200256
4355.090332	-164.733887
4360.473633	-164.029572
4365.856934	-163.806351
4371.240234	-163.514252
4376.623535	-165.447922
4382.006836	-161.117538
4387.390137	-160.940918
4392.773438	-164.483002
4398.156738	-160.921326
4403.540039	-160.042084
4408.923340	-162.995773
4414.306641	-162.476685
4419.689941	-163.220901
4425.073242	-160.896835
4430.456543	-160.581390
4435.839844	-159.636780
4441.223145	-157.432953
4446.606445	-155.626694
4451.989746	-153.022247
4457.373047	-150.202393
4462.756348	-146.702087
4468.139648	-142.662582
4473.522949	-137.758606
4478.906250	-131.601791
4484.289551	-123.463509
4489.672852	-110.884811
4495.056152	-79.873680
4500.439453	-74.899239
4505.822754	-82.003113
4511.206055	-113.588493
4516.589355	-125.158173
4521.972656	-132.931061
4527.355957	-138.865723
4532.739258	-143.551529
4538.122559	-147.560242
4543.505859	-150.733612
4548.889160	-152.215317
4554.272461	-149.552963
4559.655762	-151.196899
4565.039062	-157.880615
4570.422363	-158.555115
4575.805664	-158.224335
4581.188965	-158.907333
4586.572266	-158.834198
4591.955566	-158.603958
4597.338867	-158.180923
4602.722168	-158.298508
4608.105469	-157.965225
4613.488770	-157.537201
4618.872070	-157.403961
4624.255371	-156.826553
4629.638672	-156.859573
4635.021973	-156.391510
4640.405273	-155.330978
4645.788574	-155.304047
4651.171875	-155.422592
4656.555176	-154.828400
4661.938477	-154.910263
4667.321777	-154.163422
4672.705078	-153.829819
4678.088379	-153.455795
4683.471680	-152.951752
4688.854980	-152.579620
4694.238281	-152.096848
4699.621582	-151.431503
4705.004883	-151.180908
4710.388184	-150.458496
4715.771484	-149.969391
4721.154785	-149.342377
4726.538086	-148.856003
4731.921387	-148.198868
4737.304688	-147.878326
4742.687988	-147.062271
4748.071289	-146.202209
4753.454590	-145.861557
4758.837891	-145.195343
4764.221191	-144.489761
4769.604492	-143.712173
4774.987793	-143.018982
4780.371094	-142.185455
4785.754395	-141.367661
4791.137695	-140.610977
4796.520996	-139.675293
4801.904297	-138.804108
4807.287598	-137.836288
4812.670898	-136.833939
4818.054199	-135.826813
4823.437500	-134.770752
4828.820801	-133.637924
4834.204102	-132.460327
4839.587402	-131.237778
4844.970703	-129.937851
4850.354004	-128.557526
4855.737305	-127.119408
4861.120605	-125.582512
4866.503906	-123.969872
4871.887207	-122.215431
4877.270508	-120.355873
4882.653809	-118.348328
4888.037109	-116.167419
4893.420410	-113.786629
4898.803711	-111.165634
4904.187012	-108.242645
4909.570312	-104.953979
4914.953613	-101.178452
4920.336914	-96.749855
4925.720215	-91.384682
4931.103516	-84.555626
4936.486816	-75.052261
4941.870117	-58.298164
4947.253418	-44.113544
4952.636719	-43.995426
4958.020020	-57.754986
4963.403320	-74.813599
4968.786621	-84.396278
4974.169922	-91.264580
4979.553223	-96.653236
4984.936523	-101.097893
4990.319824	-104.885551
4995.703125	-108.185783
5001.086426	-111.110519
5006.469727	-113.738503
5011.853027	-116.118065
5017.236328	-118.291229
5022.619629	-120.288895
5028.002930	-122.141594
5033.386230	-123.845306
5038.769531	-125.420677
5044.152832	-126.866890
5049.536133	-128.201172
5054.919434	-129.371979
5060.302734	-130.467377
5065.686035	-131.324860
5071.069336	-132.091736
5076.452637	-132.704208
5081.835938	-133.089951
5087.219238	-133.362701
5092.602539	-133.540253
5097.985840	-133.431229
5103.369141	-133.294067
5108.752441	-133.072693
5114.135742	-132.763657
5119.519043	-132.390747
5124.902344	-131.974976
5130.285645	-131.525558
5135.668945	-131.048508
5141.052246	-130.503387
5146.435547	-129.997391
5151.818848	-129.435379
5157.202148	-128.848663
5162.585449	-128.276443
5167.968750	-127.659134
5173.352051	-127.031746
5178.735352	-126.393608
5184.118652	-125.733414
5189.501953	-125.044525
5194.885254	-124.359909
5200.268555	-123.644180
5205.651855	-122.907539
5211.035156	-122.154259
5216.418457	-121.381737
5221.801758	-120.573311
5227.185059	-119.756142
5232.568359	-118.911194
5237.951660	-118.040558
5243.334961	-117.124702
5248.718262	-116.202560
5254.101562	-115.238480
5259.484863	-114.236496
5264.868164	-113.196762
5270.251465	-112.117645
5275.634766	-110.988434
5281.018066	-109.811737
5286.401367	-108.582787
5291.784668	-107.295143
5297.167969	-105.941246
5302.551270	-104.517044
5307.934570	-103.011795
5313.317871	-101.415405
5318.701172	-99.720383
5324.084473	-97.909279
5329.467773	-95.964561
5334.851074	-93.867004
5340.234375	-91.587082
5345.617676	-89.092361
5351.000977	-86.335518
5356.384277	-83.254517
5361.767578	-79.760666
5367.150879	-75.723251
5372.534180	-70.935181
5377.917480	-65.038223
5383.300781	-57.315681
5388.684082	-45.878689
5394.067383	-16.182510
5399.450684	-8.798804
5404.833984	-13.518145
5410.217285	-42.541008
5415.600586	-55.273735
5420.983887	-63.488697
5426.367188	-69.641136
5431.750488	-74.579102
5437.133789	-78.709396
5442.517090	-82.261566
5447.900391	-85.378319
5453.283691	-88.155373
5458.666992	-90.659554
5464.050293	-92.939529
5469.433594	-95.032356
5474.816895	-96.965912
5480.200195	-98.763672
5485.583496	-100.438904
5490.966797	-102.015831
5496.350098	-103.497887
5501.733398	-104.898666
5507.116699	-106.225021
5512.500000	-107.485420
5517.883301	-108.686058
5523.266602	-109.832489
5528.649902	-110.927055
5534.033203	-111.978546
5539.416504	-112.984268
5544.799805	-113.953796
5550.183105	-114.883202
5555.566406	-115.783112
5560.949707	-116.644356
5566.333008	-117.476906
5571.716309	-118.281837
5577.099609	-119.064308
5582.482910	-119.818817
5587.866211	-120.546577
5593.249512	-121.232986
5598.632812	-121.911903
5604.016113	-122.554298
5609.399414	-123.179153
5614.782715	-123.756531
5620.166016	-124.295326
5625.549316	-124.790970
5630.932617	-125.283127
5636.315918	-125.709473
5641.699219	-126.066772
5647.082520	-126.357903
5652.465820	-126.569946
5657.849121	-126.672264
5663.232422	-126.712585
5668.615723	-126.634216
5673.999023	-126.430313
5679.382324	-126.125923
5684.765625	-125.727921
5690.148926	-125.223618
5695.532227	-124.590874
5700.915527	-123.895760
5706.298828	-123.108269
5711.682129	-122.237816
5717.065430	-121.299873
5722.448730	-120.300385
5727.832031	-119.231514
5733.215332	-118.098221
5738.598633	-116.898323
5743.981934	-115.629303
5749.365234	-114.286713
5754.748535	-112.863335
5760.131836	-111.353386
5765.515137	-109.747894
5770.898438	-108.037010
5776.281738	-106.199417
5781.665039	-104.222496
5787.048340	-102.079216
5792.431641	-99.742584
5797.814941	-97.172401
5803.198242	-94.317528
5808.581543	-91.105637
5813.964844	-87.434143
5819.348145	-83.146355
5824.731445	-77.986961
5830.114746	-71.490845
5835.498047	-62.642132
5840.881348	-48.121174
5846.264648	-29.246605
5851.647949	-26.989790
5857.031250	-37.415745
5862.414551	-58.093903
5867.797852	-68.461159
5873.181152	-75.703926
5878.564453	-81.317543
5883.947754	-85.914268
5889.331055	-89.811340
5894.714355	-93.196243
5900.097656	-96.189095
5905.480957	-98.871849
5910.864258	-101.303825
5916.247559	-103.527573
5921.630859	-105.575638
5927.014160	-107.475922
5932.397461	-109.245064
5937.780762	-110.900665
5943.164062	-112.463524
5948.547363	-113.932640
5953.930664	-115.324783
5959.313965	-116.648643
5964.697266	-117.907295
5970.080566	-119.107964
5975.463867	-120.255157
5980.847168	-121.352829
5986.230469	-122.409805
5991.613770	-123.425316
5996.997070	-124.403252
6002.380371	-125.335876
6007.763672	-126.254517
6013.146973	-127.119080
6018.530273	-127.955032
6023.913574	-128.790451
6029.296875	-129.588959
6034.680176	-130.363693
6040.063477	-131.086990
6045.446777	-131.838303
6050.830078	-132.543152
6056.213379	-133.238571
6061.596680	-133.861832
6066.979980	-134.545761
6072.363281	-135.192062
6077.746582	-135.806335
6083.129883	-136.431229
6088.513184	-137.055389
6093.896484	-137.545212
6099.279785	-138.117599
6104.663086	-138.560226
6110.046387	-139.177353
6115.429688	-139.697754
6120.812988	-140.267960
6126.196289	-140.602997
6131.579590	-141.241135
6136.962891	-141.677399
6142.346191	-142.112335
6147.729492	-142.530609
6153.112793	-142.972168
6158.496094	-143.312180
6163.879395	-143.638962
6169.262695	-143.944229
6174.645996	-144.210587
6180.029297	-144.395065
6185.412598	-144.386383
6190.795898	-144.334625
6196.179199	-144.122513
6201.562500	-143.750214
6206.945801	-143.019379
6212.329102	-142.084076
6217.712402	-140.962357
6223.095703	-139.542114
6228.479004	-137.884506
6233.862305	-135.969574
6239.245605	-133.828766
6244.628906	-131.464539
6250.012207	-128.809586
6255.395508	-125.833046
6260.778809	-122.433945
6266.162109	-118.529877
6271.545410	-113.918877
6276.928711	-108.278381
6282.312012	-100.992531
6287.695312	-90.529091
6293.078613	-69.304260
6298.461914	-59.207050
6303.845215	-61.704556
6309.228516	-81.242882
6314.611816	-95.559128
6319.995117	-104.342293
6325.378418	-110.801346
6330.761719	-115.939064
6336.145020	-120.211014
6341.528320	-123.863091
6346.911621	-127.070129
6352.294922	-129.912399
6357.678223	-132.460938
6363.061523	-134.778625
6368.444824	-136.850311
6373.828125	-138.844940
6379.211426	-140.601562
6384.594727	-142.317612
6389.978027	-143.817902
6395.361328	-145.244568
6400.744629	-146.618637
6406.127930	-147.839035
6411.511230	-149.054642
6416.894531	-150.011276
6422.277832	-151.227036
6427.661133	-151.902466
6433.044434	-152.723801
6438.427734	-153.704590
6443.811035	-154.475555
6449.194336	-154.079620
6454.577637	-155.194595
6459.960938	-155.845367
6465.344238	-153.981506
6470.727539	-152.960876
6476.110840	-156.538483
6481.494141	-158.148315
6486.877441	-158.434143
6492.260742	-158.721573
6497.644043	-158.568344
6503.027344	-159.387909
6508.410645	-159.540710
6513.793945	-159.495560
6519.177246	-160.249146
6524.560547	-160.818741
6529.943848	-160.414795
6535.327148	-160.269943
6540.710449	-159.745911
6546.093750	-161.430817
6551.477051	-161.312439
6556.860352	-160.820023
6562.243652	-162.043228
6567.626953	-162.631622
6573.010254	-161.952911
6578.393555	-161.472366
6583.776855	-162.369553
6589.160156	-162.186157
6594.543457	-162.722382
6599.926758	-162.404877
6605.310059	-162.363358
6610.693359	-163.031509
6616.076660	-160.868256
6621.459961	-156.180145
6626.843262	-156.054367
6632.226562	-163.396011
6637.609863	-164.096634
6642.993164	-160.977158
6648.376465	-163.807144
6653.759766	-164.959641
6659.143066	-163.749329
6664.526367	-164.463333
6669.909668	-163.499908
6675.292969	-164.573975
6680.676270	-164.293137
6686.059570	-163.622757
6691.442871	-163.482193
6696.826172	-163.212418
6702.209473	-162.792343
6707.592773	-160.327286
6712.976074	-157.693100
6718.359375	-154.856155
6723.742676	-150.322617
6729.125977	-144.081711
6734.509277	-135.808212
6739.892578	-122.908173
6745.275879	-95.525505
6750.659180	-91.059280
6756.042480	-98.726410
6761.425781	-126.890526
6766.809082	-138.181915
6772.192383	-145.816544
6777.575684	-151.473969
6782.958984	-155.874100
6788.342285	-159.576523
6793.725586	-161.142624
6799.108887	-160.578003
6804.492188	-165.079987
6809.875488	-163.328583
6815.258789	-160.068878
6820.642090	-164.945602
6826.025391	-167.858444
6831.408691	-166.993607
6836.791992	-167.331940
6842.175293	-168.005890
6847.558594	-166.855164
6852.941895	-167.101166
6858.325195	-166.679993
6863.708496	-165.478775
6869.091797	-167.651886
6874.475098	-168.385361
6879.858398	-165.081726
6885.241699	-165.069534
6890.625000	-168.667999
6896.008301	-167.304138
6901.391602	-167.003189
6906.774902	-168.351486
6912.158203	-168.671494
6917.541504	-169.800217
6922.924805	-167.887573
6928.308105	-167.161346
6933.691406	-167.316711
6939.074707	-167.487885
6944.458008	-167.629715
6949.841309	-166.841141
6955.224609	-168.326492
6960.607910	-167.174698
6965.991211	-159.486679
6971.374512	-162.472015
6976.757812	-168.805634
6982.141113	-167.635437
6987.524414	-164.699677
6992.907715	-169.090866
6998.291016	-169.580872
7003.674316	-168.283661
7009.057617	-168.383728
7014.440918	-168.816132
7019.824219	-168.965683
7025.207520	-169.621429
7030.590820	-168.927643
7035.974121	-167.515839
7041.357422	-170.009964
7046.740723	-170.134506
7052.124023	-164.412277
7057.507324	-164.900497
7062.890625	-170.633408
7068.273926	-168.402435
7073.657227	-166.932983
7079.040527	-170.043015
7084.423828	-168.600128
7089.807129	-168.333206
7095.190430	-168.197601
7100.573730	-168.776749
7105.957031	-169.272400
7111.340332	-171.365891
7116.723633	-167.892014
7122.106934	-165.473373
7127.490234	-169.745987
7132.873535	-168.154984
7138.256836	-163.423141
7143.640137	-162.740952
7149.023438	-169.339111
7154.406738	-163.354187
7159.790039	-162.076721
7165.173340	-167.865967
7170.556641	-169.797653
7175.939941	-169.175034
7181.323242	-163.756271
7186.706543	-155.643188
7192.089844	-138.715912
7197.473145	-125.356552
7202.856445	-125.700363
7208.239746	-140.358124
7213.623047	-156.652786
7219.006348	-164.299408
7224.389648	-165.207932
7229.772949	-165.470581
7235.156250	-169.621460
7240.539551	-169.432388
7245.922852	-168.207535
7251.306152	-169.467178
7256.689453	-171.644363
7262.072754	-171.803223
7267.456055	-168.826599
7272.839355	-169.423264
7278.222656	-169.047577
7283.605957	-170.986877
7288.989258	-168.931931
7294.372559	-168.015900
7299.755859	-169.818314
7305.139160	-156.758560
7310.522461	-146.451797
7315.905762	-148.096024
7321.289062	-165.026581
7326.672363	-167.068329
7332.055664	-165.728455
7337.438965	-168.592133
7342.822266	-172.853745
7348.205566	-170.989532
7353.588867	-168.137985
7358.972168	-167.110687
7364.355469	-171.482925
7369.738770	-169.444229
7375.122070	-169.026199
7380.505371	-169.827774
7385.888672	-169.000137
7391.271973	-169.791534
7396.655273	-165.444000
7402.038574	-165.765640
7407.421875	-172.026642
7412.805176	-169.239319
7418.188477	-168.648376
7423.571777	-169.458069
7428.955078	-171.483780
7434.338379	-171.421066
7439.721680	-169.702850
7445.104980	-168.414734
7450.488281	-169.982193
7455.871582	-169.255539
7461.254883	-167.883270
7466.638184	-164.609665
7472.021484	-168.046509
7477.404785	-170.074936
7482.788086	-161.861740
7488.171387	-163.683289
7493.554688	-170.863083
7498.937988	-164.531052
7504.321289	-161.608673
7509.704590	-168.418442
7515.087891	-171.121140
7520.471191	-170.801270
7525.854492	-169.093735
7531.237793	-169.134216
7536.621094	-164.449493
7542.004395	-168.019730
7547.387695	-169.284531
7552.770996	-169.035904
7558.154297	-170.639679
7563.537598	-169.677109
7568.920898	-164.827789
7574.304199	-166.260971
7579.687500	-170.235352
7585.070801	-169.456375
7590.454102	-168.205826
7595.837402	-169.702606
7601.220703	-169.627518
7606.604004	-170.331894
7611.987305	-169.378403
7617.370605	-166.303833
7622.753906	-165.288025
7628.137207	-167.219009
7633.520508	-163.246185
7638.903809	-153.338455
7644.287109	-119.392136
7649.670410	-112.565254
7655.053711	-117.799561
7660.437012	-150.720261
7665.820312	-162.930389
7671.203613	-166.013824
7676.586914	-164.265381
7681.970215	-168.370102
7687.353516	-169.734589
7692.736816	-168.482590
7698.120117	-168.074631
7703.503418	-167.946991
7708.886719	-169.736465
7714.270020	-167.701248
7719.653320	-167.346085
7725.036621	-167.730942
7730.419922	-169.949020
7735.803223	-167.774048
7741.186523	-165.017212
7746.569824	-165.433807
7751.953125	-169.480896
7757.336426	-167.672958
7762.719727	-166.206024
7768.103027	-168.567749
7773.486328	-168.408417
7778.869629	-168.838287
7784.252930	-167.657516
7789.636230	-166.273987
7795.019531	-167.968491
7800.402832	-168.277115
7805.786133	-166.732407
7811.169434	-165.178177
7816.552734	-167.136002
7821.936035	-166.184097
7827.319336	-162.463760
7832.702637	-162.741653
7838.085938	-166.653290
7843.469238	-158.368286
7848.852539	-156.204788
7854.235840	-164.162155
7859.619141	-167.851196
7865.002441	-166.888290
7870.385742	-165.762680
7875.769043	-166.198715
7881.152344	-166.857590
7886.535645	-166.163818
7891.918945	-165.993088
7897.302246	-165.785919
7902.685547	-165.788422
7908.068848	-166.500946
7913.452148	-162.249146
7918.835449	-163.106903
7924.218750	-166.399124
7929.602051	-164.998062
7934.985352	-165.030289
7940.368652	-165.358719
7945.751953	-165.538574
7951.135254	-165.286499
7956.518555	-163.863098
7961.901855	-164.251831
7967.285156	-164.691986
7972.668457	-164.433578
7978.051758	-163.694733
7983.435059	-165.011902
7988.818359	-163.131622
7994.201660	-161.342575
7999.584961	-157.331375
8004.968262	-156.724960
8010.351562	-161.459808
8015.734863	-159.526825
8021.118164	-158.842361
8026.501465	-158.171799
8031.884766	-156.591843
8037.268066	-154.539795
8042.651367	-152.306213
8048.034668	-149.896667
8053.417969	-147.182068
8058.801270	-144.015182
8064.184570	-140.312057
8069.567871	-136.042969
8074.951172	-130.835007
8080.334473	-124.286621
8085.717773	-115.302467
8091.101074	-100.346359
8096.484375	-82.689774
8101.867676	-80.911858
8107.250977	-92.016304
8112.634277	-111.711922
8118.017578	-121.893402
8123.400879	-129.042297
8128.784180	-134.592056
8134.167480	-139.133789
8139.550781	-143.019623
8144.934082	-146.263367
8150.317383	-148.947006
8155.700684	-150.482224
8161.083984	-153.385559
8166.467285	-155.322952
8171.850586	-155.467987
8177.233887	-157.281006
8182.617188	-157.915558
8188.000488	-157.329544
8193.383789	-156.407486
8198.767090	-158.935287
8204.150391	-158.737411
8209.533691	-158.938568
8214.916992	-158.581512
8220.300293	-158.447357
8225.683594	-158.304581
8231.066895	-158.129715
8236.450195	-157.980408
8241.833496	-157.624268
8247.216797	-157.606049
8252.600098	-157.625671
8257.983398	-156.838638
8263.366699	-156.668457
8268.750000	-157.027145
8274.133301	-156.753632
8279.516602	-155.806671
8284.899902	-156.213913
8290.283203	-155.910904
8295.666504	-155.809174
8301.049805	-155.351273
8306.433105	-155.135406
8311.816406	-155.062256
8317.199707	-154.515244
8322.583008	-154.131836
8327.966309	-153.657028
8333.349609	-153.364548
8338.732910	-153.040009
8344.116211	-152.131500
8349.499512	-152.013519
8354.882812	-151.811874
8360.266113	-151.334488
8365.649414	-150.560837
8371.032715	-150.309433
8376.416016	-149.677185
8381.799316	-148.903610
8387.182617	-148.507782
8392.565918	-147.830444
8397.949219	-147.125626
8403.332520	-146.255585
8408.715820	-145.367798
8414.099121	-144.575562
8419.482422	-143.648880
8424.865723	-142.646912
8430.249023	-141.549805
8435.632324	-140.544006
8441.015625	-139.304779
8446.398926	-138.040833
8451.782227	-136.739105
8457.165527	-135.251022
8462.548828	-133.716202
8467.932129	-132.072784
8473.315430	-130.318558
8478.698730	-128.419220
8484.082031	-126.376579
8489.465332	-124.156982
8494.848633	-121.696930
8500.231934	-118.998680
8505.615234	-115.989456
8510.998535	-112.574394
8516.381836	-108.644196
8521.765137	-103.991867
8527.148438	-98.297325
8532.531738	-90.919930
8537.915039	-80.257477
8543.298340	-57.799511
8548.681641	-48.341038
8554.064941	-51.322884
8559.448242	-72.327148
8564.831543	-86.253906
8570.214844	-94.904442
8575.598145	-101.296249
8580.981445	-106.387894
8586.364746	-110.628731
8591.748047	-114.263840
8597.131348	-117.440208
8602.514648	-120.261238
8607.897949	-122.803139
8613.281250	-125.066757
8618.664551	-127.133156
8624.047852	-128.991943
8629.431152	-130.630295
8634.814453	-132.100006
8640.197754	-133.344269
8645.581055	-134.402695
8650.964355	-135.199539
8656.347656	-135.801147
8661.730957	-136.194641
8667.114258	-136.379181
8672.497559	-136.398834
8677.880859	-136.348373
8683.264160	-136.111404
8688.647461	-135.861511
8694.030762	-135.618561
8699.414062	-135.282440
8704.797363	-134.888977
8710.180664	-134.464951
8715.563965	-134.034058
8720.947266	-133.577209
8726.330566	-133.104813
8731.713867	-132.603012
8737.097168	-132.123978
8742.480469	-131.588440
8747.863770	-131.042236
8753.247070	-130.513840
8758.630371	-129.932220
8764.013672	-129.367722
8769.396973	-128.781204
8774.780273	-128.195221
8780.163574	-127.579880
8785.546875	-126.941948
8790.930176	-126.287666
8796.313477	-125.609306
8801.696777	-124.932358
8807.080078	-124.224312
8812.463379	-123.501251
8817.846680	-122.742767
8823.229980	-121.980156
8828.613281	-121.182274
8833.996582	-120.363190
8839.379883	-119.514809
8844.763184	-118.641266
8850.146484	-117.728851
8855.529785	-116.784073
8860.913086	-115.808342
8866.296387	-114.788033
8871.679688	-113.727455
8877.062988	-112.620308
8882.446289	-111.468010
8887.829590	-110.254135
8893.212891	-108.980217
8898.596191	-107.643044
8903.979492	-106.228928
8909.362793	-104.735130
8914.746094	-103.145195
8920.129395	-101.452911
8925.512695	-99.639610
8930.895996	-97.689697
8936.279297	-95.578148
8941.662598	-93.277832
8947.045898	-90.750404
8952.429199	-87.947029
8957.812500	-84.798576
8963.195801	-81.207748
8968.579102	-77.027763
8973.962402	-72.021690
8979.345703	-65.766281
8984.729004	-57.367626
8990.112305	-44.150742
8995.495605	-19.379972
9000.878906	-15.414657
9006.262207	-23.660563
9011.645508	-49.428131
9017.028809	-60.515797
9022.412109	-68.084213
9027.795410	-73.889725
9033.178711	-78.615311
9038.562012	-82.606079
9043.945312	-86.062859
9049.328613	-89.113167
9054.711914	-91.843643
9060.095215	-94.315895
9065.478516	-96.574509
9070.861816	-98.653809
9076.245117	-100.580704
9081.628418	-102.376114
9087.011719	-104.056435
9092.395020	-105.635384
9097.778320	-107.126801
9103.161621	-108.534988
9108.544922	-109.874496
9113.928223	-111.147858
9119.311523	-112.360184
9124.694824	-113.518272
9130.078125	-114.628822
9135.461426	-115.687447
9140.844727	-116.705521
9146.228027	-117.683434
9151.611328	-118.607605
9156.994629	-119.503647
9162.377930	-120.351997
9167.761230	-121.155403
9173.144531	-121.920601
9178.527832	-122.632805
9183.911133	-123.292343
9189.294434	-123.892487
9194.677734	-124.418747
9200.061035	-124.877144
9205.444336	-125.271217
9210.827637	-125.526108
9216.210938	-125.701065
9221.594238	-125.760300
9226.977539	-125.645699
9232.360840	-125.642792
9237.744141	-125.384399
9243.127441	-125.058220
9248.510742	-124.643539
9253.894043	-124.156418
9259.277344	-123.599083
9264.660645	-122.984650
9270.043945	-122.323502
9275.427246	-121.604645
9280.810547	-120.842827
9286.193848	-120.042526
9291.577148	-119.210899
9296.960449	-118.325348
9302.343750	-117.410965
9307.727051	-116.451103
9313.110352	-115.455338
9318.493652	-114.412209
9323.876953	-113.329597
9329.260254	-112.191360
9334.643555	-111.004555
9340.026855	-109.758224
9345.410156	-108.447258
9350.793457	-107.067726
9356.176758	-105.608871
9361.560059	-104.064438
9366.943359	-102.422722
9372.326660	-100.670319
9377.709961	-98.792343
9383.093262	-96.764870
9388.476562	-94.566872
9393.859863	-92.165565
9399.243164	-89.519440
9404.626465	-86.571457
9410.009766	-83.243240
9415.393066	-79.420288
9420.776367	-74.925896
9426.159668	-69.464218
9431.542969	-62.475826
9436.926270	-52.646584
9442.309570	-34.580044
9447.692871	-22.020012
9453.076172	-22.847445
9458.459473	-38.399776
9463.842773	-54.317997
9469.226074	-63.592033
9474.609375	-70.306534
9479.992676	-75.601456
9485.375977	-79.982536
9490.759277	-83.722839
9496.142578	-86.987793
9501.525879	-89.885201
9506.909180	-92.490379
9512.292480	-94.857346
9517.675781	-97.025703
9523.059082	-99.026237
9528.442383	-100.884506
9533.825684	-102.616257
9539.208984	-104.242043
9544.592285	-105.770668
9549.975586	-107.214378
9555.358887	-108.581657
9560.742188	-109.881287
9566.125488	-111.119423
9571.508789	-112.299339
9576.892090	-113.429451
9582.275391	-114.511292
9587.658691	-115.550484
9593.041992	-116.551231
9598.425293	-117.510971
9603.808594	-118.438293
9609.191895	-119.338058
9614.575195	-120.198631
9619.958496	-121.034096
9625.341797	-121.848709
9630.725098	-122.638298
9636.108398	-123.397804
9641.491699	-124.135262
9646.875000	-124.864700
9652.258301	-125.558365
9657.641602	-126.254326
9663.024902	-126.913971
9668.408203	-127.565079
9673.791504	-128.195541
9679.174805	-128.807480
9684.558105	-129.433792
9689.941406	-130.004379
9695.324707	-130.585312
9700.708008	-131.153671
9706.091309	-131.703476
9711.474609	-132.255661
9716.857910	-132.768158
9722.241211	-133.322815
9727.624512	-133.774994
9733.007812	-134.312927
9738.391113	-134.776505
9743.774414	-135.313751
9749.157715	-135.725067
9754.541016	-136.194626
9759.924316	-136.663391
9765.307617	-137.089905
9770.690918	-137.552872
9776.074219	-137.963043
9781.457520	-138.390976
9786.840820	-138.786972
9792.224121	-139.218781
9797.607422	-139.629044
9802.990723	-140.005127
9808.374023	-140.363281
9813.757324	-140.866882
9819.140625	-141.133240
9824.523926	-141.447296
9829.907227	-141.727768
9835.290527	-141.951538
9840.673828	-142.070740
9846.057129	-141.934723
9851.440430	-141.264297
9856.823730	-139.902756
9862.207031	-137.485718
9867.590332	-133.943451
9872.973633	-129.296097
9878.356934	-123.283974
9883.740234	-115.289009
9889.123535	-103.275711
9894.506836	-59.662849
9899.890137	-53.378307
9905.273438	-59.131313
9910.656738	-102.211311
9916.040039	-114.286484
9921.423340	-122.189705
9926.806641	-128.107086
9932.189941	-132.802551
9937.573242	-136.612152
9942.956543	-139.788162
9948.339844	-142.295685
9953.723145	-144.325623
9959.106445	-145.926727
9964.489746	-147.205032
9969.873047	-148.100403
9975.256348	-148.943863
9980.639648	-149.270081
9986.022949	-150.073898
9991.406250	-150.533585
9996.789551	-150.791992
10002.172852	-151.095383
10007.556152	-151.486282
10012.939453	-151.771164
10018.322754	-152.162109
10023.706055	-152.262970
10029.089355	-152.607666
10034.472656	-152.893036
10039.855957	-153.154953
10045.239258	-153.215088
10050.622559	-153.566177
10056.005859	-153.739487
10061.389160	-153.305298
10066.772461	-150.449631
10072.155762	-150.884216
10077.539062	-154.753448
10082.922363	-154.859299
10088.305664	-154.730087
10093.688965	-155.690399
10099.072266	-155.632004
10104.455566	-155.933304
10109.838867	-156.130722
10115.222168	-156.497772
10120.605469	-156.392517
10125.988770	-156.645920
10131.372070	-156.697388
10136.755371	-157.554108
10142.138672	-157.401031
10147.521973	-157.851898
10152.905273	-157.315552
10158.288574	-157.626419
10163.671875	-158.061234
10169.055176	-157.777191
10174.438477	-158.335571
10179.821777	-158.785660
10185.205078	-158.672287
10190.588379	-159.008530
10195.971680	-159.339584
10201.354980	-159.275452
10206.738281	-159.600861
10212.121582	-159.607330
10217.504883	-159.889679
10222.888184	-159.312973
10228.271484	-160.147293
10233.654785	-160.169327
10239.038086	-158.811462
10244.421387	-159.257141
10249.804688	-160.754074
10255.187988	-159.506943
10260.571289	-158.401154
10265.954590	-160.682861
10271.337891	-159.934998
10276.721191	-159.721710
10282.104492	-159.442535
10287.487793	-157.894485
10292.871094	-155.781738
10298.254395	-154.063873
10303.637695	-151.710678
10309.020996	-148.675797
10314.404297	-145.035889
10319.787598	-140.722549
10325.170898	-135.465378
10330.554199	-128.847733
10335.937500	-119.728615
10341.320801	-104.313156
10346.704102	-87.755630
10352.087402	-86.453857
10357.470703	-98.268044
10362.854004	-117.101425
10368.237305	-127.101372
10373.620605	-134.155075
10379.003906	-139.651550
10384.387207	-144.182770
10389.770508	-147.964325
10395.153809	-151.324249
10400.537109	-153.833344
10405.920410	-156.274994
10411.303711	-156.992172
10416.687012	-158.445572
10422.070312	-161.577942
10427.453613	-161.421829
10432.836914	-161.270676
10438.220215	-162.850052
10443.603516	-165.243591
10448.986816	-164.023666
10454.370117	-165.447372
10459.753418	-165.098007
10465.136719	-166.208939
10470.520020	-164.750763
10475.903320	-165.716095
10481.286621	-166.151520
10486.669922	-166.802536
10492.053223	-165.727295
10497.436523	-164.307785
10502.819824	-164.550644
10508.203125	-167.293671
10513.586426	-165.656555
10518.969727	-165.665314
10524.353027	-167.180405
10529.736328	-167.706848
10535.119629	-167.007660
10540.502930	-167.483185
10545.886230	-167.581284
10551.269531	-167.760422
10556.652832	-167.144669
10562.036133	-167.125702
10567.419434	-167.033844
10572.802734	-168.047607
10578.186035	-168.083344
10583.569336	-162.623047
10588.952637	-164.886597
10594.335938	-167.736603
10599.719238	-157.423584
10605.102539	-155.005676
10610.485840	-164.158829
10615.869141	-170.262711
10621.252441	-167.227631
10626.635742	-168.591309
10632.019043	-167.814209
10637.402344	-168.411850
10642.785645	-167.366714
10648.168945	-168.577316
10653.552246	-167.994843
10658.935547	-170.004364
10664.318848	-169.351471
10669.702148	-166.613937
10675.085449	-166.169739
10680.468750	-169.491257
10685.852051	-167.275162
10691.235352	-166.928513
10696.618652	-169.734879
10702.001953	-170.585144
10707.385254	-168.227737
10712.768555	-168.106049
10718.151855	-169.351166
10723.535156	-169.647980
10728.918457	-168.184113
10734.301758	-168.496674
10739.685059	-169.848541
10745.068359	-170.114166
10750.451660	-166.217636
10755.834961	-158.724457
10761.218262	-159.154541
10766.601562	-170.584274
10771.984863	-165.942566
10777.368164	-163.322510
10782.751465	-160.763367
10788.134766	-150.998352
10793.518066	-127.095444
10798.901367	-118.246498
10804.284668	-121.717644
10809.667969	-144.430222
10815.051270	-157.732101
10820.434570	-164.559357
10825.817871	-167.379486
10831.201172	-170.046051
10836.584473	-170.395493
10841.967773	-167.036438
10847.351074	-167.171387
10852.734375	-172.757324
10858.117676	-167.380722
10863.500977	-166.581604
10868.884277	-171.504837
10874.267578	-171.285751
10879.650879	-169.131897
10885.034180	-169.940475
10890.417480	-171.025131
10895.800781	-171.057068
10901.184082	-170.366150
10906.567383	-163.049850
10911.950684	-158.033890
10917.333984	-160.867279
10922.717285	-170.124939
10928.100586	-164.293564
10933.483887	-166.250595
10938.867188	-170.591492
10944.250488	-162.279205
10949.633789	-161.214828
10955.017090	-168.649628
10960.400391	-171.594254
10965.783691	-170.531631
10971.166992	-169.555206
10976.550293	-169.298538
10981.933594	-169.715500
10987.316895	-170.506058
10992.700195	-169.154587
10998.083496	-169.928131
11003.466797	-171.045776
11008.850098	-171.615555
11014.233398	-167.043747
11019.616699	-167.321884
