Frequency (Hz)	Level (dB)
5.383301	-137.872253
10.766602	-137.813278
16.149902	-137.939438
21.533203	-137.781616
26.916504	-137.825684
32.299805	-137.766235
37.683105	-137.618927
43.066406	-133.879089
48.449707	-125.863022
53.833008	-128.082260
59.216309	-137.133102
64.599609	-137.397888
69.982910	-137.267624
75.366211	-137.226776
80.749512	-137.076019
86.132812	-137.035339
91.516113	-136.958023
96.899414	-136.750031
102.282715	-136.660645
107.666016	-136.596344
113.049316	-136.382355
118.432617	-136.360489
123.815918	-136.197021
129.199219	-136.005020
134.582520	-135.965027
139.965820	-135.728180
145.349121	-135.576706
150.732422	-135.496231
156.115723	-135.305908
161.499023	-135.105850
166.882324	-134.982697
172.265625	-134.792587
177.648926	-134.579941
183.032227	-134.405411
188.415527	-134.498642
193.798828	-133.406021
199.182129	-133.372284
204.565430	-133.665787
209.948730	-133.519440
215.332031	-133.349197
220.715332	-133.078644
226.098633	-132.953979
231.481934	-132.721558
236.865234	-132.498459
242.248535	-132.308136
247.631836	-132.077148
253.015137	-131.858063
258.398438	-131.664215
263.781738	-131.448975
269.165039	-131.213318
274.548340	-130.951019
279.931641	-130.794464
285.314941	-130.545090
290.698242	-130.309647
296.081543	-130.077057
301.464844	-129.819366
306.848145	-129.593811
312.231445	-129.346054
317.614746	-129.124680
322.998047	-128.844391
328.381348	-128.602539
333.764648	-128.343246
339.147949	-128.104889
344.531250	-127.853050
349.914551	-127.548264
355.297852	-127.321083
360.681152	-127.098145
366.064453	-126.753281
371.447754	-126.505898
376.831055	-126.215599
382.214355	-125.956238
387.597656	-125.649498
392.980957	-125.383148
398.364258	-125.079124
403.747559	-124.781235
409.130859	-124.506454
414.514160	-124.193153
419.897461	-123.883522
425.280762	-123.582542
430.664062	-123.274994
436.047363	-122.956398
441.430664	-122.636887
446.813965	-122.310692
452.197266	-121.988373
457.580566	-121.663300
462.963867	-121.328247
468.347168	-120.974800
473.730469	-120.656563
479.113770	-120.283577
484.497070	-119.943657
489.880371	-119.591377
495.263672	-119.218948
500.646973	-118.829613
506.030273	-118.490219
511.413574	-118.092873
516.796875	-117.715096
522.180176	-117.328888
527.563477	-116.926689
532.946777	-116.550873
538.330078	-116.134232
543.713379	-115.700287
549.096680	-115.287239
554.479980	-114.856300
559.863281	-114.416679
565.246582	-113.976524
570.629883	-113.525772
576.013184	-113.071907
581.396484	-112.600479
586.779785	-112.125267
592.163086	-111.642456
597.546387	-111.148819
602.929688	-110.647736
608.312988	-110.132843
613.696289	-109.611099
619.079590	-109.076485
624.462891	-108.533806
629.846191	-107.979774
635.229492	-107.411469
640.612793	-106.830154
645.996094	-106.236633
651.379395	-105.628487
656.762695	-105.007690
662.145996	-104.370529
667.529297	-103.715469
672.912598	-103.047417
678.295898	-102.358673
683.679199	-101.652840
689.062500	-100.927773
694.445801	-100.181175
699.829102	-99.412491
705.212402	-98.625839
710.595703	-97.805611
715.979004	-96.961624
721.362305	-96.089951
726.745605	-95.188995
732.128906	-94.256302
737.512207	-93.286957
742.895508	-92.282722
748.278809	-91.237083
753.662109	-90.147476
759.045410	-89.010185
764.428711	-87.821754
769.812012	-86.576141
775.195312	-85.267830
780.578613	-83.890694
785.961914	-82.436241
791.345215	-80.895256
796.728516	-79.258339
802.111816	-77.511116
807.495117	-75.637589
812.878418	-73.618530
818.261719	-71.429047
823.645020	-69.037704
829.028320	-66.402962
834.411621	-63.469223
839.794922	-60.158924
845.178223	-56.359428
850.561523	-51.897243
855.944824	-46.483219
861.328125	-39.573643
866.711426	-29.906681
872.094727	-12.514223
877.478027	0.815562
882.861328	0.450650
888.244629	-14.193401
893.627930	-30.643990
899.011230	-40.066177
904.394531	-46.854954
909.777832	-52.195446
915.161133	-56.607632
920.544434	-60.370682
925.927734	-63.653015
931.311035	-66.564575
936.694336	-69.181213
942.077637	-71.557396
947.460938	-73.733963
952.844238	-75.741844
958.227539	-77.605507
963.610840	-79.343590
968.994141	-80.973877
974.377441	-82.507240
979.760742	-83.955193
985.144043	-85.326485
990.527344	-86.629272
995.910645	-87.869827
1001.293945	-89.053635
1006.677246	-90.186363
1012.060547	-91.271637
1017.443848	-92.313286
1022.827148	-93.314110
1028.210449	-94.279587
1033.593750	-95.209167
1038.977051	-96.106827
1044.360352	-96.975327
1049.743652	-97.819206
1055.126953	-98.629868
1060.510254	-99.417404
1065.893555	-100.182549
1071.276855	-100.927017
1076.660156	-101.649261
1082.043457	-102.353180
1087.426758	-103.039185
1092.810059	-103.706284
1098.193359	-104.357330
1103.576660	-104.991943
1108.959961	-105.610764
1114.343262	-106.217445
1119.726562	-106.808273
1125.109863	-107.387650
1130.493164	-107.952667
1135.876465	-108.500389
1141.259766	-109.050827
1146.643066	-109.580032
1152.026367	-110.100105
1157.409668	-110.611443
1162.792969	-111.110786
1168.176270	-111.603371
1173.559570	-112.082283
1178.942871	-112.559479
1184.326172	-113.021744
1189.709473	-113.483932
1195.092773	-113.928398
1200.476074	-114.365471
1205.859375	-114.805244
1211.242676	-115.235092
1216.625977	-115.644836
1222.009277	-116.076736
1227.392578	-116.484367
1232.775879	-116.866394
1238.159180	-117.270149
1243.542480	-117.649803
1248.925781	-118.031532
1254.309082	-118.426262
1259.692383	-118.777985
1265.075684	-119.146614
1270.458984	-119.517525
1275.842285	-119.875290
1281.225586	-120.206207
1286.608887	-120.581047
1291.992188	-120.900307
1297.375488	-121.251320
1302.758789	-121.579994
1308.142090	-121.897842
1313.525391	-122.246269
1318.908691	-122.560005
1324.291992	-122.872643
1329.675293	-123.191612
1335.058594	-123.500298
1340.441895	-123.796577
1345.825195	-124.107880
1351.208496	-124.416954
1356.591797	-124.696701
1361.975098	-124.980202
1367.358398	-125.297066
1372.741699	-125.552361
1378.125000	-125.860825
1383.508301	-126.130402
1388.891602	-126.419022
1394.274902	-126.704842
1399.658203	-126.978371
1405.041504	-127.232506
1410.424805	-127.459145
1415.808105	-127.769379
1421.191406	-128.015213
1426.574707	-128.278702
1431.958008	-128.500565
1437.341309	-128.798874
1442.724609	-129.013962
1448.107910	-129.268921
1453.491211	-129.533142
1458.874512	-129.742447
1464.257812	-130.005463
1469.641113	-130.242493
1475.024414	-130.464264
1480.407715	-130.698212
1485.791016	-130.930145
1491.174316	-131.149002
1496.557617	-131.409195
1501.940918	-131.640182
1507.324219	-131.838959
1512.707520	-132.070633
1518.090820	-132.300720
1523.474121	-132.486465
1528.857422	-132.727249
1534.240723	-132.967255
1539.624023	-133.097916
1545.007324	-133.401093
1550.390625	-133.567520
1555.773926	-133.721573
1561.157227	-133.239166
1566.540527	-133.778564
1571.923828	-134.206299
1577.307129	-134.611023
1582.690430	-134.756805
1588.073730	-134.970963
1593.457031	-135.209793
1598.840332	-135.351501
1604.223633	-135.534683
1609.606934	-135.762390
1614.990234	-135.928009
1620.373535	-136.076309
1625.756836	-136.358673
1631.140137	-136.452820
1636.523438	-136.691986
1641.906738	-136.833282
1647.290039	-136.973694
1652.673340	-137.210464
1658.056641	-137.372192
1663.439941	-137.503204
1668.823242	-137.766968
1674.206543	-137.863235
1679.589844	-138.070053
1684.973145	-138.232208
1690.356445	-138.352676
1695.739746	-138.543640
1701.123047	-138.119873
1706.506348	-129.357544
1711.889648	-127.785622
1717.272949	-136.275925
1722.656250	-139.178482
1728.039551	-139.475464
1733.422852	-139.657898
1738.806152	-139.829071
1744.189453	-139.986862
1749.572754	-139.986298
1754.956055	-140.248703
1760.339355	-140.321991
1765.722656	-140.388000
1771.105957	-140.535324
1776.489258	-140.784851
1781.872559	-140.774185
1787.255859	-140.958557
1792.639160	-141.082870
1798.022461	-141.030319
1803.405762	-132.792374
1808.789062	-124.232712
1814.172363	-127.363373
1819.555664	-140.931870
1824.938965	-141.587936
1830.322266	-141.782578
1835.705566	-141.829590
1841.088867	-141.913101
1846.472168	-142.090485
1851.855469	-142.047989
1857.238770	-142.012848
1862.622070	-142.204758
1868.005371	-142.292465
1873.388672	-142.084747
1878.771973	-141.765167
1884.155273	-142.401642
1889.538574	-142.289062
1894.921875	-142.512772
1900.305176	-142.490799
1905.688477	-142.458099
1911.071777	-142.453979
1916.455078	-142.512100
1921.838379	-142.365280
1927.221680	-142.504074
1932.604980	-142.418365
1937.988281	-142.335251
1943.371582	-142.313965
1948.754883	-142.438950
1954.138184	-142.068283
1959.521484	-142.174042
1964.904785	-142.058670
1970.288086	-142.047256
1975.671387	-141.864853
1981.054688	-141.777786
1986.437988	-141.747543
1991.821289	-141.623535
1997.204590	-141.432922
2002.587891	-141.418121
2007.971191	-141.192795
2013.354492	-141.051331
2018.737793	-141.022537
2024.121094	-140.758606
2029.504395	-140.729156
2034.887695	-140.437454
2040.270996	-140.363358
2045.654297	-140.182053
2051.037598	-139.929535
2056.420898	-139.792343
2061.804199	-139.539139
2067.187500	-139.391861
2072.570801	-139.183090
2077.954102	-138.999237
2083.337402	-138.758362
2088.720703	-138.520844
2094.104004	-138.316711
2099.487305	-138.053299
2104.870605	-137.870987
2110.253906	-137.571503
2115.637207	-137.363754
2121.020508	-137.165482
2126.403809	-136.841385
2131.787109	-136.612991
2137.170410	-136.319199
2142.553711	-136.072418
2147.937012	-135.784454
2153.320312	-135.516953
2158.703613	-135.215958
2164.086914	-134.985016
2169.470215	-134.663864
2174.853516	-134.371643
2180.236816	-134.081070
2185.620117	-133.769485
2191.003418	-133.481049
2196.386719	-133.170227
2201.770020	-132.845551
2207.153320	-132.541901
2212.536621	-132.210983
2217.919922	-131.895599
2223.303223	-131.548508
2228.686523	-131.203171
2234.069824	-130.884033
2239.453125	-130.514206
2244.836426	-130.166916
2250.219727	-129.804260
2255.603027	-129.412827
2260.986328	-129.081207
2266.369629	-128.726059
2271.752930	-128.322021
2277.136230	-127.951622
2282.519531	-127.566696
2287.902832	-127.147568
2293.286133	-126.771378
2298.669434	-126.379166
2304.052734	-125.930183
2309.436035	-125.505760
2314.819336	-125.086418
2320.202637	-124.643295
2325.585938	-124.201752
2330.969238	-123.748756
2336.352539	-123.289505
2341.735840	-122.821915
2347.119141	-122.344193
2352.502441	-121.858078
2357.885742	-121.366096
2363.269043	-120.859390
2368.652344	-120.344109
2374.035645	-119.823265
2379.418945	-119.285416
2384.802246	-118.747360
2390.185547	-118.180565
2395.568848	-117.608757
2400.952148	-117.030373
2406.335449	-116.433304
2411.718750	-115.821442
2417.102051	-115.200562
2422.485352	-114.559677
2427.868652	-113.903755
2433.251953	-113.230934
2438.635254	-112.540939
2444.018555	-111.832550
2449.401855	-111.105904
2454.785156	-110.356697
2460.168457	-109.583206
2465.551758	-108.796539
2470.935059	-107.972252
2476.318359	-107.124542
2481.701660	-106.249817
2487.084961	-105.346405
2492.468262	-104.410004
2497.851562	-103.435852
2503.234863	-102.429657
2508.618164	-101.378601
2514.001465	-100.284653
2519.384766	-99.143524
2524.768066	-97.950195
2530.151367	-96.699348
2535.534668	-95.385239
2540.917969	-94.002136
2546.301270	-92.541351
2551.684570	-90.993523
2557.067871	-89.348778
2562.451172	-87.592422
2567.834473	-85.708786
2573.217773	-83.678360
2578.601074	-81.475800
2583.984375	-79.069077
2589.367676	-76.415932
2594.750977	-73.459618
2600.134277	-70.120895
2605.517578	-66.284241
2610.900879	-61.770878
2616.284180	-56.281216
2621.667480	-49.246258
2627.050781	-39.320183
2632.434082	-20.829779
2637.817383	-8.697156
2643.200684	-9.793136
2648.583984	-25.904486
2653.967285	-41.533501
2659.350586	-50.723927
2664.733887	-57.396103
2670.117188	-62.664963
2675.500488	-67.028191
2680.883789	-70.755348
2686.267090	-74.010124
2691.650391	-76.899811
2697.033691	-79.498459
2702.416992	-81.859604
2707.800293	-84.023308
2713.183594	-86.019958
2718.566895	-87.874100
2723.950195	-89.603752
2729.333496	-91.226433
2734.716797	-92.752045
2740.100098	-94.193863
2745.483398	-95.558861
2750.866699	-96.856461
2756.250000	-98.091866
2761.633301	-99.270966
2767.016602	-100.398865
2772.399902	-101.480377
2777.783203	-102.517937
2783.166504	-103.514069
2788.549805	-104.476852
2793.933105	-105.402855
2799.316406	-106.297066
2804.699707	-107.161606
2810.083008	-108.003334
2815.466309	-108.811577
2820.849609	-109.594910
2826.232910	-110.358849
2831.616211	-111.099854
2836.999512	-111.812683
2842.382812	-112.514328
2847.766113	-113.203957
2853.149414	-113.870880
2858.532715	-114.513390
2863.916016	-115.149506
2869.299316	-115.762558
2874.682617	-116.368004
2880.065918	-116.958092
2885.449219	-117.534851
2890.832520	-118.101418
2896.215820	-118.647842
2901.599121	-119.197113
2906.982422	-119.718781
2912.365723	-120.230362
2917.749023	-120.749260
2923.132324	-121.243347
2928.515625	-121.726822
2933.898926	-122.214577
2939.282227	-122.691391
2944.665527	-123.148712
2950.048828	-123.590736
2955.432129	-124.043129
2960.815430	-124.505119
2966.198730	-124.911026
2971.582031	-125.354912
2976.965332	-125.752686
2982.348633	-126.194016
2987.731934	-126.608681
2993.115234	-126.963440
2998.498535	-127.378021
3003.881836	-127.754562
3009.265137	-128.129272
3014.648438	-128.524536
3020.031738	-128.875198
3025.415039	-129.237030
3030.798340	-129.600204
3036.181641	-129.930573
3041.564941	-130.321472
3046.948242	-130.666245
3052.331543	-130.988480
3057.714844	-131.349426
3063.098145	-131.666779
3068.481445	-131.982224
3073.864746	-132.345673
3079.248047	-132.646423
3084.631348	-132.943420
3090.014648	-133.276978
3095.397949	-133.583420
3100.781250	-133.853531
3106.164551	-134.178314
3111.547852	-134.451569
3116.931152	-134.765671
3122.314453	-135.020020
3127.697754	-135.345184
3133.081055	-135.629318
3138.464355	-135.913681
3143.847656	-136.183945
3149.230957	-136.473648
3154.614258	-136.756622
3159.997559	-137.038071
3165.380859	-137.271072
3170.764160	-137.501999
3176.147461	-137.795807
3181.530762	-138.059845
3186.914062	-138.292404
3192.297363	-138.540970
3197.680664	-138.791931
3203.063965	-139.052933
3208.447266	-139.334381
3213.830566	-139.544739
3219.213867	-139.630569
3224.597168	-139.903992
3229.980469	-140.240860
3235.363770	-140.491013
3240.747070	-140.728271
3246.130371	-140.956497
3251.513672	-140.961761
3256.896973	-141.345200
3262.280273	-141.617386
3267.663574	-141.767502
3273.046875	-142.027771
3278.430176	-142.283661
3283.813477	-142.425919
3289.196777	-142.685181
3294.580078	-142.872177
3299.963379	-143.034851
3305.346680	-143.326248
3310.729980	-143.566925
3316.113281	-143.673813
3321.496582	-143.831436
3326.879883	-144.328918
3332.263184	-144.055069
3337.646484	-144.388184
3343.029785	-144.715317
3348.413086	-144.836273
3353.796387	-145.086624
3359.179688	-145.197037
3364.562988	-145.423523
3369.946289	-145.513290
3375.329590	-145.677063
3380.712891	-145.998764
3386.096191	-146.255203
3391.479492	-146.334351
3396.862793	-146.498169
3402.246094	-146.544983
3407.629395	-146.874573
3413.012695	-147.000931
3418.395996	-147.170456
3423.779297	-147.105087
3429.162598	-147.461304
3434.545898	-147.481094
3439.929199	-147.868515
3445.312500	-147.836685
3450.695801	-147.868942
3456.079102	-148.069839
3461.462402	-144.730927
3466.845703	-131.435135
3472.229004	-130.449127
3477.612305	-141.845993
3482.995605	-148.512741
3488.378906	-148.979263
3493.762207	-149.144348
3499.145508	-149.258331
3504.528809	-149.317719
3509.912109	-149.233139
3515.295410	-149.536774
3520.678711	-149.548264
3526.062012	-149.703888
3531.445312	-149.664261
3536.828613	-150.045898
3542.211914	-149.887787
3547.595215	-150.037491
3552.978516	-150.004028
3558.361816	-148.951233
3563.745117	-129.433960
3569.128418	-121.239006
3574.511719	-125.212921
3579.895020	-147.266571
3585.278320	-150.030563
3590.661621	-150.476578
3596.044922	-150.372604
3601.428223	-150.190552
3606.811523	-150.582016
3612.194824	-149.697906
3617.578125	-149.693161
3622.961426	-150.371475
3628.344727	-150.289474
3633.728027	-147.189316
3639.111328	-147.592300
3644.494629	-150.144760
3649.877930	-150.271347
3655.261230	-150.399521
3660.644531	-150.332626
3666.027832	-150.076157
3671.411133	-149.971024
3676.794434	-150.099304
3682.177734	-149.892715
3687.561035	-149.777771
3692.944336	-149.728088
3698.327637	-149.727051
3703.710938	-149.498077
3709.094238	-149.418716
3714.477539	-148.266174
3719.860840	-148.587418
3725.244141	-148.890869
3730.627441	-148.849030
3736.010742	-148.828293
3741.394043	-148.616196
3746.777344	-148.590469
3752.160645	-148.385986
3757.543945	-148.074402
3762.927246	-147.940964
3768.310547	-147.626648
3773.693848	-147.485001
3779.077148	-147.457855
3784.460449	-147.279236
3789.843750	-147.036285
3795.227051	-146.794571
3800.610352	-146.653748
3805.993652	-146.235718
3811.376953	-146.226685
3816.760254	-145.938095
3822.143555	-145.804855
3827.526855	-145.607468
3832.910156	-145.340012
3838.293457	-145.065506
3843.676758	-144.873718
3849.060059	-144.412704
3854.443359	-144.465363
3859.826660	-144.042023
3865.209961	-143.883179
3870.593262	-143.602951
3875.976562	-143.334213
3881.359863	-143.139587
3886.743164	-142.826569
3892.126465	-142.539307
3897.509766	-142.285019
3902.893066	-142.062088
3908.276367	-141.658447
3913.659668	-141.453003
3919.042969	-141.152176
3924.426270	-140.807693
3929.809570	-140.620224
3935.192871	-140.251862
3940.576172	-139.832916
3945.959473	-139.627716
3951.342773	-139.335571
3956.726074	-139.019562
3962.109375	-138.711960
3967.492676	-138.393051
3972.875977	-138.050705
3978.259277	-137.676086
3983.642578	-137.349380
3989.025879	-137.056274
3994.409180	-136.730682
3999.792480	-136.338577
4005.175781	-135.998322
4010.559082	-135.652390
4015.942383	-135.283600
4021.325684	-134.898560
4026.708984	-134.526016
4032.092285	-134.156418
4037.475586	-133.750275
4042.858887	-133.376816
4048.242188	-132.961716
4053.625488	-132.611145
4059.008789	-132.143066
4064.392090	-131.724075
4069.775391	-131.335770
4075.158691	-130.767731
4080.541992	-130.506287
4085.925293	-129.984161
4091.308594	-129.529739
4096.691895	-129.069992
4102.075195	-128.595703
4107.458496	-128.120422
4112.841797	-127.634911
4118.225098	-127.144753
4123.608398	-126.633102
4128.991699	-126.111748
4134.375000	-125.587105
4139.758301	-125.052025
4145.141602	-124.501770
4150.524902	-123.930206
4155.908203	-123.364166
4161.291504	-122.783119
4166.674805	-122.186996
4172.058105	-121.572212
4177.441406	-120.944054
4182.824707	-120.300514
4188.208008	-119.647102
4193.591309	-118.973602
4198.974609	-118.275673
4204.357910	-117.563950
4209.741211	-116.837654
4215.124512	-116.080544
4220.507812	-115.310478
4225.891113	-114.509468
4231.274414	-113.689354
4236.657715	-112.838516
4242.041016	-111.959671
4247.424316	-111.054260
4252.807617	-110.113243
4258.190918	-109.131302
4263.574219	-108.126877
4268.957520	-107.068848
4274.340820	-105.971268
4279.724121	-104.825439
4285.107422	-103.627556
4290.490723	-102.371033
4295.874023	-101.050575
4301.257324	-99.661613
4306.640625	-98.193924
4312.023926	-96.638680
4317.407227	-94.985428
4322.790527	-93.220329
4328.173828	-91.326607
4333.557129	-89.284592
4338.940430	-87.068558
4344.323730	-84.646164
4349.707031	-81.974174
4355.090332	-78.994766
4360.473633	-75.627068
4365.856934	-71.752312
4371.240234	-67.186455
4376.623535	-61.618847
4382.006836	-54.453545
4387.390137	-44.252460
4392.773438	-24.454094
4398.156738	-13.426534
4403.540039	-15.257530
4408.923340	-33.043056
4414.306641	-47.945919
4419.689941	-56.916359
4425.073242	-63.475788
4430.456543	-68.674728
4435.839844	-72.989822
4441.223145	-76.681595
4446.606445	-79.909103
4451.989746	-82.776917
4457.373047	-85.357704
4462.756348	-87.703720
4468.139648	-89.854568
4473.522949	-91.840004
4478.906250	-93.684212
4484.289551	-95.404793
4489.672852	-97.019463
4495.056152	-98.538109
4500.439453	-99.973274
4505.822754	-101.333061
4511.206055	-102.624298
4516.589355	-103.854645
4521.972656	-105.028755
4527.355957	-106.152031
4532.739258	-107.228371
4538.122559	-108.265160
4543.505859	-109.252754
4548.889160	-110.213112
4554.272461	-111.136932
4559.655762	-112.026497
4565.039062	-112.887718
4570.422363	-113.721214
4575.805664	-114.531982
4581.188965	-115.314583
4586.572266	-116.072739
4591.955566	-116.811378
4597.338867	-117.486084
4602.722168	-118.184181
4608.105469	-118.904305
4613.488770	-119.568176
4618.872070	-120.212868
4624.255371	-120.843483
4629.638672	-121.453728
4635.021973	-122.054619
4640.405273	-122.640678
4645.788574	-123.227669
4651.171875	-123.776886
4656.555176	-124.330757
4661.938477	-124.868858
4667.321777	-125.394135
4672.705078	-125.896667
4678.088379	-126.421616
4683.471680	-126.911774
4688.854980	-127.398476
4694.238281	-127.882820
4699.621582	-128.354446
4705.004883	-128.809631
4710.388184	-129.256699
4715.771484	-129.710541
4721.154785	-130.134048
4726.538086	-130.568222
4731.921387	-130.998550
4737.304688	-131.408813
4742.687988	-131.860062
4748.071289	-132.222168
4753.454590	-132.608795
4758.837891	-133.018860
4764.221191	-133.381409
4769.604492	-133.772202
4774.987793	-134.142365
4780.371094	-134.500931
4785.754395	-134.859604
4791.137695	-135.217773
4796.520996	-135.698395
4801.904297	-135.832214
4807.287598	-136.279144
4812.670898	-136.625397
4818.054199	-136.947189
4823.437500	-137.281723
4828.820801	-137.608139
4834.204102	-137.935608
4839.587402	-138.203812
4844.970703	-138.496445
4850.354004	-138.858383
4855.737305	-139.165985
4861.120605	-139.448181
4866.503906	-139.767731
4871.887207	-140.093384
4877.270508	-140.326492
4882.653809	-140.648148
4888.037109	-140.970749
4893.420410	-141.183578
4898.803711	-141.438675
4904.187012	-141.729584
4909.570312	-142.022888
4914.953613	-142.285126
4920.336914	-142.589432
4925.720215	-142.907013
4931.103516	-143.000641
4936.486816	-143.375870
4941.870117	-143.682800
4947.253418	-143.852188
4952.636719	-144.124680
4958.020020	-144.324814
4963.403320	-144.627686
4968.786621	-144.765503
4974.169922	-145.102722
4979.553223	-145.050171
4984.936523	-145.426514
4990.319824	-145.725739
4995.703125	-145.996521
5001.086426	-146.243530
5006.469727	-146.431137
5011.853027	-145.966675
5017.236328	-146.074203
5022.619629	-147.169586
5028.002930	-147.273544
5033.386230	-147.482574
5038.769531	-147.745880
5044.152832	-147.996078
5049.536133	-148.042542
5054.919434	-148.343079
5060.302734	-148.536377
5065.686035	-148.782822
5071.069336	-148.924606
5076.452637	-149.090668
5081.835938	-148.561707
5087.219238	-149.097137
5092.602539	-149.539230
5097.985840	-149.637039
5103.369141	-149.904358
5108.752441	-150.426605
5114.135742	-150.549698
5119.519043	-150.645416
5124.902344	-150.756088
5130.285645	-150.696640
5135.668945	-151.012146
5141.052246	-151.160934
5146.435547	-151.218262
5151.818848	-151.492889
5157.202148	-151.937836
5162.585449	-151.886597
5167.968750	-152.139282
5173.352051	-152.044495
5178.735352	-152.497131
5184.118652	-152.340714
5189.501953	-152.452072
5194.885254	-153.314102
5200.268555	-152.788071
5205.651855	-153.329407
5211.035156	-153.250137
5216.418457	-153.024689
5221.801758	-147.094894
5227.185059	-133.645050
5232.568359	-133.375916
5237.951660	-146.126587
5243.334961	-153.592697
5248.718262	-154.341934
5254.101562	-154.157639
5259.484863	-154.201553
5264.868164	-154.563248
5270.251465	-154.111420
5275.634766	-153.886154
5281.018066	-154.859070
5286.401367	-154.600708
5291.784668	-154.846069
5297.167969	-154.826599
5302.551270	-154.663727
5307.934570	-154.899567
5313.317871	-154.525238
5318.701172	-150.473816
5324.084473	-123.829521
5329.467773	-116.502777
5334.851074	-121.260284
5340.234375	-149.314087
5345.617676	-154.883606
5351.000977	-155.586472
5356.384277	-154.572235
5361.767578	-154.049179
5367.150879	-155.889374
5372.534180	-155.247177
5377.917480	-154.425125
5383.300781	-155.366241
5388.684082	-155.248535
5394.067383	-153.743607
5399.450684	-153.991852
5404.833984	-155.425262
5410.217285	-155.178024
5415.600586	-155.313721
5420.983887	-155.183701
5426.367188	-155.038223
5431.750488	-155.262238
5437.133789	-154.791763
5442.517090	-154.585938
5447.900391	-154.532303
5453.283691	-154.837799
5458.666992	-154.529739
5464.050293	-154.447708
5469.433594	-154.475159
5474.816895	-153.909790
5480.200195	-153.742935
5485.583496	-153.760498
5490.966797	-153.652451
5496.350098	-153.428757
5501.733398	-153.219803
5507.116699	-153.614822
5512.500000	-153.404846
5517.883301	-153.176056
5523.266602	-152.778000
5528.649902	-151.320969
5534.033203	-151.788574
5539.416504	-152.403549
5544.799805	-152.612747
5550.183105	-151.693390
5555.566406	-151.846649
5560.949707	-151.596436
5566.333008	-151.217407
5571.716309	-151.271622
5577.099609	-150.813660
5582.482910	-150.755249
5587.866211	-150.316376
5593.249512	-150.196594
5598.632812	-150.219604
5604.016113	-149.951004
5609.399414	-149.589600
5614.782715	-149.253586
5620.166016	-148.992355
5625.549316	-148.779099
5630.932617	-148.334900
5636.315918	-148.362259
5641.699219	-148.163589
5647.082520	-147.831528
5652.465820	-147.500778
5657.849121	-147.369598
5663.232422	-146.527679
5668.615723	-146.393250
5673.999023	-146.437195
5679.382324	-146.152054
5684.765625	-145.901871
5690.148926	-145.621445
5695.532227	-145.264023
5700.915527	-144.700684
5706.298828	-144.634338
5711.682129	-144.360580
5717.065430	-144.067627
5722.448730	-143.714645
5727.832031	-143.404602
5733.215332	-143.088623
5738.598633	-142.729568
5743.981934	-142.381027
5749.365234	-142.023041
5754.748535	-141.749985
5760.131836	-141.338409
5765.515137	-141.029877
5770.898438	-140.662704
5776.281738	-140.284546
5781.665039	-139.877991
5787.048340	-139.548218
5792.431641	-139.170044
5797.814941	-138.728760
5803.198242	-138.376709
5808.581543	-137.973679
5813.964844	-137.580948
5819.348145	-137.115387
5824.731445	-136.733582
5830.114746	-136.237061
5835.498047	-135.971878
5840.881348	-135.352631
5846.264648	-134.990387
5851.647949	-134.508942
5857.031250	-134.066895
5862.414551	-133.594696
5867.797852	-133.093262
5873.181152	-132.617752
5878.564453	-132.111984
5883.947754	-131.594879
5889.331055	-131.081207
5894.714355	-130.561569
5900.097656	-130.012329
5905.480957	-129.468597
5910.864258	-128.896545
5916.247559	-128.325424
5921.630859	-127.735588
5927.014160	-127.140045
5932.397461	-126.518738
5937.780762	-125.887756
5943.164062	-125.244255
5948.547363	-124.582497
5953.930664	-123.907677
5959.313965	-123.209984
5964.697266	-122.492683
5970.080566	-121.760574
5975.463867	-121.006104
5980.847168	-120.227859
5986.230469	-119.427498
5991.613770	-118.599594
5996.997070	-117.747688
6002.380371	-116.867706
6007.763672	-115.950790
6013.146973	-115.010612
6018.530273	-114.029587
6023.913574	-113.010963
6029.296875	-111.953529
6034.680176	-110.850204
6040.063477	-109.698677
6045.446777	-108.494713
6050.830078	-107.234024
6056.213379	-105.907806
6061.596680	-104.511513
6066.979980	-103.035744
6072.363281	-101.473633
6077.746582	-99.811592
6083.129883	-98.036575
6088.513184	-96.132477
6093.896484	-94.078247
6099.279785	-91.848289
6104.663086	-89.409607
6110.046387	-86.718117
6115.429688	-83.715096
6120.812988	-80.317413
6126.196289	-76.403488
6131.579590	-71.783585
6136.962891	-66.135391
6142.346191	-58.834278
6147.729492	-48.340446
6153.112793	-26.936888
6158.496094	-16.940636
6163.879395	-19.513214
6169.262695	-39.266670
6174.645996	-53.520695
6180.029297	-62.281757
6185.412598	-68.731873
6190.795898	-73.862312
6196.179199	-78.129913
6201.562500	-81.786522
6206.945801	-84.986816
6212.329102	-87.832664
6217.712402	-90.395325
6223.095703	-92.726135
6228.479004	-94.863853
6233.862305	-96.837616
6239.245605	-98.672089
6244.628906	-100.383766
6250.012207	-101.989967
6255.395508	-103.500900
6260.778809	-104.929787
6266.162109	-106.281631
6271.545410	-107.568092
6276.928711	-108.792374
6282.312012	-109.961258
6287.695312	-111.080009
6293.078613	-112.153214
6298.461914	-113.176888
6303.845215	-114.174446
6309.228516	-115.122849
6314.611816	-116.042404
6319.995117	-116.929008
6325.378418	-117.789688
6330.761719	-118.615425
6336.145020	-119.420547
6341.528320	-120.198364
6346.911621	-120.960075
6352.294922	-121.683212
6357.678223	-122.199760
6363.061523	-122.921768
6368.444824	-123.768700
6373.828125	-124.444336
6379.211426	-125.072189
6384.594727	-125.714058
6389.978027	-126.274529
6395.361328	-126.905716
6400.744629	-127.494835
6406.127930	-128.068558
6411.511230	-128.625381
6416.894531	-129.171799
6422.277832	-129.716690
6427.661133	-130.243210
6433.044434	-130.734253
6438.427734	-131.240845
6443.811035	-131.744034
6449.194336	-132.240341
6454.577637	-132.697601
6459.960938	-133.166046
6465.344238	-133.629654
6470.727539	-134.091949
6476.110840	-134.523544
6481.494141	-134.963943
6486.877441	-135.373047
6492.260742	-135.802567
6497.644043	-136.225586
6503.027344	-136.656540
6508.410645	-136.988419
6513.793945	-137.407211
6519.177246	-137.792984
6524.560547	-138.142731
6529.943848	-138.529083
6535.327148	-138.939240
6540.710449	-139.287598
6546.093750	-139.641098
6551.477051	-140.033981
6556.860352	-140.284363
6562.243652	-140.760117
6567.626953	-141.021347
6573.010254	-141.383698
6578.393555	-141.707932
6583.776855	-142.028320
6589.160156	-142.280426
6594.543457	-142.682358
6599.926758	-143.024017
6605.310059	-143.274750
6610.693359	-143.597107
6616.076660	-143.867767
6621.459961	-144.278809
6626.843262	-144.403732
6632.226562	-144.723068
6637.609863	-145.022964
6642.993164	-145.152344
6648.376465	-145.572189
6653.759766	-145.927917
6659.143066	-146.184296
6664.526367	-146.445984
6669.909668	-146.768936
6675.292969	-146.947739
6680.676270	-147.269073
6686.059570	-147.496872
6691.442871	-147.761642
6696.826172	-147.633591
6702.209473	-148.135864
6707.592773	-148.530640
6712.976074	-148.760529
6718.359375	-148.895081
6723.742676	-149.351685
6729.125977	-149.351059
6734.509277	-149.495819
6739.892578	-149.366211
6745.275879	-150.072601
6750.659180	-150.300873
6756.042480	-150.579971
6761.425781	-150.739227
6766.809082	-151.067337
6772.192383	-150.907059
6777.575684	-151.100662
6782.958984	-151.512543
6788.342285	-151.634064
6793.725586	-152.000854
6799.108887	-152.363220
6804.492188	-152.637207
6809.875488	-152.487000
6815.258789	-152.775208
6820.642090	-152.703354
6826.025391	-153.026428
6831.408691	-153.256775
6836.791992	-153.460785
6842.175293	-153.528366
6847.558594	-153.686798
6852.941895	-153.768997
6858.325195	-153.776810
6863.708496	-154.186584
6869.091797	-154.290268
6874.475098	-154.575821
6879.858398	-155.390610
6885.241699	-155.029465
6890.625000	-155.290863
6896.008301	-155.434662
6901.391602	-155.307190
6906.774902	-155.083511
6912.158203	-155.758484
6917.541504	-155.011993
6922.924805	-155.734543
6928.308105	-155.836929
6933.691406	-155.573624
6939.074707	-156.294403
6944.458008	-156.459244
6949.841309	-156.884811
6955.224609	-156.496918
6960.607910	-156.928162
6965.991211	-157.343536
6971.374512	-157.179855
6976.757812	-156.516891
6982.141113	-147.287979
6987.524414	-134.533066
6992.907715	-134.980103
6998.291016	-149.058197
7003.674316	-156.911438
7009.057617	-157.646088
7014.440918	-158.607315
7019.824219	-157.974686
7025.207520	-158.308395
7030.590820	-156.852066
7035.974121	-156.225433
7041.357422	-156.865204
7046.740723	-157.152954
7052.124023	-158.369675
7057.507324	-157.545792
7062.890625	-157.512192
7068.273926	-158.942764
7073.657227	-159.210846
7079.040527	-155.497757
7084.423828	-137.052139
7089.807129	-130.613052
7095.190430	-136.152649
7100.573730	-157.188507
7105.957031	-158.097504
7111.340332	-158.834274
7116.723633	-158.905914
7122.106934	-160.118301
7127.490234	-158.261566
7132.873535	-157.240662
7138.256836	-157.400330
7143.640137	-158.465866
7149.023438	-158.397797
7154.406738	-157.693130
7159.790039	-158.794846
7165.173340	-159.143402
7170.556641	-158.886185
7175.939941	-159.202301
7181.323242	-158.569122
7186.706543	-158.253784
7192.089844	-157.905151
7197.473145	-159.319809
7202.856445	-159.136124
7208.239746	-158.972275
7213.623047	-158.072205
7219.006348	-158.252884
7224.389648	-158.995972
7229.772949	-158.195053
7235.156250	-155.543945
7240.539551	-156.565674
7245.922852	-158.092712
7251.306152	-157.330185
7256.689453	-157.602768
7262.072754	-158.049973
7267.456055	-157.709930
7272.839355	-156.778473
7278.222656	-157.175644
7283.605957	-157.305618
7288.989258	-155.355896
7294.372559	-155.913544
7299.755859	-156.791122
7305.139160	-155.679550
7310.522461	-156.476715
7315.905762	-155.978821
7321.289062	-153.224228
7326.672363	-152.544540
7332.055664	-155.482697
7337.438965	-154.752548
7342.822266	-154.894119
7348.205566	-155.264175
7353.588867	-155.466949
7358.972168	-155.018768
7364.355469	-154.761444
7369.738770	-154.201416
7375.122070	-154.006638
7380.505371	-153.596771
7385.888672	-150.740295
7391.271973	-151.053436
7396.655273	-153.192825
7402.038574	-153.194351
7407.421875	-152.787399
7412.805176	-152.628265
7418.188477	-152.070496
7423.571777	-151.043686
7428.955078	-151.179947
7434.338379	-151.409470
7439.721680	-151.095703
7445.104980	-151.055237
7450.488281	-150.452332
7455.871582	-150.360733
7461.254883	-149.889618
7466.638184	-149.735260
7472.021484	-149.384613
7477.404785	-149.052338
7482.788086	-148.766815
7488.171387	-148.433121
7493.554688	-147.944916
7498.937988	-147.653015
7504.321289	-147.591324
7509.704590	-147.185242
7515.087891	-146.896759
7520.471191	-146.443924
7525.854492	-146.081085
7531.237793	-145.783020
7536.621094	-145.278290
7542.004395	-144.953033
7547.387695	-144.674988
7552.770996	-144.204041
7558.154297	-143.876755
7563.537598	-143.425812
7568.920898	-143.042435
7574.304199	-142.660004
7579.687500	-142.267120
7585.070801	-141.787048
7590.454102	-141.483322
7595.837402	-140.891571
7601.220703	-140.563431
7606.604004	-140.071350
7611.987305	-139.607285
7617.370605	-139.086761
7622.753906	-138.667725
7628.137207	-138.125153
7633.520508	-137.741501
7638.903809	-137.161667
7644.287109	-136.712402
7649.670410	-136.169891
7655.053711	-135.625702
7660.437012	-135.109924
7665.820312	-134.524918
7671.203613	-133.959900
7676.586914	-133.394165
7681.970215	-132.784698
7687.353516	-132.192627
7692.736816	-131.574539
7698.120117	-130.939148
7703.503418	-130.282974
7708.886719	-129.632462
7714.270020	-128.946091
7719.653320	-128.234634
7725.036621	-127.530479
7730.419922	-126.776573
7735.803223	-126.033966
7741.186523	-125.245399
7746.569824	-124.439392
7751.953125	-123.612640
7757.336426	-122.752991
7762.719727	-121.868629
7768.103027	-120.930634
7773.486328	-119.995903
7778.869629	-119.015259
7784.252930	-117.992004
7789.636230	-116.930351
7795.019531	-115.819611
7800.402832	-114.663231
7805.786133	-113.453392
7811.169434	-112.184967
7816.552734	-110.850952
7821.936035	-109.447983
7827.319336	-107.965096
7832.702637	-106.393524
7838.085938	-104.721626
7843.469238	-102.937355
7848.852539	-101.020615
7854.235840	-98.953781
7859.619141	-96.709213
7865.002441	-94.253128
7870.385742	-91.541298
7875.769043	-88.513329
7881.152344	-85.084488
7886.535645	-81.129822
7891.918945	-76.453812
7897.302246	-70.721931
7902.685547	-63.278828
7908.068848	-52.472233
7913.452148	-29.011187
7918.835449	-19.986261
7924.218750	-23.309860
7929.602051	-45.478870
7934.985352	-59.147549
7940.368652	-67.708580
7945.751953	-74.052246
7951.135254	-79.115135
7956.518555	-83.335480
7961.901855	-86.956825
7967.285156	-90.129402
7972.668457	-92.952934
7978.051758	-95.497116
7983.435059	-97.811707
7988.818359	-99.936943
7994.201660	-101.895638
7999.584961	-103.722641
8004.968262	-105.423096
8010.351562	-107.019569
8015.734863	-108.523140
8021.118164	-109.943230
8026.501465	-111.289680
8031.884766	-112.568481
8037.268066	-113.789200
8042.651367	-114.950638
8048.034668	-116.063126
8053.417969	-117.131104
8058.801270	-118.151955
8064.184570	-119.138641
8069.567871	-120.086159
8074.951172	-120.993095
8080.334473	-121.870926
8085.717773	-122.735062
8091.101074	-123.563187
8096.484375	-124.357964
8101.867676	-125.142693
8107.250977	-125.885139
8112.634277	-126.554817
8118.017578	-126.169548
8123.400879	-127.064293
8128.784180	-128.671692
8134.167480	-129.351227
8139.550781	-129.996552
8144.934082	-130.609756
8150.317383	-131.175323
8155.700684	-131.767654
8161.083984	-132.394257
8166.467285	-132.952728
8171.850586	-133.517242
8177.233887	-134.034424
8182.617188	-134.557129
8188.000488	-135.115082
8193.383789	-135.621704
8198.767090	-136.091904
8204.150391	-136.643417
8209.533691	-137.107864
8214.916992	-137.529312
8220.300293	-137.987579
8225.683594	-138.471283
8231.066895	-138.942001
8236.450195	-139.370483
8241.833496	-139.772888
8247.216797	-140.203140
8252.600098	-140.625504
8257.983398	-141.047058
8263.366699	-141.450745
8268.750000	-141.815460
8274.133301	-142.228806
8279.516602	-142.566803
8284.899902	-143.016647
8290.283203	-143.321716
8295.666504	-143.720413
8301.049805	-143.930725
8306.433105	-144.351074
8311.816406	-144.259338
8317.199707	-144.857697
8322.583008	-145.443069
8327.966309	-145.803040
8333.349609	-146.093658
8338.732910	-146.363861
8344.116211	-146.794434
8349.499512	-147.041199
8354.882812	-147.342163
8360.266113	-147.671021
8365.649414	-147.999466
8371.032715	-148.183060
8376.416016	-148.624283
8381.799316	-147.952316
8387.182617	-147.948944
8392.565918	-149.408783
8397.949219	-149.355087
8403.332520	-149.760696
8408.715820	-150.242752
8414.099121	-150.429550
8419.482422	-150.843536
8424.865723	-150.841751
8430.249023	-151.241058
8435.632324	-151.454926
8441.015625	-151.686066
8446.398926	-151.884018
8451.782227	-152.047409
8457.165527	-151.537338
8462.548828	-151.618820
8467.932129	-152.118622
8473.315430	-152.550247
8478.698730	-153.416443
8484.082031	-153.086609
8489.465332	-154.059311
8494.848633	-153.794174
8500.231934	-154.024399
8505.615234	-153.489914
8510.998535	-154.327637
8516.381836	-154.650650
8521.765137	-154.658783
8527.148438	-155.331573
8532.531738	-155.439377
8537.915039	-155.579407
8543.298340	-155.553101
8548.681641	-155.512543
8554.064941	-155.772064
8559.448242	-155.562653
8564.831543	-156.331726
8570.214844	-155.946060
8575.598145	-156.737488
8580.981445	-156.466660
8586.364746	-156.770264
8591.748047	-155.754028
8597.131348	-156.290314
8602.514648	-155.178757
8607.897949	-155.754562
8613.281250	-157.654221
8618.664551	-157.594849
8624.047852	-158.461807
8629.431152	-157.481339
8634.814453	-158.067001
8640.197754	-158.177567
8645.581055	-155.299286
8650.964355	-152.448837
8656.347656	-156.247910
8661.730957	-157.637177
8667.114258	-158.934433
8672.497559	-158.869522
8677.880859	-158.835373
8683.264160	-158.583527
8688.647461	-153.388504
8694.030762	-152.114319
8699.414062	-158.311356
8704.797363	-158.973877
8710.180664	-159.709961
8715.563965	-158.811386
8720.947266	-159.100845
8726.330566	-160.364960
8731.713867	-160.277496
8737.097168	-159.377518
8742.480469	-147.790497
8747.863770	-136.042923
8753.247070	-137.224106
8758.630371	-152.453018
8764.013672	-155.065140
8769.396973	-154.757751
8774.780273	-159.497345
8780.163574	-160.525101
8785.546875	-161.468826
8790.930176	-157.762650
8796.313477	-156.873291
8801.696777	-157.590698
8807.080078	-156.818420
8812.463379	-159.643646
8817.846680	-161.716782
8823.229980	-159.395691
8828.613281	-160.040863
8833.996582	-160.835388
8839.379883	-153.777527
8844.763184	-114.222649
8850.146484	-108.554756
8855.529785	-114.928749
8860.913086	-151.425858
8866.296387	-153.959305
8871.679688	-158.923218
8877.062988	-161.785172
8882.446289	-159.632675
8887.829590	-161.267456
8893.212891	-158.078995
8898.596191	-157.711548
8903.979492	-158.888657
8909.362793	-160.325180
8914.746094	-160.410461
8920.129395	-162.066895
8925.512695	-162.409912
8930.895996	-161.070694
8936.279297	-160.411591
8941.662598	-159.411636
8947.045898	-158.965607
8952.429199	-157.926041
8957.812500	-161.488525
8963.195801	-161.837143
8968.579102	-162.830688
8973.962402	-160.649643
8979.345703	-159.100800
8984.729004	-158.193954
8990.112305	-151.526260
8995.495605	-143.895248
9000.878906	-148.019119
9006.262207	-160.517471
9011.645508	-160.489883
9017.028809	-160.983566
9022.412109	-160.310669
9027.795410	-160.639801
9033.178711	-158.944672
9038.562012	-159.441742
9043.945312	-159.543945
9049.328613	-158.531311
9054.711914	-158.824020
9060.095215	-160.437958
9065.478516	-160.571976
9070.861816	-158.122406
9076.245117	-159.090347
9081.628418	-155.514084
9087.011719	-154.744888
9092.395020	-156.710114
9097.778320	-155.356491
9103.161621	-159.108078
9108.544922	-158.147171
9113.928223	-158.301910
9119.311523	-159.073135
9124.694824	-159.801727
9130.078125	-158.519012
9135.461426	-158.843262
9140.844727	-156.590683
9146.228027	-150.761642
9151.611328	-150.181824
9156.994629	-154.903778
9162.377930	-157.947693
9167.761230	-156.930145
9173.144531	-157.852814
9178.527832	-157.358078
9183.911133	-156.870865
9189.294434	-156.791031
9194.677734	-157.098053
9200.061035	-156.054977
9205.444336	-156.728973
9210.827637	-156.625870
9216.210938	-155.651947
9221.594238	-155.452225
9226.977539	-154.938446
9232.360840	-154.731064
9237.744141	-153.558060
9243.127441	-151.581848
9248.510742	-153.780228
9253.894043	-153.230423
9259.277344	-153.386719
9264.660645	-153.928284
9270.043945	-153.461075
9275.427246	-152.758163
9280.810547	-152.406021
9286.193848	-151.168411
9291.577148	-151.752640
9296.960449	-151.758759
9302.343750	-151.337738
9307.727051	-151.236252
9313.110352	-150.706497
9318.493652	-150.086288
9323.876953	-149.789246
9329.260254	-149.208374
9334.643555	-148.599197
9340.026855	-148.472275
9345.410156	-148.004639
9350.793457	-148.090057
9356.176758	-147.246216
9361.560059	-147.140793
9366.943359	-146.562531
9372.326660	-145.312820
9377.709961	-144.618271
9383.093262	-145.178696
9388.476562	-144.617020
9393.859863	-144.239670
9399.243164	-143.526306
9404.626465	-143.200775
9410.009766	-142.683731
9415.393066	-142.095963
9420.776367	-141.564529
9426.159668	-141.041321
9431.542969	-140.423752
9436.926270	-139.839203
9442.309570	-139.281372
9447.692871	-138.634705
9453.076172	-138.060394
9458.459473	-137.376495
9463.842773	-136.758820
9469.226074	-136.090622
9474.609375	-135.397202
9479.992676	-134.692276
9485.375977	-133.979523
9490.759277	-133.182053
9496.142578	-132.459381
9501.525879	-131.666718
9506.909180	-130.853424
9512.292480	-130.035843
9517.675781	-129.165802
9523.059082	-128.266876
9528.442383	-127.349434
9533.825684	-126.384392
9539.208984	-125.405312
9544.592285	-124.351768
9549.975586	-123.296692
9555.358887	-122.181107
9560.742188	-121.016899
9566.125488	-119.801453
9571.508789	-118.519867
9576.892090	-117.179764
9582.275391	-115.767433
9587.658691	-114.271866
9593.041992	-112.692474
9598.425293	-111.009171
9603.808594	-109.210823
9609.191895	-107.282227
9614.575195	-105.200363
9619.958496	-102.938866
9625.341797	-100.463074
9630.725098	-97.728737
9636.108398	-94.673866
9641.491699	-91.211716
9646.875000	-87.213654
9652.258301	-82.478516
9657.641602	-76.658669
9663.024902	-69.065979
9668.408203	-57.923393
9673.791504	-31.633797
9679.174805	-23.530918
9684.558105	-27.618029
9689.941406	-52.965286
9695.324707	-66.100838
9700.708008	-74.469421
9706.091309	-80.708237
9711.474609	-85.703613
9716.857910	-89.875824
9722.241211	-93.460655
9727.624512	-96.604332
9733.007812	-99.403954
9738.391113	-101.927879
9743.774414	-104.225342
9749.157715	-106.333763
9754.541016	-108.284698
9759.924316	-110.089706
9765.307617	-111.784401
9770.690918	-113.367592
9776.074219	-114.865128
9781.457520	-116.274391
9786.840820	-117.609642
9792.224121	-118.882935
9797.607422	-120.091606
9802.990723	-121.248009
9808.374023	-122.353928
9813.757324	-123.418983
9819.140625	-124.408394
9824.523926	-125.407883
9829.907227	-126.357445
9835.290527	-127.260269
9840.673828	-128.121613
9846.057129	-128.976334
9851.440430	-129.790115
9856.823730	-130.601959
9862.207031	-131.359009
9867.590332	-132.106857
9872.973633	-132.221756
9878.356934	-128.745850
9883.740234	-130.443924
9889.123535	-134.809341
9894.506836	-135.542297
9899.890137	-136.174286
9905.273438	-136.784317
9910.656738	-137.354126
9916.040039	-137.934647
9921.423340	-137.815155
9926.806641	-136.892105
9932.189941	-139.111145
9937.573242	-140.099213
9942.956543	-140.640259
9948.339844	-141.237656
9953.723145	-141.761597
9959.106445	-142.240189
9964.489746	-142.722687
9969.873047	-143.076889
9975.256348	-143.547836
9980.639648	-143.965439
9986.022949	-144.509918
9991.406250	-144.988480
9996.789551	-145.341949
10002.172852	-146.028397
10007.556152	-146.065811
10012.939453	-146.672302
10018.322754	-146.919571
10023.706055	-147.120926
10029.089355	-147.413437
10034.472656	-148.143677
10039.855957	-148.723663
10045.239258	-149.011124
10050.622559	-149.283112
10056.005859	-147.988861
10061.389160	-147.486435
10066.772461	-149.723923
10072.155762	-149.308578
10077.539062	-150.701202
10082.922363	-150.864456
10088.305664	-151.497131
10093.688965	-151.645859
10099.072266	-151.757111
10104.455566	-152.314743
10109.838867	-152.694244
10115.222168	-152.718918
10120.605469	-153.081604
10125.988770	-152.740448
10131.372070	-152.789825
10136.755371	-153.510696
10142.138672	-144.190399
10147.521973	-143.252777
10152.905273	-152.789658
10158.288574	-154.051559
10163.671875	-153.972305
10169.055176	-155.059296
10174.438477	-154.649872
10179.821777	-155.251556
10185.205078	-155.060013
10190.588379	-155.678650
10195.971680	-156.098068
10201.354980	-157.039154
10206.738281	-156.691711
10212.121582	-156.746826
10217.504883	-157.171326
10222.888184	-156.327072
10228.271484	-150.065826
10233.654785	-150.589279
10239.038086	-157.438843
10244.421387	-157.623840
10249.804688	-155.715988
10255.187988	-158.015778
10260.571289	-155.876175
10265.954590	-155.581573
10271.337891	-157.506714
10276.721191	-157.529312
10282.104492	-157.900833
10287.487793	-159.514862
10292.871094	-159.650940
10298.254395	-159.943192
10303.637695	-159.755890
10309.020996	-158.063507
10314.404297	-156.499420
10319.787598	-155.547974
10325.170898	-159.797424
10330.554199	-159.852707
10335.937500	-160.410950
10341.320801	-160.866699
10346.704102	-159.788971
10352.087402	-157.504807
10357.470703	-151.297516
10362.854004	-143.774780
10368.237305	-147.635818
10373.620605	-158.974304
10379.003906	-159.139420
10384.387207	-160.055099
10389.770508	-159.675003
10395.153809	-159.498718
10400.537109	-157.241440
10405.920410	-152.168503
10411.303711	-150.048828
10416.687012	-154.920822
10422.070312	-155.908188
10427.453613	-156.791656
10432.836914	-156.214066
10438.220215	-155.117584
10443.603516	-154.777771
10448.986816	-149.548035
10454.370117	-148.744324
10459.753418	-151.967545
10465.136719	-151.291245
10470.520020	-151.358078
10475.903320	-150.668640
10481.286621	-149.585922
10486.669922	-148.381195
10492.053223	-147.209824
10497.436523	-146.130295
10502.819824	-144.998444
10508.203125	-143.177963
10513.586426	-142.032059
10518.969727	-140.746765
10524.353027	-139.123581
10529.736328	-137.405899
10535.119629	-135.842010
10540.502930	-133.848602
10545.886230	-131.793503
10551.269531	-129.511108
10556.652832	-127.012772
10562.036133	-124.245148
10567.419434	-121.138649
10572.802734	-117.592873
10578.186035	-113.474380
10583.569336	-108.549004
10588.952637	-102.417587
10594.335938	-94.238297
10599.719238	-81.595406
10605.102539	-51.476143
10610.485840	-46.609657
10615.869141	-53.831276
10621.252441	-84.566475
10626.635742	-96.074783
10632.019043	-103.828873
10637.402344	-109.745804
10642.785645	-114.545303
10648.168945	-118.594147
10653.552246	-122.095490
10658.935547	-125.181351
10664.318848	-127.955841
10669.702148	-130.444962
10675.085449	-132.722916
10680.468750	-134.836563
10685.852051	-136.753586
10691.235352	-138.600067
10696.618652	-140.281540
10702.001953	-141.796097
10707.385254	-143.174591
10712.768555	-144.504608
10718.151855	-146.154953
10723.535156	-147.367065
10728.918457	-148.566055
10734.301758	-149.720718
10739.685059	-148.757248
10745.068359	-148.289474
10750.451660	-146.415512
10755.834961	-140.284546
10761.218262	-144.949631
10766.601562	-154.402817
10771.984863	-155.551437
10777.368164	-156.623245
10782.751465	-156.488892
10788.134766	-157.612900
10793.518066	-158.048477
10798.901367	-157.465958
10804.284668	-158.557739
10809.667969	-157.610840
10815.051270	-157.007339
10820.434570	-160.692703
10825.817871	-160.244888
10831.201172	-156.070251
10836.584473	-155.991272
10841.967773	-157.487274
10847.351074	-157.596115
10852.734375	-152.681107
10858.117676	-151.161377
10863.500977	-159.702393
10868.884277	-158.490738
10874.267578	-158.349655
10879.650879	-161.276474
10885.034180	-163.736847
10890.417480	-164.392334
10895.800781	-165.034973
10901.184082	-162.829880
10906.567383	-156.840103
10911.950684	-149.048813
10917.333984	-150.290466
10922.717285	-160.040131
10928.100586	-159.676697
10933.483887	-161.755432
10938.867188	-162.870407
10944.250488	-158.660416
10949.633789	-158.306671
10955.017090	-158.250565
10960.400391	-158.707596
10965.783691	-159.856506
10971.166992	-162.422607
10976.550293	-162.148132
10981.933594	-161.766800
10987.316895	-164.651566
10992.700195	-163.657928
10998.083496	-158.327911
11003.466797	-155.622864
11008.850098	-159.501312
11014.233398	-161.769272
11019.616699	-163.234558
