Frequency (Hz)	Level (dB)
5.383301	-108.048119
10.766602	-105.393524
16.149902	-101.705559
21.533203	-97.150383
26.916504	-91.525597
32.299805	-84.245560
37.683105	-73.793106
43.066406	-52.631054
48.449707	-42.497646
53.833008	-44.968361
59.216309	-64.430862
64.599609	-78.769562
69.982910	-87.558479
75.366211	-94.022659
80.749512	-99.161972
86.132812	-103.433395
91.516113	-107.090996
96.899414	-110.288338
102.282715	-113.126007
107.666016	-115.673683
113.049316	-117.967255
118.432617	-120.062996
123.815918	-121.974197
129.199219	-123.707848
134.582520	-125.276566
139.965820	-126.536942
145.349121	-114.187683
150.732422	-110.032921
156.115723	-117.669510
161.499023	-130.650223
166.882324	-131.467545
172.265625	-131.979141
177.648926	-132.358948
183.032227	-132.632965
188.415527	-133.053162
193.798828	-132.869537
199.182129	-132.995743
204.565430	-132.966629
209.948730	-132.984665
215.332031	-132.896896
220.715332	-132.736664
226.098633	-132.662720
231.481934	-132.506607
236.865234	-132.310379
242.248535	-132.174713
247.631836	-131.970657
253.015137	-131.756943
258.398438	-131.613205
263.781738	-131.391296
269.165039	-131.152740
274.548340	-130.904572
279.931641	-130.759171
285.314941	-130.517929
290.698242	-130.294144
296.081543	-130.063522
301.464844	-129.807083
306.848145	-129.597412
312.231445	-129.346588
317.614746	-129.101273
322.998047	-128.852966
328.381348	-128.601212
333.764648	-128.352570
339.147949	-128.108231
344.531250	-127.856430
349.914551	-127.553612
355.297852	-127.324699
360.681152	-127.101669
366.064453	-126.770668
371.447754	-126.510933
376.831055	-126.218071
382.214355	-125.954315
387.597656	-125.653160
392.980957	-125.388802
398.364258	-125.075500
403.747559	-124.796524
409.130859	-124.494751
414.514160	-124.201027
419.897461	-123.892273
425.280762	-123.583237
430.664062	-123.279495
436.047363	-122.959312
441.430664	-122.641296
446.813965	-122.318764
452.197266	-121.989197
457.580566	-121.666130
462.963867	-121.326721
468.347168	-120.978638
473.730469	-120.658134
479.113770	-120.284119
484.497070	-119.947731
489.880371	-119.590637
495.263672	-119.208107
500.646973	-118.839531
506.030273	-118.489616
511.413574	-118.097031
516.796875	-117.715218
522.180176	-117.333046
527.563477	-116.927902
532.946777	-116.543541
538.330078	-116.130562
543.713379	-115.702156
549.096680	-115.289062
554.479980	-114.854225
559.863281	-114.420677
565.246582	-113.978226
570.629883	-113.526077
576.013184	-113.068649
581.396484	-112.601402
586.779785	-112.125839
592.163086	-111.643929
597.546387	-111.149223
602.929688	-110.647186
608.312988	-110.134369
613.696289	-109.612007
619.079590	-109.076370
624.462891	-108.533287
629.846191	-107.979424
635.229492	-107.412308
640.612793	-106.830246
645.996094	-106.237213
651.379395	-105.628922
656.762695	-105.007248
662.145996	-104.370026
667.529297	-103.716927
672.912598	-103.047707
678.295898	-102.359283
683.679199	-101.652679
689.062500	-100.927856
694.445801	-100.181221
699.829102	-99.412766
705.212402	-98.625786
710.595703	-97.805588
715.979004	-96.961639
721.362305	-96.090034
726.745605	-95.189529
732.128906	-94.256149
737.512207	-93.287521
742.895508	-92.282539
748.278809	-91.237198
753.662109	-90.147514
759.045410	-89.010315
764.428711	-87.821175
769.812012	-86.560814
775.195312	-80.365807
780.578613	-76.555222
785.961914	-80.468475
791.345215	-80.892693
796.728516	-79.258232
802.111816	-77.511185
807.495117	-75.637611
812.878418	-73.618591
818.261719	-71.429123
823.645020	-69.037796
829.028320	-66.403046
834.411621	-63.469303
839.794922	-60.159016
845.178223	-56.359512
850.561523	-51.897327
855.944824	-46.483303
861.328125	-39.573723
866.711426	-29.906759
872.094727	-12.514312
877.478027	0.815465
882.861328	0.450574
888.244629	-14.193496
893.627930	-30.644068
899.011230	-40.066261
904.394531	-46.855034
909.777832	-52.195526
915.161133	-56.607716
920.544434	-60.370762
925.927734	-63.653095
931.311035	-66.564667
936.694336	-69.181313
942.077637	-71.557465
947.460938	-73.734047
952.844238	-75.741875
958.227539	-77.605682
963.610840	-79.343704
968.994141	-80.973442
974.377441	-78.842499
979.760742	-74.167313
985.144043	-78.973587
990.527344	-86.623932
995.910645	-87.869293
1001.293945	-89.053627
1006.677246	-90.186333
1012.060547	-91.271690
1017.443848	-92.313240
1022.827148	-93.314369
1028.210449	-94.279404
1033.593750	-95.209335
1038.977051	-96.106888
1044.360352	-96.975365
1049.743652	-97.818878
1055.126953	-98.630150
1060.510254	-99.417122
1065.893555	-100.182571
1071.276855	-100.927246
1076.660156	-101.649078
1082.043457	-102.353569
1087.426758	-103.039040
1092.810059	-103.706306
1098.193359	-104.355682
1103.576660	-104.991493
1108.959961	-105.610687
1114.343262	-106.216293
1119.726562	-106.807877
1125.109863	-107.388161
1130.493164	-107.952255
1135.876465	-108.500420
1141.259766	-109.050468
1146.643066	-109.581383
1152.026367	-110.099670
1157.409668	-110.610779
1162.792969	-111.111649
1168.176270	-111.603065
1173.559570	-112.082680
1178.942871	-112.560135
1184.326172	-113.025322
1189.709473	-113.477722
1195.092773	-113.927429
1200.476074	-114.368927
1205.859375	-114.801239
1211.242676	-115.234100
1216.625977	-115.644745
1222.009277	-116.082779
1227.392578	-116.494331
1232.775879	-116.865173
1238.159180	-117.269264
1243.542480	-117.651176
1248.925781	-118.028534
1254.309082	-118.425591
1259.692383	-118.779198
1265.075684	-119.145599
1270.458984	-119.518211
1275.842285	-119.869987
1281.225586	-120.209602
1286.608887	-120.579018
1291.992188	-120.898888
1297.375488	-121.248230
1302.758789	-121.583359
1308.142090	-121.894928
1313.525391	-122.249138
1318.908691	-122.557480
1324.291992	-122.872101
1329.675293	-123.189613
1335.058594	-123.495621
1340.441895	-123.801300
1345.825195	-124.106567
1351.208496	-124.414734
1356.591797	-124.705215
1361.975098	-124.987923
1367.358398	-125.297005
1372.741699	-125.555832
1378.125000	-125.860252
1383.508301	-126.127251
1388.891602	-126.417206
1394.274902	-126.693382
1399.658203	-126.970718
1405.041504	-127.234467
1410.424805	-127.456093
1415.808105	-127.764061
1421.191406	-128.015366
1426.574707	-128.271423
1431.958008	-128.498917
1437.341309	-128.770782
1442.724609	-129.018875
1448.107910	-129.272812
1453.491211	-129.518539
1458.874512	-129.730728
1464.257812	-129.987534
1469.641113	-130.235458
1475.024414	-130.446716
1480.407715	-130.671585
1485.791016	-130.896301
1491.174316	-131.118439
1496.557617	-131.390915
1501.940918	-131.568695
1507.324219	-131.764847
1512.707520	-131.965927
1518.090820	-132.189499
1523.474121	-132.372025
1528.857422	-132.525299
1534.240723	-132.760468
1539.624023	-132.846848
1545.007324	-133.062988
1550.390625	-133.167740
1555.773926	-133.229904
1561.157227	-133.223389
1566.540527	-133.569382
1571.923828	-133.221725
1577.307129	-133.202896
1582.690430	-133.003235
1588.073730	-132.743881
1593.457031	-132.346146
1598.840332	-131.755280
1604.223633	-119.401703
1609.606934	-112.651711
1614.990234	-117.497520
1620.373535	-128.029755
1625.756836	-126.682098
1631.140137	-125.142090
1636.523438	-123.435402
1641.906738	-121.536125
1647.290039	-119.445358
1652.673340	-117.136803
1658.056641	-114.582184
1663.439941	-111.725746
1668.823242	-108.507156
1674.206543	-104.814278
1679.589844	-100.495422
1684.973145	-95.288933
1690.356445	-88.714554
1695.739746	-79.714958
1701.123047	-64.717857
1706.506348	-47.176098
1711.889648	-45.445904
1717.272949	-56.619816
1722.656250	-76.224304
1728.039551	-86.386330
1733.422852	-93.529213
1738.806152	-99.059669
1744.189453	-103.505013
1749.572754	-106.954201
1754.956055	-109.020554
1760.339355	-109.106956
1765.722656	-107.296494
1771.105957	-104.269005
1776.489258	-100.432114
1781.872559	-95.791740
1787.255859	-90.077370
1792.639160	-82.655045
1798.022461	-71.892471
1803.405762	-48.748253
1808.789062	-39.593674
1814.172363	-42.813953
1819.555664	-64.617546
1824.938965	-78.362823
1830.322266	-86.950752
1835.705566	-93.308426
1841.088867	-98.379906
1846.472168	-102.606384
1851.855469	-106.230629
1857.238770	-109.405785
1862.622070	-112.228615
1868.005371	-114.770454
1873.388672	-117.086510
1878.771973	-119.178596
1884.155273	-121.143692
1889.538574	-122.941170
1894.921875	-124.606834
1900.305176	-125.524071
1905.688477	-110.911644
1911.071777	-107.450127
1916.455078	-116.072327
1921.838379	-130.923447
1927.221680	-132.501907
1932.604980	-133.554565
1937.988281	-134.503555
1943.371582	-135.378769
1948.754883	-136.167206
1954.138184	-136.803955
1959.521484	-137.490219
1964.904785	-137.992661
1970.288086	-138.534882
1975.671387	-138.863220
1981.054688	-139.225845
1986.437988	-139.541489
1991.821289	-139.752136
1997.204590	-139.850174
2002.587891	-140.020432
2007.971191	-140.072433
2013.354492	-140.090652
2018.737793	-140.178223
2024.121094	-140.071457
2029.504395	-140.089264
2034.887695	-139.936783
2040.270996	-139.944489
2045.654297	-139.803055
2051.037598	-139.646210
2056.420898	-139.518173
2061.804199	-139.342819
2067.187500	-139.193420
2072.570801	-139.025635
2077.954102	-138.827225
2083.337402	-138.643860
2088.720703	-138.435898
2094.104004	-138.213501
2099.487305	-138.004364
2104.870605	-137.781052
2110.253906	-137.519867
2115.637207	-137.309677
2121.020508	-137.129288
2126.403809	-136.822815
2131.787109	-136.563171
2137.170410	-136.271973
2142.553711	-136.053711
2147.937012	-135.765350
2153.320312	-135.510696
2158.703613	-135.219406
2164.086914	-134.943634
2169.470215	-134.662308
2174.853516	-134.368256
2180.236816	-134.057755
2185.620117	-133.779282
2191.003418	-133.448456
2196.386719	-133.153397
2201.770020	-132.845108
2207.153320	-132.521164
2212.536621	-132.205490
2217.919922	-131.870926
2223.303223	-131.535400
2228.686523	-131.193069
2234.069824	-130.884369
2239.453125	-130.509644
2244.836426	-130.175217
2250.219727	-129.805298
2255.603027	-129.428146
2260.986328	-129.031677
2266.369629	-128.724197
2271.752930	-128.322205
2277.136230	-127.947792
2282.519531	-127.556572
2287.902832	-127.143036
2293.286133	-126.771515
2298.669434	-126.374176
2304.052734	-125.919319
2309.436035	-125.511452
2314.819336	-125.080147
2320.202637	-124.642090
2325.585938	-124.198448
2330.969238	-123.745399
2336.352539	-123.291489
2341.735840	-122.818878
2347.119141	-122.335991
2352.502441	-121.857559
2357.885742	-121.361984
2363.269043	-120.861549
2368.652344	-120.343048
2374.035645	-119.821114
2379.418945	-119.287445
2384.802246	-118.744415
2390.185547	-118.180298
2395.568848	-117.615196
2400.952148	-117.028030
2406.335449	-116.432747
2411.718750	-115.822258
2417.102051	-115.199028
2422.485352	-114.559830
2427.868652	-113.903351
2433.251953	-113.233749
2438.635254	-112.540627
2444.018555	-111.832497
2449.401855	-111.105652
2454.785156	-110.356316
2460.168457	-109.583908
2465.551758	-108.795601
2470.935059	-107.972221
2476.318359	-107.125214
2481.701660	-106.250259
2487.084961	-105.346359
2492.468262	-104.409065
2497.851562	-103.437103
2503.234863	-102.428291
2508.618164	-101.378563
2514.001465	-100.283722
2519.384766	-99.140381
2524.768066	-97.933586
2530.151367	-96.427361
2535.534668	-83.802734
2540.917969	-80.071793
2546.301270	-87.113075
2551.684570	-90.970024
2557.067871	-89.347153
2562.451172	-87.591835
2567.834473	-85.708641
2573.217773	-83.678360
2578.601074	-81.475792
2583.984375	-79.069084
2589.367676	-76.415947
2594.750977	-73.459625
2600.134277	-70.120934
2605.517578	-66.284256
2610.900879	-61.770908
2616.284180	-56.281242
2621.667480	-49.246292
2627.050781	-39.320221
2632.434082	-20.829813
2637.817383	-8.697174
2643.200684	-9.793166
2648.583984	-25.904503
2653.967285	-41.533516
2659.350586	-50.723953
2664.733887	-57.396130
2670.117188	-62.664993
2675.500488	-67.028214
2680.883789	-70.755386
2686.267090	-74.010185
2691.650391	-76.899796
2697.033691	-79.498497
2702.416992	-81.859642
2707.800293	-84.023346
2713.183594	-86.020042
2718.566895	-87.874046
2723.950195	-89.603386
2729.333496	-91.221649
2734.716797	-77.578629
2740.100098	-71.903801
2745.483398	-78.116852
2750.866699	-96.846359
2756.250000	-98.091232
2761.633301	-99.271111
2767.016602	-100.399178
2772.399902	-101.480713
2777.783203	-102.517746
2783.166504	-103.515526
2788.549805	-104.476349
2793.933105	-105.402916
2799.316406	-106.297493
2804.699707	-107.161758
2810.083008	-108.004395
2815.466309	-108.811661
2820.849609	-109.595634
2826.232910	-110.359451
2831.616211	-111.100494
2836.999512	-111.813988
2842.382812	-112.516815
2847.766113	-113.204010
2853.149414	-113.868790
2858.532715	-114.515594
2863.916016	-115.148872
2869.299316	-115.764854
2874.682617	-116.371117
2880.065918	-116.958916
2885.449219	-117.537659
2890.832520	-118.099823
2896.215820	-118.648750
2901.599121	-119.198936
2906.982422	-119.715111
2912.365723	-120.240738
2917.749023	-120.746384
2923.132324	-121.246017
2928.515625	-121.736687
2933.898926	-122.214203
2939.282227	-122.687119
2944.665527	-123.139565
2950.048828	-123.610916
2955.432129	-124.049927
2960.815430	-124.492554
2966.198730	-124.921715
2971.582031	-125.354454
2976.965332	-125.751930
2982.348633	-126.189575
2987.731934	-126.611626
2993.115234	-126.967384
2998.498535	-127.371994
3003.881836	-127.753403
3009.265137	-128.134430
3014.648438	-128.529236
3020.031738	-128.868149
3025.415039	-129.249908
3030.798340	-129.614609
3036.181641	-129.964966
3041.564941	-130.316208
3046.948242	-130.673416
3052.331543	-130.988617
3057.714844	-131.333008
3063.098145	-131.669464
3068.481445	-131.990845
3073.864746	-132.345673
3079.248047	-132.654999
3084.631348	-132.953552
3090.014648	-133.266937
3095.397949	-133.578644
3100.781250	-133.869995
3106.164551	-134.181686
3111.547852	-134.473846
3116.931152	-134.781342
3122.314453	-135.027130
3127.697754	-135.356995
3133.081055	-135.622345
3138.464355	-135.903549
3143.847656	-136.188370
3149.230957	-136.462082
3154.614258	-136.745850
3159.997559	-137.018951
3165.380859	-137.286102
3170.764160	-137.491104
3176.147461	-137.784637
3181.530762	-138.036560
3186.914062	-138.296051
3192.297363	-138.505249
3197.680664	-138.776855
3203.063965	-139.023758
3208.447266	-139.247131
3213.830566	-139.493942
3219.213867	-139.687759
3224.597168	-139.912537
3229.980469	-140.148468
3235.363770	-140.316071
3240.747070	-140.550751
3246.130371	-140.715652
3251.513672	-140.798187
3256.896973	-140.992126
3262.280273	-141.244247
3267.663574	-141.394577
3273.046875	-141.502548
3278.430176	-141.612793
3283.813477	-141.668152
3289.196777	-141.707886
3294.580078	-141.593521
3299.963379	-141.555679
3305.346680	-141.542114
3310.729980	-141.336548
3316.113281	-141.086502
3321.496582	-140.714493
3326.879883	-140.432724
3332.263184	-139.708679
3337.646484	-139.208710
3343.029785	-138.451233
3348.413086	-137.676895
3353.796387	-136.726349
3359.179688	-135.728149
3364.562988	-121.334473
3369.946289	-115.337921
3375.329590	-120.932449
3380.712891	-130.578888
3386.096191	-129.036133
3391.479492	-127.345749
3396.862793	-125.535179
3402.246094	-123.556076
3407.629395	-121.426437
3413.012695	-119.075829
3418.395996	-116.487511
3423.779297	-113.603508
3429.162598	-110.348953
3434.545898	-106.624298
3439.929199	-102.256241
3445.312500	-96.979309
3450.695801	-90.292137
3456.079102	-81.070969
3461.462402	-65.335869
3466.845703	-49.435856
3472.229004	-48.439964
3477.612305	-60.730343
3482.995605	-79.059738
3488.378906	-88.948570
3493.762207	-95.957497
3499.145508	-101.389267
3504.528809	-105.693703
3509.912109	-108.804100
3515.295410	-110.175468
3520.678711	-109.445984
3526.062012	-107.139229
3531.445312	-103.908638
3536.828613	-99.978279
3542.211914	-95.265678
3547.595215	-89.461632
3552.978516	-81.890274
3558.361816	-70.795158
3563.745117	-44.958401
3569.128418	-36.732059
3574.511719	-40.713959
3579.895020	-65.561356
3585.278320	-78.767044
3590.661621	-87.161461
3596.044922	-93.414780
3601.428223	-98.418503
3606.811523	-102.597549
3612.194824	-106.187416
3617.578125	-109.333984
3622.961426	-112.135956
3628.344727	-114.660988
3633.728027	-116.946671
3639.111328	-119.064537
3644.494629	-121.012680
3649.877930	-122.815193
3655.261230	-124.440681
3660.644531	-123.972160
3666.027832	-107.657593
3671.411133	-104.912804
3676.794434	-114.532578
3682.177734	-130.335495
3687.561035	-132.566132
3692.944336	-133.824036
3698.327637	-134.912888
3703.710938	-135.925186
3709.094238	-136.901230
3714.477539	-137.797379
3719.860840	-138.640930
3725.244141	-139.425827
3730.627441	-140.201706
3736.010742	-140.898819
3741.394043	-141.550797
3746.777344	-142.164368
3752.160645	-142.689575
3757.543945	-143.157990
3762.927246	-143.590576
3768.310547	-143.858704
3773.693848	-144.242859
3779.077148	-144.520279
3784.460449	-144.674683
3789.843750	-144.858383
3795.227051	-144.943680
3800.610352	-145.054062
3805.993652	-145.100952
3811.376953	-144.959793
3816.760254	-145.016571
3822.143555	-144.931137
3827.526855	-144.824387
3832.910156	-144.712296
3838.293457	-144.577759
3843.676758	-144.427139
3849.060059	-144.199677
3854.443359	-144.065491
3859.826660	-143.870544
3865.209961	-143.683197
3870.593262	-143.373611
3875.976562	-143.165604
3881.359863	-142.992279
3886.743164	-142.706589
3892.126465	-142.462860
3897.509766	-142.149643
3902.893066	-141.970703
3908.276367	-141.653793
3913.659668	-141.421143
3919.042969	-141.083267
3924.426270	-140.828018
3929.809570	-140.557831
3935.192871	-140.219391
3940.576172	-139.921387
3945.959473	-139.542160
3951.342773	-139.334320
3956.726074	-139.011093
3962.109375	-138.698578
3967.492676	-138.380753
3972.875977	-138.063187
3978.259277	-137.706055
3983.642578	-137.356339
3989.025879	-137.025208
3994.409180	-136.729904
3999.792480	-136.338272
4005.175781	-136.003265
4010.559082	-135.638306
4015.942383	-135.260925
4021.325684	-134.894531
4026.708984	-134.549423
4032.092285	-134.129211
4037.475586	-133.763611
4042.858887	-133.368790
4048.242188	-132.951050
4053.625488	-132.616119
4059.008789	-132.141022
4064.392090	-131.735886
4069.775391	-131.293411
4075.158691	-130.867249
4080.541992	-130.435852
4085.925293	-129.990860
4091.308594	-129.526962
4096.691895	-129.070572
4102.075195	-128.597885
4107.458496	-128.116882
4112.841797	-127.622536
4118.225098	-127.134193
4123.608398	-126.634277
4128.991699	-126.109283
4134.375000	-125.581566
4139.758301	-125.050507
4145.141602	-124.505623
4150.524902	-123.937401
4155.908203	-123.361969
4161.291504	-122.784340
4166.674805	-122.185371
4172.058105	-121.571945
4177.441406	-120.947754
4182.824707	-120.302071
4188.208008	-119.643211
4193.591309	-118.970741
4198.974609	-118.273514
4204.357910	-117.566559
4209.741211	-116.837013
4215.124512	-116.082664
4220.507812	-115.307877
4225.891113	-114.510414
4231.274414	-113.690140
4236.657715	-112.839630
4242.041016	-111.959984
4247.424316	-111.053261
4252.807617	-110.114029
4258.190918	-109.136848
4263.574219	-108.121994
4268.957520	-107.068771
4274.340820	-105.968658
4279.724121	-104.813210
4285.107422	-103.559433
4290.490723	-101.259850
4295.874023	-86.078453
4301.257324	-83.015472
4306.640625	-91.367218
4312.023926	-96.575859
4317.407227	-94.981239
4322.790527	-93.219574
4328.173828	-91.326218
4333.557129	-89.284470
4338.940430	-87.068443
4344.323730	-84.645905
4349.707031	-81.973999
4355.090332	-78.994675
4360.473633	-75.626930
4365.856934	-71.752151
4371.240234	-67.186325
4376.623535	-61.618713
4382.006836	-54.453411
4387.390137	-44.252319
4392.773438	-24.453955
4398.156738	-13.426407
4403.540039	-15.257393
4408.923340	-33.042923
4414.306641	-47.945789
4419.689941	-56.916229
4425.073242	-63.475655
4430.456543	-68.674606
4435.839844	-72.989685
4441.223145	-76.681450
4446.606445	-79.908989
4451.989746	-82.776787
4457.373047	-85.357376
4462.756348	-87.703506
4468.139648	-89.854256
4473.522949	-91.839287
4478.906250	-93.680748
4484.289551	-95.378014
4489.672852	-96.400375
4495.056152	-74.209152
4500.439453	-69.244690
4505.822754	-76.340790
4511.206055	-101.515961
4516.589355	-103.742142
4521.972656	-105.004250
4527.355957	-106.144516
4532.739258	-107.226631
4538.122559	-108.261070
4543.505859	-109.255043
4548.889160	-110.213249
4554.272461	-111.136124
4559.655762	-112.027077
4565.039062	-112.888000
4570.422363	-113.721489
4575.805664	-114.531456
4581.188965	-115.314705
4586.572266	-116.073257
4591.955566	-116.812294
4597.338867	-117.491127
4602.722168	-118.190109
4608.105469	-118.904877
4613.488770	-119.568977
4618.872070	-120.215630
4624.255371	-120.843994
4629.638672	-121.448761
4635.021973	-122.073082
4640.405273	-122.647621
4645.788574	-123.221588
4651.171875	-123.781281
4656.555176	-124.332207
4661.938477	-124.874832
4667.321777	-125.384529
4672.705078	-125.918633
4678.088379	-126.423576
4683.471680	-126.916008
4688.854980	-127.406044
4694.238281	-127.875969
4699.621582	-128.348923
4705.004883	-128.804611
4710.388184	-129.276993
4715.771484	-129.701279
4721.154785	-130.146393
4726.538086	-130.574875
4731.921387	-130.999680
4737.304688	-131.409897
4742.687988	-131.881729
4748.071289	-132.210739
4753.454590	-132.621399
4758.837891	-133.019302
4764.221191	-133.397171
4769.604492	-133.769669
4774.987793	-134.156891
4780.371094	-134.518021
4785.754395	-134.882126
4791.137695	-135.232529
4796.520996	-135.602585
4801.904297	-135.925446
4807.287598	-136.294754
4812.670898	-136.613708
4818.054199	-136.965683
4823.437500	-137.287506
4828.820801	-137.599396
4834.204102	-137.952698
4839.587402	-138.227020
4844.970703	-138.552383
4850.354004	-138.844498
4855.737305	-139.187500
4861.120605	-139.488739
4866.503906	-139.756241
4871.887207	-140.070328
4877.270508	-140.381790
4882.653809	-140.637436
4888.037109	-140.930954
4893.420410	-141.209671
4898.803711	-141.498123
4904.187012	-141.766281
4909.570312	-142.018646
4914.953613	-142.273972
4920.336914	-142.602188
4925.720215	-142.795456
4931.103516	-143.055298
4936.486816	-143.296738
4941.870117	-143.583893
4947.253418	-143.804871
4952.636719	-144.027420
4958.020020	-144.278778
4963.403320	-144.538696
4968.786621	-144.694244
4974.169922	-144.871964
4979.553223	-145.167145
4984.936523	-145.380814
4990.319824	-145.581314
4995.703125	-145.708359
5001.086426	-145.935455
5006.469727	-145.931000
5011.853027	-145.528915
5017.236328	-145.779388
5022.619629	-146.393585
5028.002930	-146.426819
5033.386230	-146.488022
5038.769531	-146.444489
5044.152832	-146.451508
5049.536133	-146.310669
5054.919434	-146.147079
5060.302734	-145.901382
5065.686035	-145.660919
5071.069336	-145.309052
5076.452637	-144.821106
5081.835938	-144.343735
5087.219238	-143.752106
5092.602539	-142.982605
5097.985840	-142.244919
5103.369141	-141.395523
5108.752441	-140.436798
5114.135742	-139.422287
5119.519043	-138.255005
5124.902344	-123.293098
5130.285645	-118.080772
5135.668945	-124.402344
5141.052246	-132.935989
5146.435547	-131.402969
5151.818848	-129.700241
5157.202148	-127.860596
5162.585449	-125.863998
5167.968750	-123.711777
5173.352051	-121.354027
5178.735352	-118.745728
5184.118652	-115.840294
5189.501953	-112.557999
5194.885254	-108.797325
5200.268555	-104.382271
5205.651855	-99.032440
5211.035156	-92.228592
5216.418457	-82.774117
5221.801758	-66.202591
5227.185059	-51.746277
5232.568359	-51.481144
5237.951660	-64.983002
5243.334961	-82.238525
5248.718262	-91.869713
5254.101562	-98.749771
5259.484863	-104.089912
5264.868164	-108.269493
5270.251465	-111.121269
5275.634766	-112.056229
5281.018066	-110.923523
5286.401367	-108.405785
5291.784668	-105.076660
5297.167969	-101.080063
5302.551270	-96.299927
5307.934570	-90.399673
5313.317871	-82.668968
5318.701172	-71.213005
5324.084473	-41.249794
5329.467773	-33.909851
5334.851074	-38.668736
5340.234375	-67.974251
5345.617676	-80.682785
5351.000977	-88.888000
5356.384277	-95.034767
5361.767578	-99.969612
5367.150879	-104.095856
5372.534180	-107.645882
5377.917480	-110.758812
5383.300781	-113.535011
5388.684082	-116.038589
5394.067383	-118.315575
5399.450684	-120.389236
5404.833984	-122.329285
5410.217285	-124.108696
5415.600586	-125.517731
5420.983887	-121.465355
5426.367188	-104.434402
5431.750488	-102.412926
5437.133789	-113.090355
5442.517090	-130.052155
5447.900391	-133.541031
5453.283691	-135.008926
5458.666992	-136.153076
5464.050293	-137.209473
5469.433594	-138.220078
5474.816895	-139.166687
5480.200195	-140.030838
5485.583496	-140.865631
5490.966797	-141.670105
5496.350098	-142.478683
5501.733398	-143.226837
5507.116699	-143.931229
5512.500000	-144.581070
5517.883301	-145.168961
5523.266602	-145.724823
5528.649902	-146.162582
5534.033203	-146.627090
5539.416504	-147.181091
5544.799805	-147.546814
5550.183105	-147.867905
5555.566406	-148.163849
5560.949707	-148.413284
5566.333008	-148.574646
5571.716309	-148.718750
5577.099609	-148.857895
5582.482910	-148.930389
5587.866211	-148.957352
5593.249512	-148.982727
5598.632812	-148.938828
5604.016113	-148.831787
5609.399414	-148.768814
5614.782715	-148.677948
5620.166016	-148.570740
5625.549316	-148.419266
5630.932617	-148.150665
5636.315918	-148.011139
5641.699219	-147.791870
5647.082520	-147.529160
5652.465820	-147.350800
5657.849121	-147.077271
5663.232422	-146.843048
5668.615723	-146.433777
5673.999023	-146.357773
5679.382324	-146.036896
5684.765625	-145.790100
5690.148926	-145.518631
5695.532227	-145.188751
5700.915527	-144.856247
5706.298828	-144.506653
5711.682129	-144.279480
5717.065430	-144.043350
5722.448730	-143.711426
5727.832031	-143.430893
5733.215332	-143.101089
5738.598633	-142.720520
5743.981934	-142.395111
5749.365234	-142.042587
5754.748535	-141.721375
5760.131836	-141.346680
5765.515137	-141.031616
5770.898438	-140.660614
5776.281738	-140.261993
5781.665039	-139.851730
5787.048340	-139.547516
5792.431641	-139.125854
5797.814941	-138.757645
5803.198242	-138.384430
5808.581543	-137.998886
5813.964844	-137.581497
5819.348145	-137.117218
5824.731445	-136.721222
5830.114746	-136.297913
5835.498047	-135.865189
5840.881348	-135.431931
5846.264648	-134.979218
5851.647949	-134.522934
5857.031250	-134.049408
5862.414551	-133.595825
5867.797852	-133.098022
5873.181152	-132.622192
5878.564453	-132.112473
5883.947754	-131.608994
5889.331055	-131.082886
5894.714355	-130.562744
5900.097656	-130.020401
5905.480957	-129.460632
5910.864258	-128.897552
5916.247559	-128.338791
5921.630859	-127.730743
5927.014160	-127.138550
5932.397461	-126.518394
5937.780762	-125.889900
5943.164062	-125.247299
5948.547363	-124.585693
5953.930664	-123.907906
5959.313965	-123.206871
5964.697266	-122.493195
5970.080566	-121.761993
5975.463867	-121.006493
5980.847168	-120.229073
5986.230469	-119.427055
5991.613770	-118.600960
5996.997070	-117.746964
6002.380371	-116.867447
6007.763672	-115.954865
6013.146973	-115.010498
6018.530273	-114.028450
6023.913574	-113.011681
6029.296875	-111.949837
6034.680176	-110.841354
6040.063477	-109.667816
6045.446777	-108.312263
6050.830078	-104.397942
6056.213379	-88.302437
6061.596680	-85.955299
6066.979980	-95.442245
6072.363281	-101.355064
6077.746582	-99.803528
6083.129883	-98.035545
6088.513184	-96.132233
6093.896484	-94.078323
6099.279785	-91.848473
6104.663086	-89.409889
6110.046387	-86.718437
6115.429688	-83.715347
6120.812988	-80.317680
6126.196289	-76.403778
6131.579590	-71.783829
6136.962891	-66.135666
6142.346191	-58.834549
6147.729492	-48.340717
6153.112793	-26.937172
6158.496094	-16.940926
6163.879395	-19.513491
6169.262695	-39.266941
6174.645996	-53.520973
6180.029297	-62.282017
6185.412598	-68.732124
6190.795898	-73.862579
6196.179199	-78.130188
6201.562500	-81.786797
6206.945801	-84.986977
6212.329102	-87.832893
6217.712402	-90.395531
6223.095703	-92.725670
6228.479004	-94.862030
6233.862305	-96.829460
6239.245605	-98.619743
6244.628906	-99.899811
6250.012207	-95.546814
6255.395508	-70.802452
6260.778809	-66.610580
6266.162109	-74.589447
6271.545410	-100.439758
6276.928711	-107.280289
6282.312012	-109.573036
6287.695312	-110.947243
6293.078613	-112.095428
6298.461914	-113.153885
6303.845215	-114.154305
6309.228516	-115.113297
6314.611816	-116.036346
6319.995117	-116.927444
6325.378418	-117.784531
6330.761719	-118.616806
6336.145020	-119.417610
6341.528320	-120.201424
6346.911621	-120.956520
6352.294922	-121.684509
6357.678223	-122.191544
6363.061523	-122.907372
6368.444824	-123.775299
6373.828125	-124.440636
6379.211426	-125.081764
6384.594727	-125.702721
6389.978027	-126.365608
6395.361328	-126.888298
6400.744629	-127.494659
6406.127930	-128.080719
6411.511230	-128.634644
6416.894531	-129.180222
6422.277832	-129.719589
6427.661133	-130.243622
6433.044434	-130.763092
6438.427734	-131.255981
6443.811035	-131.754959
6449.194336	-132.238098
6454.577637	-132.713226
6459.960938	-133.178574
6465.344238	-133.640411
6470.727539	-134.081161
6476.110840	-134.523560
6481.494141	-134.938904
6486.877441	-135.392471
6492.260742	-135.822021
6497.644043	-136.235672
6503.027344	-136.651062
6508.410645	-137.018494
6513.793945	-137.415665
6519.177246	-137.794449
6524.560547	-138.204376
6529.943848	-138.630188
6535.327148	-138.966522
6540.710449	-139.302902
6546.093750	-139.658997
6551.477051	-140.024353
6556.860352	-140.402664
6562.243652	-140.688049
6567.626953	-141.040253
6573.010254	-141.385300
6578.393555	-141.726425
6583.776855	-142.069534
6589.160156	-142.393509
6594.543457	-142.722000
6599.926758	-143.007706
6605.310059	-143.309372
6610.693359	-143.628555
6616.076660	-143.906876
6621.459961	-144.103668
6626.843262	-144.496368
6632.226562	-144.829681
6637.609863	-145.114746
6642.993164	-145.401215
6648.376465	-145.751953
6653.759766	-145.920410
6659.143066	-146.241974
6664.526367	-146.543259
6669.909668	-146.807587
6675.292969	-147.017441
6680.676270	-147.274963
6686.059570	-147.574036
6691.442871	-147.709152
6696.826172	-147.727417
6702.209473	-147.797226
6707.592773	-148.494980
6712.976074	-148.742523
6718.359375	-148.984894
6723.742676	-149.214478
6729.125977	-149.402725
6734.509277	-149.208755
6739.892578	-149.282135
6745.275879	-149.907623
6750.659180	-150.240204
6756.042480	-150.318741
6761.425781	-150.506683
6766.809082	-150.611023
6772.192383	-150.528900
6777.575684	-150.588303
6782.958984	-150.845688
6788.342285	-150.770691
6793.725586	-150.880508
6799.108887	-150.745529
6804.492188	-150.638672
6809.875488	-150.418243
6815.258789	-150.294113
6820.642090	-149.913818
6826.025391	-149.553940
6831.408691	-149.069962
6836.791992	-148.501160
6842.175293	-147.869308
6847.558594	-147.142899
6852.941895	-146.374283
6858.325195	-145.497528
6863.708496	-144.510239
6869.091797	-143.508926
6874.475098	-142.397186
6879.858398	-141.060364
6885.241699	-125.320206
6890.625000	-120.859764
6896.008301	-127.958221
6901.391602	-135.762360
6906.774902	-134.169144
6912.158203	-132.422073
6917.541504	-130.568573
6922.924805	-128.574890
6928.308105	-126.380371
6933.691406	-123.998405
6939.074707	-121.362129
6944.458008	-118.429619
6949.841309	-115.122406
6955.224609	-111.315727
6960.607910	-106.849236
6965.991211	-101.425995
6971.374512	-94.499565
6976.757812	-84.798157
6982.141113	-67.265938
6987.524414	-54.106060
6992.907715	-54.570755
6998.291016	-69.405411
7003.674316	-85.737206
7009.057617	-95.126373
7014.440918	-101.893845
7019.824219	-107.193329
7025.207520	-111.466087
7030.590820	-114.741127
7035.974121	-116.555344
7041.357422	-116.323395
7046.740723	-114.243034
7052.124023	-111.011047
7057.507324	-106.980888
7062.890625	-102.114662
7068.273926	-96.088417
7073.657227	-88.162010
7079.040527	-76.288200
7084.423828	-37.610435
7089.807129	-31.122164
7095.190430	-36.677090
7100.573730	-74.910881
7105.957031	-87.133659
7111.340332	-95.129814
7116.723633	-101.144928
7122.106934	-105.983208
7127.490234	-110.031898
7132.873535	-113.512489
7138.256836	-116.570435
7143.640137	-119.287086
7149.023438	-121.737518
7154.406738	-123.963348
7159.790039	-126.003288
7165.173340	-127.861107
7170.556641	-129.430740
7175.939941	-129.149719
7181.323242	-117.670235
7186.706543	-101.250031
7192.089844	-99.955528
7197.473145	-111.764061
7202.856445	-129.873413
7208.239746	-136.832306
7213.623047	-139.566299
7219.006348	-141.056030
7224.389648	-142.237167
7229.772949	-143.256989
7235.156250	-144.142761
7240.539551	-145.102997
7245.922852	-145.871887
7251.306152	-146.587662
7256.689453	-147.392838
7262.072754	-148.097107
7267.456055	-148.805191
7272.839355	-149.392090
7278.222656	-149.958481
7283.605957	-150.603271
7288.989258	-150.909882
7294.372559	-151.380859
7299.755859	-151.798325
7305.139160	-152.284058
7310.522461	-152.669312
7315.905762	-152.978317
7321.289062	-153.214203
7326.672363	-153.517166
7332.055664	-153.526321
7337.438965	-153.622696
7342.822266	-153.651764
7348.205566	-153.845612
7353.588867	-153.885483
7358.972168	-153.916290
7364.355469	-153.755005
7369.738770	-153.760239
7375.122070	-153.662292
7380.505371	-153.361847
7385.888672	-150.368423
7391.271973	-150.233841
7396.655273	-152.859940
7402.038574	-152.880569
7407.421875	-152.660614
7412.805176	-152.487106
7418.188477	-152.151169
7423.571777	-151.605881
7428.955078	-151.259033
7434.338379	-151.411285
7439.721680	-151.261459
7445.104980	-151.017136
7450.488281	-150.699982
7455.871582	-150.436905
7461.254883	-149.968689
7466.638184	-149.710556
7472.021484	-149.429001
7477.404785	-149.224228
7482.788086	-148.894257
7488.171387	-148.625275
7493.554688	-148.275894
7498.937988	-147.831421
7504.321289	-147.541901
7509.704590	-147.147247
7515.087891	-146.919891
7520.471191	-146.506073
7525.854492	-146.179321
7531.237793	-145.794052
7536.621094	-145.404099
7542.004395	-145.049149
7547.387695	-144.684174
7552.770996	-144.269302
7558.154297	-143.860504
7563.537598	-143.488556
7568.920898	-143.106354
7574.304199	-142.698700
7579.687500	-142.288803
7585.070801	-141.853241
7590.454102	-141.441940
7595.837402	-140.994827
7601.220703	-140.549408
7606.604004	-140.107040
7611.987305	-139.628555
7617.370605	-139.172928
7622.753906	-138.686203
7628.137207	-138.192734
7633.520508	-137.705933
7638.903809	-137.204224
7644.287109	-136.700699
7649.670410	-136.179520
7655.053711	-135.640564
7660.437012	-135.093521
7665.820312	-134.529388
7671.203613	-133.978439
7676.586914	-133.397308
7681.970215	-132.803741
7687.353516	-132.186920
7692.736816	-131.577362
7698.120117	-130.947510
7703.503418	-130.294861
7708.886719	-129.628952
7714.270020	-128.947662
7719.653320	-128.243546
7725.036621	-127.525620
7730.419922	-126.797150
7735.803223	-126.027199
7741.186523	-125.249268
7746.569824	-124.446678
7751.953125	-123.616013
7757.336426	-122.754753
7762.719727	-121.870819
7768.103027	-120.954544
7773.486328	-120.004410
7778.869629	-119.013458
7784.252930	-117.993134
7789.636230	-116.923798
7795.019531	-115.801331
7800.402832	-114.590279
7805.786133	-113.004234
7811.169434	-106.535522
7816.552734	-90.552315
7821.936035	-88.929947
7827.319336	-99.594162
7832.702637	-106.192123
7838.085938	-104.708321
7843.469238	-102.935867
7848.852539	-101.021835
7854.235840	-98.955269
7859.619141	-96.710312
7865.002441	-94.254700
7870.385742	-91.542564
7875.769043	-88.514771
7881.152344	-85.085861
7886.535645	-81.131310
7891.918945	-76.455246
7897.302246	-70.723389
7902.685547	-63.280277
7908.068848	-52.473679
7913.452148	-29.012644
7918.835449	-19.987707
7924.218750	-23.311316
7929.602051	-45.480324
7934.985352	-59.148991
7940.368652	-67.710022
7945.751953	-74.053703
7951.135254	-79.116547
7956.518555	-83.336922
7961.901855	-86.958252
7967.285156	-90.130692
7972.668457	-92.953766
7978.051758	-95.497078
7983.435059	-97.807938
7988.818359	-99.916222
7994.201660	-101.800110
7999.584961	-103.126671
8004.968262	-101.385979
8010.351562	-89.905083
8015.734863	-67.445816
8021.118164	-64.018524
8026.501465	-72.914650
8031.884766	-96.599510
8037.268066	-106.639809
8042.651367	-111.989922
8048.034668	-114.808502
8053.417969	-116.544449
8058.801270	-117.847664
8064.184570	-118.962242
8069.567871	-119.980408
8074.951172	-120.933884
8080.334473	-121.834747
8085.717773	-122.700157
8091.101074	-123.538940
8096.484375	-124.341484
8101.867676	-125.124054
8107.250977	-125.879906
8112.634277	-126.540604
8118.017578	-126.157875
8123.400879	-127.060333
8128.784180	-128.667542
8134.167480	-129.346634
8139.550781	-129.985184
8144.934082	-130.623138
8150.317383	-131.195663
8155.700684	-131.805176
8161.083984	-132.388580
8166.467285	-132.982071
8171.850586	-133.526260
8177.233887	-134.063751
8182.617188	-134.597519
8188.000488	-135.120590
8193.383789	-135.643112
8198.767090	-136.136703
8204.150391	-136.620514
8209.533691	-137.099930
8214.916992	-137.572708
8220.300293	-138.052246
8225.683594	-138.493271
8231.066895	-138.921387
8236.450195	-139.373734
8241.833496	-139.806549
8247.216797	-140.184525
8252.600098	-140.589813
8257.983398	-141.082703
8263.366699	-141.474335
8268.750000	-141.860214
8274.133301	-142.240204
8279.516602	-142.637268
8284.899902	-143.019165
8290.283203	-143.423233
8295.666504	-143.735794
8301.049805	-144.146927
8306.433105	-144.457581
8311.816406	-144.822891
8317.199707	-145.207306
8322.583008	-145.500214
8327.966309	-145.860703
8333.349609	-146.139359
8338.732910	-146.533173
8344.116211	-146.833847
8349.499512	-147.131348
8354.882812	-147.469513
8360.266113	-147.783249
8365.649414	-148.099213
8371.032715	-148.400940
8376.416016	-148.611252
8381.799316	-148.148209
8387.182617	-147.874207
8392.565918	-149.501602
8397.949219	-149.859009
8403.332520	-150.133377
8408.715820	-150.387589
8414.099121	-150.584427
8419.482422	-150.727264
8424.865723	-150.949188
8430.249023	-151.420624
8435.632324	-151.655060
8441.015625	-151.974899
8446.398926	-152.141953
8451.782227	-152.284103
8457.165527	-151.730682
8462.548828	-151.854874
8467.932129	-152.969116
8473.315430	-153.168945
8478.698730	-153.349518
8484.082031	-153.594391
8489.465332	-153.720001
8494.848633	-153.781540
8500.231934	-153.885513
8505.615234	-154.087021
8510.998535	-154.177582
8516.381836	-154.333725
8521.765137	-154.372421
8527.148438	-154.396271
8532.531738	-154.108353
8537.915039	-154.274887
8543.298340	-154.214066
8548.681641	-153.996811
8554.064941	-154.038605
8559.448242	-153.955460
8564.831543	-153.552002
8570.214844	-153.185562
8575.598145	-152.963303
8580.981445	-152.479309
8586.364746	-152.033524
8591.748047	-151.604660
8597.131348	-150.786377
8602.514648	-150.251404
8607.897949	-149.546112
8613.281250	-148.748138
8618.664551	-147.889160
8624.047852	-146.994507
8629.431152	-145.977219
8634.814453	-144.921555
8640.197754	-143.162094
8645.581055	-127.387611
8650.964355	-123.672150
8656.347656	-131.561462
8661.730957	-138.511505
8667.114258	-136.978256
8672.497559	-135.309952
8677.880859	-133.455948
8683.264160	-131.475555
8688.647461	-129.304901
8694.030762	-126.919640
8699.414062	-124.292152
8704.797363	-121.340508
8710.180664	-118.011032
8715.563965	-114.175117
8720.947266	-109.657677
8726.330566	-104.160698
8731.713867	-97.108582
8737.097168	-87.146027
8742.480469	-68.490753
8747.863770	-56.514122
8753.247070	-57.710297
8758.630371	-74.036736
8764.013672	-89.560646
8769.396973	-98.717148
8774.780273	-105.347778
8780.163574	-110.490562
8785.546875	-114.401611
8790.930176	-116.760086
8796.313477	-117.052292
8801.696777	-115.515182
8807.080078	-112.869476
8812.463379	-109.520470
8817.846680	-105.524956
8823.229980	-100.722534
8828.613281	-94.738335
8833.996582	-86.783638
8839.379883	-74.637383
8844.763184	-34.025814
8850.146484	-28.360369
8855.529785	-34.734585
8860.913086	-75.815285
8866.296387	-87.762695
8871.679688	-95.731834
8877.062988	-101.793617
8882.446289	-106.712822
8887.829590	-110.858475
8893.212891	-114.448952
8898.596191	-117.621414
8903.979492	-120.467667
8909.362793	-123.040970
8914.746094	-125.397057
8920.129395	-127.546005
8925.512695	-129.474792
8930.895996	-130.718048
8936.279297	-127.854469
8941.662598	-113.107300
8947.045898	-98.108574
8952.429199	-97.543724
8957.812500	-110.532768
8963.195801	-127.978035
8968.579102	-136.524963
8973.962402	-141.068924
8979.345703	-143.505127
8984.729004	-145.186813
8990.112305	-146.432800
8995.495605	-147.684769
9000.878906	-148.662933
9006.262207	-149.758698
9011.645508	-150.573914
9017.028809	-151.557983
9022.412109	-152.178192
9027.795410	-153.176575
9033.178711	-154.042786
9038.562012	-154.825226
9043.945312	-155.487656
9049.328613	-155.919205
9054.711914	-156.603302
9060.095215	-156.947113
9065.478516	-157.526474
9070.861816	-158.105896
9076.245117	-158.447983
9081.628418	-158.900162
9087.011719	-159.345490
9092.395020	-159.771652
9097.778320	-159.850677
9103.161621	-159.534912
9108.544922	-158.132416
9113.928223	-158.125488
9119.311523	-159.912811
9124.694824	-160.163818
9130.078125	-159.841156
9135.461426	-159.716858
9140.844727	-158.765335
9146.228027	-151.117783
9151.611328	-151.307281
9156.994629	-158.022614
9162.377930	-159.062286
9167.761230	-158.780243
9173.144531	-158.517456
9178.527832	-158.273743
9183.911133	-157.994278
9189.294434	-157.688370
9194.677734	-157.442123
9200.061035	-157.247513
9205.444336	-157.028854
9210.827637	-156.684952
9216.210938	-156.414856
9221.594238	-155.986725
9226.977539	-155.551529
9232.360840	-155.194290
9237.744141	-155.052307
9243.127441	-154.674011
9248.510742	-154.588776
9253.894043	-154.203003
9259.277344	-153.822433
9264.660645	-153.512054
9270.043945	-153.165039
9275.427246	-152.831955
9280.810547	-152.233414
9286.193848	-152.160889
9291.577148	-151.739120
9296.960449	-151.380844
9302.343750	-150.987701
9307.727051	-150.571213
9313.110352	-150.216507
9318.493652	-149.817825
9323.876953	-149.256485
9329.260254	-148.995377
9334.643555	-148.682800
9340.026855	-148.259277
9345.410156	-147.750809
9350.793457	-147.281967
9356.176758	-146.903198
9361.560059	-146.401733
9366.943359	-145.895187
9372.326660	-145.506607
9377.709961	-145.022141
9383.093262	-144.550476
9388.476562	-144.043045
9393.859863	-143.559250
9399.243164	-143.077835
9404.626465	-142.512863
9410.009766	-141.997513
9415.393066	-141.478256
9420.776367	-140.938019
9426.159668	-140.385376
9431.542969	-139.776276
9436.926270	-139.183273
9442.309570	-138.601456
9447.692871	-137.977951
9453.076172	-137.299744
9458.459473	-136.709595
9463.842773	-136.067520
9469.226074	-135.398163
9474.609375	-134.722565
9479.992676	-133.991898
9485.375977	-133.278397
9490.759277	-132.513931
9496.142578	-131.765518
9501.525879	-130.969559
9506.909180	-130.164536
9512.292480	-129.333008
9517.675781	-128.476166
9523.059082	-127.580330
9528.442383	-126.653313
9533.825684	-125.695473
9539.208984	-124.704163
9544.592285	-123.666977
9549.975586	-122.588226
9555.358887	-121.437675
9560.742188	-120.132530
9566.125488	-117.990585
9571.508789	-108.075699
9576.892090	-92.839828
9582.275391	-91.945160
9587.658691	-103.909103
9593.041992	-111.628357
9598.425293	-110.287483
9603.808594	-108.513634
9609.191895	-106.587227
9614.575195	-104.506493
9619.958496	-102.244621
9625.341797	-99.768944
9630.725098	-97.035271
9636.108398	-93.980240
9641.491699	-90.517883
9646.875000	-86.519859
9652.258301	-81.784752
9657.641602	-75.964874
9663.024902	-68.372215
9668.408203	-57.229610
9673.791504	-30.940020
9679.174805	-22.837130
9684.558105	-26.924253
9689.941406	-52.271515
9695.324707	-65.407059
9700.708008	-73.775642
9706.091309	-80.014435
9711.474609	-85.009804
9716.857910	-89.181793
9722.241211	-92.766388
9727.624512	-95.909409
9733.007812	-98.706161
9738.391113	-101.219757
9743.774414	-103.478828
9749.157715	-105.423691
9754.541016	-106.593521
9759.924316	-105.076324
9765.307617	-98.136734
9770.690918	-84.191238
9776.074219	-64.145836
9781.457520	-61.471119
9786.840820	-71.331421
9792.224121	-92.973015
9797.607422	-103.414139
9802.990723	-110.411400
9808.374023	-115.354958
9813.757324	-118.852608
9819.140625	-121.347900
9824.523926	-123.192474
9829.907227	-124.651199
9835.290527	-125.868462
9840.673828	-126.936394
9846.057129	-127.933067
9851.440430	-128.826782
9856.823730	-129.687180
9862.207031	-130.497498
9867.590332	-131.273834
9872.973633	-131.400940
9878.356934	-127.827049
9883.740234	-129.548645
9889.123535	-134.046646
9894.506836	-134.789062
9899.890137	-135.438370
9905.273438	-136.060867
9910.656738	-136.607010
9916.040039	-137.275803
9921.423340	-137.807007
9926.806641	-138.406631
9932.189941	-138.944153
9937.573242	-139.486862
9942.956543	-140.029846
9948.339844	-140.548553
9953.723145	-141.022964
9959.106445	-141.567627
9964.489746	-142.010422
9969.873047	-142.527924
9975.256348	-143.011948
9980.639648	-143.416962
9986.022949	-143.891754
9991.406250	-144.327576
9996.789551	-144.735565
10002.172852	-145.179642
10007.556152	-145.580002
10012.939453	-146.001144
10018.322754	-146.410309
10023.706055	-146.871323
10029.089355	-147.187073
10034.472656	-147.562515
10039.855957	-147.939590
10045.239258	-148.320908
10050.622559	-148.603989
10056.005859	-148.955261
10061.389160	-149.224854
10066.772461	-149.680283
10072.155762	-150.047958
10077.539062	-150.307297
10082.922363	-150.555756
10088.305664	-150.973816
10093.688965	-151.103378
10099.072266	-151.495270
10104.455566	-151.697266
10109.838867	-152.054703
10115.222168	-152.321518
10120.605469	-152.548416
10125.988770	-152.768951
10131.372070	-152.978729
10136.755371	-152.269882
10142.138672	-143.550552
10147.521973	-142.717468
10152.905273	-152.375458
10158.288574	-153.816666
10163.671875	-154.122681
10169.055176	-154.246475
10174.438477	-154.242340
10179.821777	-153.460861
10185.205078	-153.653488
10190.588379	-154.421555
10195.971680	-154.349014
10201.354980	-154.512894
10206.738281	-154.447784
10212.121582	-154.437881
10217.504883	-154.148254
10222.888184	-153.871964
10228.271484	-154.100372
10233.654785	-153.849396
10239.038086	-153.738724
10244.421387	-153.682983
10249.804688	-153.281006
10255.187988	-153.093842
10260.571289	-152.829727
10265.954590	-152.454742
10271.337891	-152.152985
10276.721191	-151.885223
10282.104492	-151.611038
10287.487793	-151.261139
10292.871094	-150.947113
10298.254395	-150.526962
10303.637695	-150.161667
10309.020996	-149.715012
10314.404297	-149.255524
10319.787598	-148.730865
10325.170898	-148.468063
10330.554199	-148.027985
10335.937500	-147.471924
10341.320801	-147.030334
10346.704102	-146.501663
10352.087402	-145.923782
10357.470703	-145.349045
10362.854004	-144.878983
10368.237305	-144.294846
10373.620605	-143.625580
10379.003906	-143.053452
10384.387207	-142.420197
10389.770508	-141.745407
10395.153809	-141.031158
10400.537109	-139.939209
10405.920410	-129.228363
10411.303711	-126.364868
10416.687012	-133.850983
10422.070312	-136.879776
10427.453613	-135.901733
10432.836914	-134.772079
10438.220215	-133.524582
10443.603516	-132.117096
10448.986816	-130.518326
10454.370117	-128.653290
10459.753418	-126.481979
10465.136719	-123.916321
10470.520020	-120.843414
10475.903320	-117.185020
10481.286621	-112.747162
10486.669922	-107.236351
10492.053223	-100.080559
10497.436523	-89.849121
10502.819824	-69.852058
10508.203125	-58.969440
10513.586426	-60.901379
10518.969727	-78.935402
10524.353027	-93.729286
10529.736328	-102.509071
10535.119629	-108.158669
10540.502930	-110.557510
10545.886230	-110.133118
10551.269531	-108.336121
10556.652832	-105.966316
10562.036133	-103.230019
10567.419434	-100.131088
10572.802734	-96.590424
10578.186035	-92.471863
10583.569336	-87.548157
10588.952637	-81.416489
10594.335938	-73.237267
10599.719238	-60.594376
10605.102539	-30.475122
10610.485840	-25.608637
10615.869141	-32.830265
10621.252441	-63.565491
10626.635742	-75.073723
10632.019043	-82.827911
10637.402344	-88.744080
10642.785645	-93.545502
10648.168945	-97.593407
10653.552246	-101.095360
10658.935547	-104.184067
10664.318848	-106.946838
10669.702148	-109.446625
10675.085449	-111.731171
10680.468750	-113.835144
10685.852051	-115.773132
10691.235352	-117.525497
10696.618652	-118.420601
10702.001953	-108.427750
10707.385254	-95.005188
10712.768555	-95.170410
10718.151855	-109.338158
10723.535156	-123.318016
10728.918457	-127.077950
10734.301758	-128.717621
10739.685059	-129.964020
10745.068359	-131.087631
10750.451660	-132.141129
10755.834961	-133.149979
10761.218262	-134.129150
10766.601562	-135.075577
10771.984863	-135.966812
10777.368164	-136.855927
10782.751465	-137.672729
10788.134766	-138.550888
10793.518066	-139.326172
10798.901367	-140.095383
10804.284668	-140.853683
10809.667969	-141.564728
10815.051270	-142.294388
10820.434570	-143.011887
10825.817871	-143.714828
10831.201172	-144.242950
10836.584473	-144.845123
10841.967773	-145.649857
10847.351074	-146.238220
10852.734375	-146.852921
10858.117676	-147.488281
10863.500977	-148.024567
10868.884277	-148.154999
10874.267578	-148.852707
10879.650879	-149.767319
10885.034180	-150.231171
10890.417480	-150.779022
10895.800781	-151.283081
10901.184082	-151.759140
10906.567383	-151.904251
10911.950684	-152.094360
10917.333984	-153.252350
10922.717285	-153.470612
10928.100586	-153.998810
10933.483887	-154.415039
10938.867188	-154.881638
10944.250488	-155.218628
10949.633789	-155.581177
10955.017090	-155.728348
10960.400391	-156.119400
10965.783691	-156.609360
10971.166992	-156.948685
10976.550293	-157.234543
10981.933594	-157.322708
10987.316895	-157.664642
10992.700195	-157.806473
10998.083496	-157.883011
11003.466797	-157.574493
11008.850098	-157.626389
11014.233398	-158.479813
11019.616699	-158.364273
