Frequency (Hz)	Level (dB)
5.383301	-97.881615
10.766602	-95.229980
16.149902	-91.543404
21.533203	-86.988762
26.916504	-81.365120
32.299805	-74.085320
37.683105	-63.632977
43.066406	-42.471027
48.449707	-32.337624
53.833008	-34.808334
59.216309	-54.270863
64.599609	-68.609573
69.982910	-77.398643
75.366211	-83.863297
80.749512	-89.002609
86.132812	-93.276131
91.516113	-96.936394
96.899414	-100.138519
102.282715	-102.986206
107.666016	-105.547569
113.049316	-107.876289
118.432617	-110.011360
123.815918	-111.981163
129.199219	-113.804794
134.582520	-115.465050
139.965820	-115.845535
145.349121	-95.358406
150.732422	-91.074745
156.115723	-98.913620
161.499023	-121.074730
166.882324	-123.689888
172.265625	-124.983078
177.648926	-126.121483
183.032227	-127.190109
188.415527	-128.206802
193.798828	-129.165161
199.182129	-130.106705
204.565430	-131.032364
209.948730	-131.913773
215.332031	-132.744431
220.715332	-133.565063
226.098633	-134.338562
231.481934	-135.133301
236.865234	-135.906464
242.248535	-136.574432
247.631836	-137.089127
253.015137	-137.804688
258.398438	-138.566864
263.781738	-139.224655
269.165039	-139.855515
274.548340	-140.444260
279.931641	-141.072220
285.314941	-141.609192
290.698242	-142.154114
296.081543	-142.661179
301.464844	-143.216629
306.848145	-143.767059
312.231445	-144.237930
317.614746	-144.591263
322.998047	-145.242065
328.381348	-145.688354
333.764648	-146.045303
339.147949	-146.494156
344.531250	-146.974747
349.914551	-147.288742
355.297852	-147.697433
360.681152	-148.100876
366.064453	-148.403168
371.447754	-148.679642
376.831055	-149.082413
382.214355	-149.423813
387.597656	-149.794037
392.980957	-150.096786
398.364258	-150.195862
403.747559	-150.587585
409.130859	-150.880341
414.514160	-150.673737
419.897461	-151.400146
425.280762	-151.219910
430.664062	-151.977417
436.047363	-151.901489
441.430664	-151.964584
446.813965	-152.400742
452.197266	-152.076843
457.580566	-152.458328
462.963867	-152.505051
468.347168	-152.568024
473.730469	-152.805313
479.113770	-152.597488
484.497070	-152.379639
489.880371	-152.327438
495.263672	-152.636734
500.646973	-153.264420
506.030273	-152.928314
511.413574	-152.920715
516.796875	-153.501404
522.180176	-152.818375
527.563477	-153.051407
532.946777	-153.320923
538.330078	-152.754807
543.713379	-153.087173
549.096680	-153.218658
554.479980	-152.998566
559.863281	-152.804688
565.246582	-153.163712
570.629883	-152.381409
576.013184	-153.179611
581.396484	-152.374191
586.779785	-152.389847
592.163086	-152.527084
597.546387	-152.514389
602.929688	-152.647095
608.312988	-152.350311
613.696289	-152.003159
619.079590	-151.672165
624.462891	-152.131317
629.846191	-151.422073
635.229492	-152.080902
640.612793	-151.836365
645.996094	-152.131210
651.379395	-151.509415
656.762695	-151.839584
662.145996	-151.628418
667.529297	-151.419632
672.912598	-151.172684
678.295898	-151.488770
683.679199	-151.134293
689.062500	-151.142883
694.445801	-150.851517
699.829102	-151.019302
705.212402	-150.462830
710.595703	-150.756775
715.979004	-150.627579
721.362305	-150.534042
726.745605	-150.276047
732.128906	-150.490540
737.512207	-150.058670
742.895508	-149.833725
748.278809	-150.208755
753.662109	-148.476181
759.045410	-148.318695
764.428711	-149.744507
769.812012	-149.487747
775.195312	-149.434479
780.578613	-149.285690
785.961914	-149.259064
791.345215	-149.278839
796.728516	-148.836136
802.111816	-148.793350
807.495117	-148.792755
812.878418	-148.586823
818.261719	-148.524185
823.645020	-148.402832
829.028320	-148.079117
834.411621	-148.364639
839.794922	-148.017776
845.178223	-147.645599
850.561523	-147.919098
855.944824	-147.494064
861.328125	-147.709549
866.711426	-147.397995
872.094727	-147.135025
877.478027	-147.172272
882.861328	-146.842880
888.244629	-147.062729
893.627930	-146.915146
899.011230	-146.677399
904.394531	-146.331467
909.777832	-146.519836
915.161133	-146.164749
920.544434	-146.261307
925.927734	-145.690170
931.311035	-145.911224
936.694336	-145.730392
942.077637	-145.630951
947.460938	-145.479904
952.844238	-145.396683
958.227539	-145.116104
963.610840	-145.326721
968.994141	-144.634659
974.377441	-144.826263
979.760742	-144.653763
985.144043	-144.571030
990.527344	-144.299835
995.910645	-144.270630
1001.293945	-144.103271
1006.677246	-143.960754
1012.060547	-143.835968
1017.443848	-143.703033
1022.827148	-143.457443
1028.210449	-143.381302
1033.593750	-143.330322
1038.977051	-143.059280
1044.360352	-142.953674
1049.743652	-142.837616
1055.126953	-142.591766
1060.510254	-142.582001
1065.893555	-142.406570
1071.276855	-142.187546
1076.660156	-142.001495
1082.043457	-141.920486
1087.426758	-141.771530
1092.810059	-141.618164
1098.193359	-141.332138
1103.576660	-141.442200
1108.959961	-141.111343
1114.343262	-140.917664
1119.726562	-140.827606
1125.109863	-140.797897
1130.493164	-140.424774
1135.876465	-140.508392
1141.259766	-140.182632
1146.643066	-140.072083
1152.026367	-139.839462
1157.409668	-139.629074
1162.792969	-139.549530
1168.176270	-139.391037
1173.559570	-139.173859
1178.942871	-139.022171
1184.326172	-138.834000
1189.709473	-138.636093
1195.092773	-138.509491
1200.476074	-138.309525
1205.859375	-138.092560
1211.242676	-138.012634
1216.625977	-137.733383
1222.009277	-137.542404
1227.392578	-137.458710
1232.775879	-137.192230
1238.159180	-137.021362
1243.542480	-136.884918
1248.925781	-136.659271
1254.309082	-136.557144
1259.692383	-136.274887
1265.075684	-136.117050
1270.458984	-135.915955
1275.842285	-135.719772
1281.225586	-135.510620
1286.608887	-135.368896
1291.992188	-135.149612
1297.375488	-134.902039
1302.758789	-134.713165
1308.142090	-134.723740
1313.525391	-134.611633
1318.908691	-134.123932
1324.291992	-133.893799
1329.675293	-133.724487
1335.058594	-133.527039
1340.441895	-133.253601
1345.825195	-133.089279
1351.208496	-132.858383
1356.591797	-132.608490
1361.975098	-132.442276
1367.358398	-132.196671
1372.741699	-131.952148
1378.125000	-131.767242
1383.508301	-131.544464
1388.891602	-131.282700
1394.274902	-131.029160
1399.658203	-130.836395
1405.041504	-130.593216
1410.424805	-130.365631
1415.808105	-130.122192
1421.191406	-129.861145
1426.574707	-129.645248
1431.958008	-129.395905
1437.341309	-129.155746
1442.724609	-128.876541
1448.107910	-128.633926
1453.491211	-128.386154
1458.874512	-128.132050
1464.257812	-127.870613
1469.641113	-127.572510
1475.024414	-127.343735
1480.407715	-127.115585
1485.791016	-126.766220
1491.174316	-126.525497
1496.557617	-126.235786
1501.940918	-125.970596
1507.324219	-125.666069
1512.707520	-125.406204
1518.090820	-125.097298
1523.474121	-124.813507
1528.857422	-124.516335
1534.240723	-124.218399
1539.624023	-123.908035
1545.007324	-123.602684
1550.390625	-123.299774
1555.773926	-122.977150
1561.157227	-122.661110
1566.540527	-122.342606
1571.923828	-122.014954
1577.307129	-121.688316
1582.690430	-121.349777
1588.073730	-121.005745
1593.457031	-120.685432
1598.840332	-120.314018
1604.223633	-119.978134
1609.606934	-119.622841
1614.990234	-119.248558
1620.373535	-118.885651
1625.756836	-118.526543
1631.140137	-118.130661
1636.523438	-117.751289
1641.906738	-117.368591
1647.290039	-116.961861
1652.673340	-116.610382
1658.056641	-116.130363
1663.439941	-115.748207
1668.823242	-115.332375
1674.206543	-114.899658
1679.589844	-114.469231
1684.973145	-114.025536
1690.356445	-113.574387
1695.739746	-113.120865
1701.123047	-112.653915
1706.506348	-112.178864
1711.889648	-111.699036
1717.272949	-111.206970
1722.656250	-110.706589
1728.039551	-110.193665
1733.422852	-109.672569
1738.806152	-109.141891
1744.189453	-108.598434
1749.572754	-108.044022
1754.956055	-107.480278
1760.339355	-106.899742
1765.722656	-106.308205
1771.105957	-105.701462
1776.489258	-105.082596
1781.872559	-104.446381
1787.255859	-103.796837
1792.639160	-103.125458
1798.022461	-102.413483
1803.405762	-101.717995
1808.789062	-101.014694
1814.172363	-100.269920
1819.555664	-99.504341
1824.938965	-98.718864
1830.322266	-97.901321
1835.705566	-97.060036
1841.088867	-96.191124
1846.472168	-95.293098
1851.855469	-94.362640
1857.238770	-93.396561
1862.622070	-92.394524
1868.005371	-91.352448
1873.388672	-90.265884
1878.771973	-89.131371
1884.155273	-87.941429
1889.538574	-86.619759
1894.921875	-69.317932
1900.305176	-64.092987
1905.688477	-70.618164
1911.071777	-81.030510
1916.455078	-79.414360
1921.838379	-77.674797
1927.221680	-75.809151
1932.604980	-73.799171
1937.988281	-71.620094
1943.371582	-69.240967
1948.754883	-66.620850
1954.138184	-63.705013
1959.521484	-60.417248
1964.904785	-56.647179
1970.288086	-52.225368
1975.671387	-46.870747
1981.054688	-40.058846
1986.437988	-30.590164
1991.821289	-13.966985
1997.204590	0.411130
2002.587891	0.634251
2007.971191	-12.940722
2013.354492	-30.139318
2018.737793	-39.757656
2024.121094	-46.643425
2029.504395	-52.043007
2034.887695	-56.495396
2040.270996	-60.287766
2045.654297	-63.592567
2051.037598	-66.521980
2056.420898	-69.153198
2061.804199	-71.541588
2067.187500	-73.728539
2072.570801	-75.745277
2077.954102	-77.616333
2083.337402	-79.355919
2088.720703	-80.874313
2094.104004	-65.991325
2099.487305	-58.785309
2104.870605	-63.573814
2110.253906	-85.808769
2115.637207	-87.850380
2121.020508	-89.092575
2126.403809	-90.238289
2131.787109	-91.329224
2137.170410	-92.374939
2142.553711	-93.379456
2147.937012	-94.347855
2153.320312	-95.280365
2158.703613	-96.180672
2164.086914	-97.051743
2169.470215	-97.898750
2174.853516	-98.711586
2180.236816	-99.501198
2185.620117	-100.268356
2191.003418	-101.014397
2196.386719	-101.683357
2201.770020	-102.334946
2207.153320	-103.123825
2212.536621	-103.802559
2217.919922	-104.453896
2223.303223	-105.091866
2228.686523	-105.712303
2234.069824	-106.321121
2239.453125	-106.913673
2244.836426	-107.495163
2250.219727	-108.060646
2255.603027	-108.609055
2260.986328	-109.163971
2266.369629	-109.696495
2271.752930	-110.214554
2277.136230	-110.728226
2282.519531	-111.230263
2287.902832	-111.722214
2293.286133	-112.204315
2298.669434	-112.683647
2304.052734	-113.148476
2309.436035	-113.604385
2314.819336	-114.056000
2320.202637	-114.499176
2325.585938	-114.929367
2330.969238	-115.365715
2336.352539	-115.776291
2341.735840	-116.219208
2347.119141	-116.567146
2352.502441	-117.009621
2357.885742	-117.406197
2363.269043	-117.788559
2368.652344	-118.170364
2374.035645	-118.566635
2379.418945	-118.921494
2384.802246	-119.293571
2390.185547	-119.663719
2395.568848	-120.020393
2400.952148	-120.358139
2406.335449	-120.726631
2411.718750	-121.051376
2417.102051	-121.405670
2422.485352	-121.738213
2427.868652	-122.047768
2433.251953	-122.406509
2438.635254	-122.715385
2444.018555	-123.033249
2449.401855	-123.357880
2454.785156	-123.661865
2460.168457	-123.965927
2465.551758	-124.275803
2470.935059	-124.584839
2476.318359	-124.876740
2481.701660	-125.135925
2487.084961	-125.465935
2492.468262	-125.738777
2497.851562	-126.029121
2503.234863	-126.309074
2508.618164	-126.594780
2514.001465	-126.866646
2519.384766	-127.170471
2524.768066	-127.414581
2530.151367	-127.640564
2535.534668	-127.950630
2540.917969	-128.194412
2546.301270	-128.460037
2551.684570	-128.697052
2557.067871	-128.987061
2562.451172	-129.224472
2567.834473	-129.463593
2573.217773	-129.728577
2578.601074	-129.939011
2583.984375	-130.204102
2589.367676	-130.441330
2594.750977	-130.663239
2600.134277	-130.913620
2605.517578	-131.120285
2610.900879	-131.375153
2616.284180	-131.633301
2621.667480	-131.850433
2627.050781	-132.044922
2632.434082	-132.284637
2637.817383	-132.511459
2643.200684	-132.731323
2648.583984	-132.925476
2653.967285	-133.185272
2659.350586	-133.338669
2664.733887	-133.640625
2670.117188	-133.802597
2675.500488	-133.982635
2680.883789	-134.167175
2686.267090	-134.684921
2691.650391	-134.892288
2697.033691	-134.843369
2702.416992	-135.004166
2707.800293	-135.234924
2713.183594	-135.473190
2718.566895	-135.617188
2723.950195	-135.830490
2729.333496	-136.005707
2734.716797	-136.181732
2740.100098	-136.330521
2745.483398	-136.656158
2750.866699	-136.735641
2756.250000	-136.979065
2761.633301	-137.151779
2767.016602	-137.301315
2772.399902	-137.509399
2777.783203	-137.708191
2783.166504	-137.842667
2788.549805	-138.147919
2793.933105	-138.196350
2799.316406	-138.448364
2804.699707	-138.586349
2810.083008	-138.764252
2815.466309	-138.953064
2820.849609	-139.162720
2826.232910	-139.191147
2831.616211	-139.488312
2836.999512	-139.669250
2842.382812	-139.765915
2847.766113	-139.951324
2853.149414	-140.180511
2858.532715	-140.378113
2863.916016	-140.483688
2869.299316	-140.511963
2874.682617	-140.903168
2880.065918	-140.898514
2885.449219	-141.064209
2890.832520	-141.252274
2896.215820	-141.534943
2901.599121	-141.499130
2906.982422	-141.781891
2912.365723	-141.924271
2917.749023	-142.065292
2923.132324	-142.202866
2928.515625	-142.350128
2933.898926	-142.536926
2939.282227	-142.652267
2944.665527	-142.696030
2950.048828	-143.018845
2955.432129	-143.085129
2960.815430	-143.178223
2966.198730	-143.508057
2971.582031	-143.547012
2976.965332	-143.553757
2982.348633	-143.856598
2987.731934	-143.926483
2993.115234	-144.162613
2998.498535	-144.179855
3003.881836	-144.429718
3009.265137	-144.342560
3014.648438	-144.791397
3020.031738	-144.771820
3025.415039	-144.896317
3030.798340	-145.277344
3036.181641	-144.746216
3041.564941	-145.224625
3046.948242	-145.586914
3052.331543	-145.561478
3057.714844	-145.758987
3063.098145	-145.926788
3068.481445	-146.126953
3073.864746	-146.052322
3079.248047	-146.414337
3084.631348	-146.249100
3090.014648	-146.685867
3095.397949	-146.471588
3100.781250	-146.753738
3106.164551	-147.019226
3111.547852	-147.191116
3116.931152	-146.965927
3122.314453	-147.416611
3127.697754	-147.342697
3133.081055	-147.508057
3138.464355	-147.830780
3143.847656	-147.688187
3149.230957	-147.965561
3154.614258	-147.828659
3159.997559	-148.226257
3165.380859	-148.298676
3170.764160	-148.307892
3176.147461	-148.538559
3181.530762	-148.556488
3186.914062	-148.626953
3192.297363	-148.908112
3197.680664	-148.975479
3203.063965	-149.040176
3208.447266	-149.429855
3213.830566	-149.401688
3219.213867	-149.367950
3224.597168	-149.502716
3229.980469	-149.599426
3235.363770	-149.919357
3240.747070	-149.612122
3246.130371	-149.371002
3251.513672	-149.957031
3256.896973	-149.881180
3262.280273	-150.366501
3267.663574	-150.649048
3273.046875	-150.419266
3278.430176	-150.664032
3283.813477	-150.638763
3289.196777	-150.706055
3294.580078	-150.811951
3299.963379	-151.085236
3305.346680	-151.119644
3310.729980	-151.261337
3316.113281	-151.361465
3321.496582	-151.549255
3326.879883	-151.262650
3332.263184	-151.370743
3337.646484	-151.679108
3343.029785	-151.973404
3348.413086	-151.840485
3353.796387	-152.178802
3359.179688	-151.909454
3364.562988	-152.140808
3369.946289	-152.097504
3375.329590	-151.192200
3380.712891	-151.027130
3386.096191	-152.094147
3391.479492	-152.449265
3396.862793	-152.734894
3402.246094	-152.630524
3407.629395	-152.594315
3413.012695	-152.807785
3418.395996	-152.714767
3423.779297	-153.186615
3429.162598	-152.461258
3434.545898	-153.118576
3439.929199	-152.848541
3445.312500	-152.776810
3450.695801	-153.315628
3456.079102	-153.226974
3461.462402	-152.444199
3466.845703	-153.217026
3472.229004	-152.941544
3477.612305	-152.889771
3482.995605	-153.312881
3488.378906	-152.921829
3493.762207	-152.923492
3499.145508	-153.296753
3504.528809	-152.930435
3509.912109	-150.005157
3515.295410	-149.125565
3520.678711	-152.286621
3526.062012	-152.897186
3531.445312	-152.502426
3536.828613	-152.700439
3542.211914	-152.531296
3547.595215	-152.344147
3552.978516	-152.444519
3558.361816	-152.083435
3563.745117	-152.248474
3569.128418	-152.062775
3574.511719	-151.477997
3579.895020	-151.695877
3585.278320	-151.279999
3590.661621	-150.941818
3596.044922	-150.899658
3601.428223	-150.535873
3606.811523	-150.573380
3612.194824	-150.417633
3617.578125	-149.996704
3622.961426	-149.741882
3628.344727	-149.556198
3633.728027	-149.089905
3639.111328	-148.893463
3644.494629	-148.732819
3649.877930	-148.198746
3655.261230	-147.954224
3660.644531	-147.688461
3666.027832	-147.238113
3671.411133	-146.950333
3676.794434	-146.505035
3682.177734	-146.178604
3687.561035	-145.847549
3692.944336	-145.455399
3698.327637	-144.965668
3703.710938	-144.505371
3709.094238	-144.104584
3714.477539	-143.613342
3719.860840	-143.094131
3725.244141	-142.707779
3730.627441	-142.194885
3736.010742	-141.677948
3741.394043	-141.188156
3746.777344	-140.548141
3752.160645	-139.982300
3757.543945	-139.486954
3762.927246	-138.931122
3768.310547	-138.358780
3773.693848	-137.688599
3779.077148	-137.033691
3784.460449	-136.355545
3789.843750	-135.655472
3795.227051	-134.945312
3800.610352	-134.166031
3805.993652	-133.406235
3811.376953	-132.541382
3816.760254	-131.685516
3822.143555	-130.768295
3827.526855	-129.778076
3832.910156	-128.576904
3838.293457	-125.781677
3843.676758	-104.899132
3849.060059	-96.512787
3854.443359	-100.328804
3859.826660	-120.532051
3865.209961	-121.188965
3870.593262	-119.681984
3875.976562	-117.968147
3881.359863	-116.092125
3886.743164	-114.041252
3892.126465	-111.785454
3897.509766	-109.283653
3902.893066	-106.489845
3908.276367	-103.333366
3913.659668	-99.714516
3919.042969	-95.482765
3924.426270	-90.391808
3929.809570	-83.995934
3935.192871	-75.332130
3940.576172	-61.363514
3945.959473	-40.532608
3951.342773	-37.604790
3956.726074	-47.133068
3962.109375	-69.443039
3967.492676	-80.077400
3972.875977	-87.404480
3978.259277	-92.879280
3983.642578	-96.688141
3989.025879	-98.324257
3994.409180	-97.691658
3999.792480	-95.628204
4005.175781	-92.824181
4010.559082	-89.499893
4015.942383	-85.629066
4021.325684	-81.053284
4026.708984	-75.466423
4032.092285	-68.267601
4037.475586	-57.994583
4042.858887	-37.824554
4048.242188	-27.063025
4053.625488	-29.080009
4059.008789	-47.328892
4064.392090	-62.061699
4069.775391	-70.978493
4075.158691	-77.510063
4080.541992	-82.691620
4085.925293	-86.994720
4091.308594	-90.677574
4096.691895	-93.898186
4102.075195	-96.760277
4107.458496	-99.336258
4112.841797	-101.678535
4118.225098	-103.825394
4123.608398	-105.807968
4128.991699	-107.647751
4134.375000	-109.347824
4139.758301	-110.451218
4145.141602	-90.407204
4150.524902	-85.652023
4155.908203	-92.954041
4161.291504	-115.695709
4166.674805	-117.712555
4172.058105	-118.953804
4177.441406	-120.094147
4182.824707	-121.172508
4188.208008	-122.205780
4193.591309	-123.196365
4198.974609	-124.137985
4204.357910	-125.072296
4209.741211	-125.961174
4215.124512	-126.823776
4220.507812	-127.653297
4225.891113	-128.460846
4231.274414	-129.239532
4236.657715	-130.008057
4242.041016	-130.738602
4247.424316	-131.315140
4252.807617	-131.988861
4258.190918	-132.825928
4263.574219	-133.490677
4268.957520	-134.135956
4274.340820	-134.752182
4279.724121	-135.400589
4285.107422	-135.993668
4290.490723	-136.555191
4295.874023	-137.141495
4301.257324	-137.667694
4306.640625	-138.220444
4312.023926	-138.782379
4317.407227	-139.299530
4322.790527	-139.784607
4328.173828	-140.371384
4333.557129	-140.798492
4338.940430	-141.274261
4344.323730	-141.740585
4349.707031	-142.189606
4355.090332	-142.696472
4360.473633	-143.133255
4365.856934	-143.537674
4371.240234	-143.915207
4376.623535	-144.403259
4382.006836	-144.861420
4387.390137	-145.281555
4392.773438	-145.631134
4398.156738	-146.067764
4403.540039	-146.411026
4408.923340	-146.630600
4414.306641	-146.884766
4419.689941	-147.610626
4425.073242	-147.963058
4430.456543	-148.307724
4435.839844	-148.666611
4441.223145	-148.999771
4446.606445	-149.343262
4451.989746	-149.617279
4457.373047	-149.965302
4462.756348	-150.295837
4468.139648	-150.662674
4473.522949	-150.906982
4478.906250	-151.246872
4484.289551	-151.434769
4489.672852	-151.801361
4495.056152	-152.080002
4500.439453	-152.441391
4505.822754	-152.664307
4511.206055	-153.005417
4516.589355	-153.408493
4521.972656	-153.591522
4527.355957	-153.752625
4532.739258	-154.225220
4538.122559	-154.084976
4543.505859	-154.207489
4548.889160	-154.166046
4554.272461	-155.054123
4559.655762	-155.094177
4565.039062	-155.562286
4570.422363	-155.377686
4575.805664	-156.207626
4581.188965	-155.521698
4586.572266	-155.466125
4591.955566	-156.460007
4597.338867	-156.568100
4602.722168	-156.579773
4608.105469	-156.844315
4613.488770	-156.873352
4618.872070	-156.077698
4624.255371	-155.676468
4629.638672	-156.823303
4635.021973	-157.556732
4640.405273	-157.800888
4645.788574	-157.601578
4651.171875	-157.524017
4656.555176	-158.089676
4661.938477	-157.843460
4667.321777	-157.661469
4672.705078	-158.120377
4678.088379	-158.701660
4683.471680	-158.538361
4688.854980	-158.069305
4694.238281	-158.860046
4699.621582	-158.606873
4705.004883	-158.459534
4710.388184	-158.322845
4715.771484	-158.350021
4721.154785	-158.278687
4726.538086	-158.984253
4731.921387	-158.974686
4737.304688	-158.802460
4742.687988	-158.303894
4748.071289	-157.978500
4753.454590	-150.243393
4758.837891	-149.932709
4764.221191	-158.210800
4769.604492	-158.357101
4774.987793	-158.493805
4780.371094	-158.696136
4785.754395	-158.469666
4791.137695	-158.314529
4796.520996	-157.908478
4801.904297	-157.845535
4807.287598	-158.374634
4812.670898	-158.377441
4818.054199	-157.865234
4823.437500	-158.159073
4828.820801	-157.977921
4834.204102	-158.047592
4839.587402	-157.555084
4844.970703	-157.360092
4850.354004	-157.914291
4855.737305	-157.594360
4861.120605	-157.502563
4866.503906	-157.488342
4871.887207	-157.241501
4877.270508	-157.716980
4882.653809	-156.566940
4888.037109	-153.895981
4893.420410	-155.126282
4898.803711	-156.613922
4904.187012	-156.815170
4909.570312	-156.676971
4914.953613	-156.423553
4920.336914	-156.630463
4925.720215	-155.952667
4931.103516	-155.754822
4936.486816	-156.215057
4941.870117	-155.992126
4947.253418	-155.638428
4952.636719	-155.686691
4958.020020	-155.606049
4963.403320	-154.960205
4968.786621	-155.170090
4974.169922	-155.093628
4979.553223	-154.850937
4984.936523	-155.163345
4990.319824	-154.686829
4995.703125	-154.888519
5001.086426	-154.636703
5006.469727	-154.383423
5011.853027	-154.428299
5017.236328	-154.286224
5022.619629	-153.824081
5028.002930	-153.624161
5033.386230	-153.832947
5038.769531	-153.470749
5044.152832	-153.655350
5049.536133	-153.344421
5054.919434	-153.161667
5060.302734	-152.815735
5065.686035	-152.723282
5071.069336	-152.736603
5076.452637	-152.626663
5081.835938	-152.682190
5087.219238	-152.379990
5092.602539	-152.201996
5097.985840	-151.906906
5103.369141	-151.752213
5108.752441	-151.805038
5114.135742	-151.499710
5119.519043	-151.534256
5124.902344	-151.442459
5130.285645	-151.104279
5135.668945	-151.133881
5141.052246	-150.796158
5146.435547	-150.741730
5151.818848	-150.429138
5157.202148	-150.285477
5162.585449	-150.147247
5167.968750	-150.057434
5173.352051	-149.808609
5178.735352	-149.698853
5184.118652	-149.580124
5189.501953	-149.292053
5194.885254	-149.162704
5200.268555	-148.954849
5205.651855	-148.741150
5211.035156	-148.729980
5216.418457	-148.465714
5221.801758	-148.231201
5227.185059	-148.238617
5232.568359	-147.761597
5237.951660	-147.587006
5243.334961	-147.598877
5248.718262	-147.443176
5254.101562	-147.265060
5259.484863	-147.000610
5264.868164	-146.810532
5270.251465	-146.716095
5275.634766	-146.430023
5281.018066	-146.243225
5286.401367	-146.022583
5291.784668	-145.759125
5297.167969	-145.687180
5302.551270	-145.402969
5307.934570	-144.998230
5313.317871	-144.988632
5318.701172	-144.777634
5324.084473	-144.623093
5329.467773	-144.440048
5334.851074	-144.266129
5340.234375	-143.959610
5345.617676	-143.819565
5351.000977	-143.577225
5356.384277	-143.311920
5361.767578	-143.161148
5367.150879	-142.918396
5372.534180	-142.700394
5377.917480	-142.510742
5383.300781	-142.306763
5388.684082	-142.032120
5394.067383	-141.738907
5399.450684	-141.570969
5404.833984	-141.379150
5410.217285	-141.133530
5415.600586	-140.845566
5420.983887	-140.610306
5426.367188	-140.388519
5431.750488	-140.135971
5437.133789	-139.854996
5442.517090	-139.642258
5447.900391	-139.322159
5453.283691	-139.098984
5458.666992	-138.869949
5464.050293	-138.617874
5469.433594	-138.314651
5474.816895	-138.115021
5480.200195	-137.871338
5485.583496	-137.490204
5490.966797	-137.275299
5496.350098	-136.994217
5501.733398	-136.729538
5507.116699	-136.424301
5512.500000	-136.154785
5517.883301	-135.857651
5523.266602	-135.551498
5528.649902	-135.239822
5534.033203	-134.964813
5539.416504	-134.652802
5544.799805	-134.367096
5550.183105	-134.061646
5555.566406	-133.736435
5560.949707	-133.411621
5566.333008	-133.119858
5571.716309	-132.788040
5577.099609	-132.408401
5582.482910	-132.111588
5587.866211	-131.770798
5593.249512	-131.448944
5598.632812	-131.090393
5604.016113	-130.744125
5609.399414	-130.390076
5614.782715	-130.005966
5620.166016	-129.669739
5625.549316	-129.302643
5630.932617	-128.908981
5636.315918	-128.533112
5641.699219	-128.145767
5647.082520	-127.737427
5652.465820	-127.308212
5657.849121	-126.938400
5663.232422	-126.530785
5668.615723	-126.111961
5673.999023	-125.683006
5679.382324	-125.254204
5684.765625	-124.813515
5690.148926	-124.360367
5695.532227	-123.907906
5700.915527	-123.445663
5706.298828	-122.970108
5711.682129	-122.489059
5717.065430	-121.999100
5722.448730	-121.503265
5727.832031	-120.988884
5733.215332	-120.468887
5738.598633	-119.942917
5743.981934	-119.401276
5749.365234	-118.837402
5754.748535	-118.280930
5760.131836	-117.702408
5765.515137	-117.112160
5770.898438	-116.507034
5776.281738	-115.889259
5781.665039	-115.254921
5787.048340	-114.606491
5792.431641	-113.935196
5797.814941	-113.156769
5803.198242	-112.482620
5808.581543	-111.830032
5813.964844	-111.087852
5819.348145	-110.322693
5824.731445	-109.540718
5830.114746	-108.725143
5835.498047	-107.885094
5840.881348	-107.016785
5846.264648	-106.121490
5851.647949	-105.193298
5857.031250	-104.229393
5862.414551	-103.230125
5867.797852	-102.190376
5873.181152	-101.106125
5878.564453	-99.975151
5883.947754	-98.791138
5889.331055	-97.526611
5894.714355	-75.240219
5900.097656	-69.480042
5905.480957	-75.673943
5910.864258	-91.903915
5916.247559	-90.284027
5921.630859	-88.548752
5927.014160	-86.689026
5932.397461	-84.685883
5937.780762	-82.514626
5943.164062	-80.144791
5948.547363	-77.535652
5953.930664	-74.633255
5959.313965	-71.362419
5964.697266	-67.614426
5970.080566	-63.222794
5975.463867	-57.912411
5980.847168	-51.172779
5986.230469	-41.848797
5991.613770	-25.754045
5996.997070	-10.518908
6002.380371	-9.849251
6007.763672	-22.666891
6013.146973	-40.495941
6018.530273	-50.269192
6023.913574	-57.230511
6029.296875	-62.675827
6034.680176	-67.159210
6040.063477	-70.974121
6045.446777	-74.296165
6050.830078	-77.239296
6056.213379	-79.881599
6061.596680	-82.278969
6066.979980	-84.472534
6072.363281	-86.489388
6077.746582	-88.324356
6083.129883	-89.698845
6088.513184	-86.974785
6093.896484	-61.299809
6099.279785	-53.475945
6104.663086	-57.802006
6110.046387	-84.177811
6115.429688	-94.974342
6120.812988	-98.877953
6126.196289	-100.691566
6131.579590	-101.982780
6136.962891	-103.102219
6142.346191	-104.141769
6147.729492	-105.126656
6153.112793	-106.069702
6158.496094	-106.976997
6163.879395	-107.852020
6169.262695	-108.702507
6174.645996	-109.517960
6180.029297	-110.310509
6185.412598	-111.080421
6190.795898	-111.807487
6196.179199	-110.744934
6201.562500	-110.082626
6206.945801	-113.462639
6212.329102	-114.618958
6217.712402	-115.276199
6223.095703	-115.914131
6228.479004	-116.538109
6233.862305	-117.149216
6239.245605	-117.741203
6244.628906	-118.323929
6250.012207	-118.894165
6255.395508	-119.448524
6260.778809	-120.002075
6266.162109	-120.526337
6271.545410	-121.050545
6276.928711	-121.566315
6282.312012	-122.067574
6287.695312	-122.563560
6293.078613	-123.044853
6298.461914	-123.527252
6303.845215	-123.994408
6309.228516	-124.445076
6314.611816	-124.899712
6319.995117	-125.347023
6325.378418	-125.784279
6330.761719	-126.216347
6336.145020	-126.626778
6341.528320	-127.018036
6346.911621	-127.465820
6352.294922	-127.871933
6357.678223	-128.268234
6363.061523	-128.650467
6368.444824	-129.019073
6373.828125	-129.418427
6379.211426	-129.784637
6384.594727	-130.160721
6389.978027	-130.515945
6395.361328	-130.886047
6400.744629	-131.215225
6406.127930	-131.588425
6411.511230	-131.915359
6416.894531	-132.263901
6422.277832	-132.604752
6427.661133	-132.927765
6433.044434	-133.302094
6438.427734	-133.572311
6443.811035	-133.900192
6449.194336	-134.223419
6454.577637	-134.523148
6459.960938	-134.819092
6465.344238	-135.155045
6470.727539	-135.457809
6476.110840	-135.673447
6481.494141	-136.012680
6486.877441	-136.348297
6492.260742	-136.611496
6497.644043	-136.908615
6503.027344	-137.191635
6508.410645	-137.469391
6513.793945	-137.741089
6519.177246	-138.053802
6524.560547	-138.304138
6529.943848	-138.487122
6535.327148	-138.843658
6540.710449	-139.078857
6546.093750	-139.334305
6551.477051	-139.592148
6556.860352	-139.863144
6562.243652	-140.147964
6567.626953	-140.353210
6573.010254	-140.602661
6578.393555	-140.798065
6583.776855	-141.065399
6589.160156	-141.365387
6594.543457	-141.551315
6599.926758	-141.847931
6605.310059	-142.016953
6610.693359	-142.180420
6616.076660	-142.490891
6621.459961	-142.709778
6626.843262	-142.957809
6632.226562	-143.167664
6637.609863	-143.385742
6642.993164	-143.599396
6648.376465	-143.867264
6653.759766	-144.076401
6659.143066	-144.232910
6664.526367	-144.513382
6669.909668	-144.688080
6675.292969	-144.917435
6680.676270	-145.035263
6686.059570	-145.134903
6691.442871	-145.279343
6696.826172	-145.753326
6702.209473	-145.816132
6707.592773	-146.211136
6712.976074	-146.338165
6718.359375	-146.484726
6723.742676	-146.747101
6729.125977	-146.889175
6734.509277	-147.025497
6739.892578	-147.291641
6745.275879	-147.530518
6750.659180	-147.622833
6756.042480	-147.850510
6761.425781	-148.042984
6766.809082	-148.220383
6772.192383	-148.489120
6777.575684	-148.603958
6782.958984	-148.746521
6788.342285	-148.977570
6793.725586	-149.118927
6799.108887	-149.374725
6804.492188	-149.447220
6809.875488	-149.635208
6815.258789	-149.818481
6820.642090	-149.262070
6826.025391	-149.812302
6831.408691	-150.242416
6836.791992	-150.589691
6842.175293	-150.575455
6847.558594	-150.903229
6852.941895	-150.991898
6858.325195	-151.234985
6863.708496	-151.332779
6869.091797	-151.299011
6874.475098	-151.648468
6879.858398	-151.906525
6885.241699	-151.978104
6890.625000	-152.267258
6896.008301	-152.246857
6901.391602	-152.378052
6906.774902	-152.346100
6912.158203	-152.826874
6917.541504	-152.968582
6922.924805	-153.028214
6928.308105	-153.147476
6933.691406	-153.415833
6939.074707	-153.415955
6944.458008	-153.547577
6949.841309	-153.437622
6955.224609	-153.562485
6960.607910	-153.281219
6965.991211	-154.224030
6971.374512	-154.176514
6976.757812	-154.385513
6982.141113	-154.680420
6987.524414	-154.835510
6992.907715	-154.702209
6998.291016	-154.632599
7003.674316	-154.894379
7009.057617	-155.164932
7014.440918	-155.566360
7019.824219	-155.504761
7025.207520	-155.609360
7030.590820	-155.601791
7035.974121	-155.556885
7041.357422	-155.888657
7046.740723	-155.898209
7052.124023	-156.307129
7057.507324	-156.412949
7062.890625	-156.236160
7068.273926	-156.581589
7073.657227	-156.494415
7079.040527	-156.657730
7084.423828	-156.679718
7089.807129	-157.068710
7095.190430	-156.894730
7100.573730	-156.978043
7105.957031	-157.203934
7111.340332	-157.363556
7116.723633	-157.242722
7122.106934	-157.549454
7127.490234	-156.883087
7132.873535	-157.372696
7138.256836	-157.985229
7143.640137	-157.404648
7149.023438	-157.661423
7154.406738	-157.895767
7159.790039	-158.125580
7165.173340	-156.943451
7170.556641	-157.034760
7175.939941	-158.475372
7181.323242	-158.484299
7186.706543	-158.245804
7192.089844	-158.472473
7197.473145	-158.463593
7202.856445	-158.224106
7208.239746	-158.036377
7213.623047	-157.977814
7219.006348	-158.521469
7224.389648	-158.526520
7229.772949	-158.247955
7235.156250	-158.632858
7240.539551	-158.677490
7245.922852	-158.403015
7251.306152	-158.611328
7256.689453	-158.056534
7262.072754	-158.563766
7267.456055	-158.538986
7272.839355	-158.245407
7278.222656	-158.429794
7283.605957	-158.559433
7288.989258	-158.360733
7294.372559	-157.965485
7299.755859	-157.206299
7305.139160	-157.654312
7310.522461	-158.111115
7315.905762	-157.898636
7321.289062	-157.743271
7326.672363	-157.956497
7332.055664	-157.950623
7337.438965	-157.041870
7342.822266	-156.550705
7348.205566	-157.300034
7353.588867	-157.550003
7358.972168	-156.975632
7364.355469	-157.264297
7369.738770	-157.006454
7375.122070	-155.820786
7380.505371	-155.292358
7385.888672	-156.369888
7391.271973	-156.341583
7396.655273	-156.362167
7402.038574	-155.951019
7407.421875	-155.895325
7412.805176	-155.768356
7418.188477	-155.393448
7423.571777	-155.279755
7428.955078	-154.808090
7434.338379	-155.050186
7439.721680	-154.783539
7445.104980	-154.723724
7450.488281	-154.233322
7455.871582	-154.116211
7461.254883	-153.983002
7466.638184	-153.589691
7472.021484	-153.150711
7477.404785	-153.209610
7482.788086	-153.182495
7488.171387	-152.815216
7493.554688	-152.610580
7498.937988	-152.225616
7504.321289	-151.398285
7509.704590	-145.240036
7515.087891	-145.663528
7520.471191	-150.736816
7525.854492	-151.082306
7531.237793	-150.800385
7536.621094	-150.488937
7542.004395	-150.364243
7547.387695	-149.972427
7552.770996	-149.659286
7558.154297	-149.460236
7563.537598	-149.243530
7568.920898	-148.951492
7574.304199	-148.531570
7579.687500	-148.297928
7585.070801	-148.007980
7590.454102	-147.768250
7595.837402	-147.350555
7601.220703	-147.080231
7606.604004	-146.732651
7611.987305	-146.472198
7617.370605	-146.154175
7622.753906	-145.840881
7628.137207	-145.499130
7633.520508	-145.193130
7638.903809	-144.748535
7644.287109	-144.294617
7649.670410	-143.951096
7655.053711	-143.823624
7660.437012	-143.448700
7665.820312	-143.035767
7671.203613	-142.669510
7676.586914	-142.287445
7681.970215	-141.828125
7687.353516	-141.389252
7692.736816	-141.141617
7698.120117	-140.698029
7703.503418	-140.237350
7708.886719	-139.911789
7714.270020	-139.474731
7719.653320	-139.032944
7725.036621	-138.629593
7730.419922	-138.163986
7735.803223	-137.739807
7741.186523	-137.247269
7746.569824	-136.765869
7751.953125	-136.285324
7757.336426	-135.829956
7762.719727	-135.312820
7768.103027	-134.804306
7773.486328	-134.334122
7778.869629	-133.781433
7784.252930	-133.216019
7789.636230	-132.679581
7795.019531	-132.097946
7800.402832	-131.523895
7805.786133	-130.929703
7811.169434	-130.327896
7816.552734	-129.665054
7821.936035	-129.014633
7827.319336	-128.329041
7832.702637	-127.572594
7838.085938	-126.232040
7843.469238	-110.820892
7848.852539	-101.948875
7854.235840	-105.279869
7859.619141	-122.171165
7865.002441	-122.616653
7870.385742	-121.637016
7875.769043	-120.504929
7881.152344	-119.246590
7886.535645	-117.818130
7891.918945	-116.180115
7897.302246	-114.262466
7902.685547	-111.992714
7908.068848	-109.273628
7913.452148	-105.995636
7918.835449	-102.008484
7924.218750	-97.084160
7929.602051	-90.813339
7934.985352	-82.291924
7940.368652	-68.676071
7945.751953	-46.269615
7951.135254	-42.880638
7956.518555	-51.824139
7961.901855	-75.486992
7967.285156	-86.232979
7972.668457	-93.053436
7978.051758	-96.384529
7983.435059	-96.438118
7988.818359	-94.816452
7994.201660	-92.550980
7999.584961	-89.925369
8004.968262	-86.965218
8010.351562	-83.610886
8015.734863	-79.750732
8021.118164	-75.204132
8026.501465	-69.664879
8031.884766	-62.547081
8037.268066	-52.446861
8042.651367	-33.147697
8048.034668	-21.731968
8053.417969	-23.297949
8058.801270	-40.452915
8064.184570	-55.607254
8069.567871	-64.655548
8074.951172	-71.255112
8080.334473	-76.479034
8085.717773	-80.811356
8091.101074	-84.515808
8096.484375	-87.753090
8101.867676	-90.628769
8107.250977	-93.216011
8112.634277	-95.567619
8118.017578	-97.723145
8123.400879	-99.712540
8128.784180	-101.559654
8134.167480	-103.277878
8139.550781	-104.749985
8144.934082	-85.478157
8150.317383	-80.245399
8155.700684	-87.023705
8161.083984	-110.174736
8166.467285	-111.718002
8171.850586	-112.917053
8177.233887	-114.048141
8182.617188	-115.125923
8188.000488	-116.162971
8193.383789	-117.155853
8198.767090	-118.115784
8204.150391	-119.043411
8209.533691	-119.928665
8214.916992	-120.795914
8220.300293	-121.623108
8225.683594	-122.433945
8231.066895	-123.223877
8236.450195	-123.984550
8241.833496	-124.719215
8247.216797	-125.327530
8252.600098	-125.993797
8257.983398	-126.816422
8263.366699	-127.486900
8268.750000	-128.136185
8274.133301	-128.763550
8279.516602	-129.385086
8284.899902	-129.984909
8290.283203	-130.553604
8295.666504	-131.142563
8301.049805	-131.707718
8306.433105	-132.261078
8311.816406	-132.809143
8317.199707	-133.320969
8322.583008	-133.823059
8327.966309	-134.349457
8333.349609	-134.836716
8338.732910	-135.273041
8344.116211	-135.789169
8349.499512	-136.298050
8354.882812	-136.747665
8360.266113	-137.176834
8365.649414	-137.652512
8371.032715	-138.122162
8376.416016	-138.490616
8381.799316	-138.954544
8387.182617	-139.346878
8392.565918	-139.700211
8397.949219	-140.154663
8403.332520	-140.539703
8408.715820	-140.962906
8414.099121	-141.386017
8419.482422	-141.725845
8424.865723	-142.117706
8430.249023	-142.477097
8435.632324	-142.813858
8441.015625	-143.185226
8446.398926	-143.512039
8451.782227	-143.880920
8457.165527	-144.303879
8462.548828	-144.619171
8467.932129	-144.879715
8473.315430	-145.147003
8478.698730	-145.556992
8484.082031	-145.899567
8489.465332	-146.179260
8494.848633	-146.545700
8500.231934	-146.700012
8505.615234	-147.188477
8510.998535	-147.409653
8516.381836	-147.780045
8521.765137	-148.034653
8527.148438	-148.364838
8532.531738	-148.638474
8537.915039	-148.828094
8543.298340	-149.075333
8548.681641	-149.253586
8554.064941	-149.759583
8559.448242	-149.993546
8564.831543	-150.194138
8570.214844	-150.612991
8575.598145	-150.781189
8580.981445	-150.959610
8586.364746	-151.144501
8591.748047	-151.395279
8597.131348	-151.797577
8602.514648	-151.997406
8607.897949	-152.265320
8613.281250	-152.446899
8618.664551	-152.827301
8624.047852	-152.861191
8629.431152	-153.118820
8634.814453	-153.345169
8640.197754	-153.650604
8645.581055	-153.952927
8650.964355	-154.173660
8656.347656	-154.294662
8661.730957	-154.470459
8667.114258	-154.822311
8672.497559	-154.616486
8677.880859	-154.410690
8683.264160	-155.045197
8688.647461	-155.671875
8694.030762	-155.898331
8699.414062	-155.959473
8704.797363	-156.138336
8710.180664	-156.234406
8715.563965	-156.314499
8720.947266	-156.396072
8726.330566	-157.020187
8731.713867	-157.259872
8737.097168	-156.878036
8742.480469	-157.603333
8747.863770	-157.717331
8753.247070	-155.830368
8758.630371	-156.347763
8764.013672	-157.439011
8769.396973	-158.085815
8774.780273	-158.538528
8780.163574	-158.417160
8785.546875	-158.589584
8790.930176	-158.800980
8796.313477	-158.729675
8801.696777	-158.333282
8807.080078	-159.057159
8812.463379	-159.174530
8817.846680	-159.245071
8823.229980	-159.501923
8828.613281	-159.349396
8833.996582	-159.658798
8839.379883	-159.906052
8844.763184	-159.557190
8850.146484	-159.117645
8855.529785	-159.297073
8860.913086	-160.249130
8866.296387	-160.154266
8871.679688	-160.275848
8877.062988	-160.241058
8882.446289	-159.557144
8887.829590	-154.814804
8893.212891	-153.428574
8898.596191	-160.009918
8903.979492	-160.590195
8909.362793	-160.325027
8914.746094	-160.376312
8920.129395	-160.584167
8925.512695	-160.263275
8930.895996	-159.827805
8936.279297	-160.061523
8941.662598	-160.207825
8947.045898	-160.351135
8952.429199	-160.348587
8957.812500	-160.543076
8963.195801	-160.267120
8968.579102	-160.489090
8973.962402	-159.447647
8979.345703	-159.930588
8984.729004	-160.049927
8990.112305	-160.110886
8995.495605	-159.853088
9000.878906	-159.951324
9006.262207	-159.893143
9011.645508	-159.617020
9017.028809	-157.313400
9022.412109	-142.826599
9027.795410	-144.856659
9033.178711	-156.397141
9038.562012	-159.031845
9043.945312	-159.468948
9049.328613	-159.197769
9054.711914	-159.165192
9060.095215	-158.696915
9065.478516	-157.853790
9070.861816	-158.689377
9076.245117	-158.811844
9081.628418	-158.457260
9087.011719	-158.818024
9092.395020	-158.430923
9097.778320	-157.934372
9103.161621	-157.933075
9108.544922	-158.132202
9113.928223	-157.461258
9119.311523	-157.865479
9124.694824	-157.723419
9130.078125	-157.435226
9135.461426	-157.471451
9140.844727	-157.218704
9146.228027	-156.747345
9151.611328	-156.628311
9156.994629	-156.300705
9162.377930	-156.371887
9167.761230	-156.668976
9173.144531	-156.157150
9178.527832	-156.068512
9183.911133	-155.924576
9189.294434	-155.466599
9194.677734	-155.109833
9200.061035	-155.291733
9205.444336	-155.369568
9210.827637	-155.341934
9216.210938	-155.116043
9221.594238	-154.730484
9226.977539	-154.775253
9232.360840	-153.978287
9237.744141	-153.910217
9243.127441	-154.172989
9248.510742	-153.961212
9253.894043	-153.806000
9259.277344	-153.522324
9264.660645	-153.339233
9270.043945	-153.265839
9275.427246	-152.639771
9280.810547	-152.876816
9286.193848	-152.668686
9291.577148	-152.529785
9296.960449	-152.504837
9302.343750	-152.284348
9307.727051	-151.928635
9313.110352	-151.766022
9318.493652	-151.375916
9323.876953	-151.156174
9329.260254	-151.079605
9334.643555	-150.980057
9340.026855	-150.491867
9345.410156	-150.477341
9350.793457	-150.210434
9356.176758	-150.043732
9361.560059	-149.784805
9366.943359	-149.363068
9372.326660	-149.414062
9377.709961	-149.138901
9383.093262	-148.962082
9388.476562	-148.733948
9393.859863	-148.530350
9399.243164	-148.270615
9404.626465	-147.881500
9410.009766	-147.724289
9415.393066	-147.575989
9420.776367	-147.277542
9426.159668	-147.010880
9431.542969	-146.825836
9436.926270	-146.611649
9442.309570	-146.208374
9447.692871	-145.787140
9453.076172	-145.848343
9458.459473	-145.520966
9463.842773	-145.326508
9469.226074	-144.994186
9474.609375	-144.790955
9479.992676	-144.575577
9485.375977	-144.269272
9490.759277	-144.079010
9496.142578	-143.656235
9501.525879	-143.443710
9506.909180	-143.133820
9512.292480	-142.845291
9517.675781	-142.544540
9523.059082	-142.316895
9528.442383	-141.999237
9533.825684	-141.653854
9539.208984	-141.360214
9544.592285	-141.124344
9549.975586	-140.777161
9555.358887	-140.476883
9560.742188	-140.125671
9566.125488	-139.849594
9571.508789	-139.522476
9576.892090	-139.128784
9582.275391	-138.808273
9587.658691	-138.485123
9593.041992	-138.199341
9598.425293	-137.813202
9603.808594	-137.465073
9609.191895	-137.137314
9614.575195	-136.749252
9619.958496	-136.362427
9625.341797	-136.041885
9630.725098	-135.644028
9636.108398	-135.277863
9641.491699	-134.893097
9646.875000	-134.502899
9652.258301	-134.087509
9657.641602	-133.699036
9663.024902	-133.277557
9668.408203	-132.859314
9673.791504	-132.421600
9679.174805	-132.006805
9684.558105	-131.560806
9689.941406	-131.127670
9695.324707	-130.656860
9700.708008	-130.200409
9706.091309	-129.723053
9711.474609	-129.243118
9716.857910	-128.746597
9722.241211	-128.270782
9727.624512	-127.753914
9733.007812	-127.232140
9738.391113	-126.706673
9743.774414	-126.157249
9749.157715	-125.620247
9754.541016	-125.041603
9759.924316	-124.469582
9765.307617	-123.881622
9770.690918	-123.279564
9776.074219	-122.667671
9781.457520	-122.026794
9786.840820	-121.382233
9792.224121	-120.708855
9797.607422	-119.903923
9802.990723	-119.234734
9808.374023	-118.611794
9813.757324	-117.870293
9819.140625	-117.110008
9824.523926	-116.323517
9829.907227	-115.514450
9835.290527	-114.677490
9840.673828	-113.809258
9846.057129	-112.916733
9851.440430	-111.990486
9856.823730	-111.028900
9862.207031	-110.031685
9867.590332	-108.993492
9872.973633	-107.913208
9878.356934	-106.784149
9883.740234	-105.604347
9889.123535	-104.331215
9894.506836	-81.121094
9899.890137	-74.855431
9905.273438	-80.570549
9910.656738	-98.727486
9916.040039	-97.119530
9921.423340	-95.389832
9926.806641	-93.536781
9932.189941	-91.540077
9937.573242	-89.376755
9942.956543	-87.016144
9948.339844	-84.417946
9953.723145	-81.528915
9959.106445	-78.274918
9964.489746	-74.548767
9969.873047	-70.186966
9975.256348	-64.920135
9980.639648	-58.251251
9986.022949	-49.067307
9991.406250	-33.460426
9996.789551	-17.304115
10002.172852	-16.187040
10007.556152	-28.286686
10012.939453	-46.811481
10018.322754	-56.745239
10023.706055	-63.783871
10029.089355	-69.275734
10034.472656	-73.790565
10039.855957	-77.628296
10045.239258	-80.967682
10050.622559	-83.924065
10056.005859	-86.575897
10061.389160	-88.974564
10066.772461	-91.143204
10072.155762	-93.008286
10077.539062	-93.991714
10082.922363	-91.438232
10088.305664	-81.775665
10093.688965	-56.547184
10099.072266	-48.170525
10104.455566	-52.025417
10109.838867	-76.293144
10115.222168	-89.480942
10120.605469	-97.460869
10125.988770	-102.686714
10131.372070	-106.084267
10136.755371	-108.350975
10142.138672	-110.001884
10147.521973	-111.325333
10152.905273	-112.460854
10158.288574	-113.486778
10163.671875	-114.436569
10169.055176	-115.332642
10174.438477	-116.187912
10179.821777	-117.004417
10185.205078	-117.784622
10190.588379	-118.316650
10195.971680	-109.832146
10201.354980	-107.209068
10206.738281	-115.475029
10212.121582	-121.317047
10217.504883	-122.040237
10222.888184	-122.691048
10228.271484	-123.310722
10233.654785	-123.929100
10239.038086	-124.529716
10244.421387	-125.112633
10249.804688	-125.677513
10255.187988	-126.231827
10260.571289	-126.793663
10265.954590	-127.289726
10271.337891	-127.786232
10276.721191	-128.366516
10282.104492	-128.873016
10287.487793	-129.370300
10292.871094	-129.850403
10298.254395	-130.326660
10303.637695	-130.811600
10309.020996	-131.258652
10314.404297	-131.712967
10319.787598	-132.136581
10325.170898	-132.593475
10330.554199	-133.027344
10335.937500	-133.441681
10341.320801	-133.852982
10346.704102	-134.289581
10352.087402	-134.656021
10357.470703	-135.070328
10362.854004	-135.446564
10368.237305	-135.844543
10373.620605	-136.263809
10379.003906	-136.600571
10384.387207	-136.969589
10389.770508	-137.349655
10395.153809	-137.664169
10400.537109	-138.026062
10405.920410	-138.301575
10411.303711	-138.755142
10416.687012	-139.109909
10422.070312	-139.427170
10427.453613	-139.766937
10432.836914	-140.101883
10438.220215	-140.411255
10443.603516	-140.703491
10448.986816	-141.050293
10454.370117	-141.378998
10459.753418	-141.693802
10465.136719	-141.940979
10470.520020	-142.287537
10475.903320	-142.615891
10481.286621	-142.857010
10486.669922	-143.164688
10492.053223	-143.418839
10497.436523	-143.781082
10502.819824	-144.028061
10508.203125	-144.238907
10513.586426	-144.536652
10518.969727	-144.871140
10524.353027	-145.180542
10529.736328	-145.312180
10535.119629	-145.657684
10540.502930	-145.941895
10545.886230	-146.226562
10551.269531	-146.473663
10556.652832	-146.682266
10562.036133	-146.924820
10567.419434	-147.239578
10572.802734	-147.442520
10578.186035	-147.725372
10583.569336	-147.969116
10588.952637	-148.227631
10594.335938	-148.462219
10599.719238	-148.615265
10605.102539	-148.798950
10610.485840	-149.078003
10615.869141	-149.418304
10621.252441	-149.440262
10626.635742	-149.842239
10632.019043	-149.963837
10637.402344	-150.286743
10642.785645	-150.378998
10648.168945	-150.614777
10653.552246	-150.789886
10658.935547	-150.882492
10664.318848	-151.209183
10669.702148	-151.555634
10675.085449	-151.705048
10680.468750	-151.928177
10685.852051	-152.109985
10691.235352	-152.271271
10696.618652	-152.612869
10702.001953	-152.359680
10707.385254	-152.736984
10712.768555	-153.076523
10718.151855	-153.207458
10723.535156	-153.350372
10728.918457	-153.810120
10734.301758	-153.856659
10739.685059	-153.985870
10745.068359	-153.413651
10750.451660	-153.665405
10755.834961	-154.525955
10761.218262	-154.735672
10766.601562	-154.920074
10771.984863	-155.052826
10777.368164	-155.418777
10782.751465	-155.132797
10788.134766	-155.162598
10793.518066	-155.542053
10798.901367	-155.910934
10804.284668	-155.865829
10809.667969	-156.133377
10815.051270	-156.385880
10820.434570	-156.088501
10825.817871	-156.509613
10831.201172	-156.365753
10836.584473	-156.705704
10841.967773	-157.112778
10847.351074	-157.071198
10852.734375	-157.366318
10858.117676	-157.386993
10863.500977	-157.622192
10868.884277	-157.519287
10874.267578	-157.812943
10879.650879	-157.829254
10885.034180	-157.831009
10890.417480	-158.061218
10895.800781	-158.349289
10901.184082	-158.331543
10906.567383	-158.522537
10911.950684	-158.519241
10917.333984	-157.936508
10922.717285	-157.790009
10928.100586	-158.871399
10933.483887	-158.796478
10938.867188	-159.161148
10944.250488	-158.865341
10949.633789	-159.080902
10955.017090	-156.892853
10960.400391	-156.164185
10965.783691	-159.213669
10971.166992	-159.330322
10976.550293	-159.551758
10981.933594	-159.354202
10987.316895	-159.535217
10992.700195	-159.241913
10998.083496	-159.175446
11003.466797	-159.028763
11008.850098	-159.332077
11014.233398	-159.801636
11019.616699	-159.485443
