Frequency (Hz)	Level (dB)
21.533203	-130.169006
43.066406	-130.194748
64.599609	-130.111923
86.132812	-130.059174
107.666016	-129.971039
129.199219	-129.833511
150.732422	-129.727890
172.265625	-129.595825
193.798828	-129.441315
215.332031	-129.250229
236.865234	-129.075851
258.398438	-128.886475
279.931641	-128.622620
301.464844	-128.444717
322.998047	-128.182144
344.531250	-127.925293
366.064453	-127.702583
387.597656	-127.375618
409.130859	-127.128075
430.664062	-126.822662
452.197266	-126.509995
473.730469	-126.204369
495.263672	-125.913170
516.796875	-125.521385
538.330078	-125.201096
559.863281	-124.864243
581.396484	-124.482948
602.929688	-124.162727
624.462891	-123.790527
645.996094	-123.362419
667.529297	-122.988937
689.062500	-122.571556
710.595703	-122.173080
732.128906	-121.749039
753.662109	-121.335648
775.195312	-120.899605
796.728516	-120.455521
818.261719	-120.000130
839.794922	-119.546768
861.328125	-119.074791
882.861328	-118.595238
904.394531	-118.104179
925.927734	-117.606819
947.460938	-117.097809
968.994141	-116.554749
990.527344	-116.041840
1012.060547	-115.496849
1033.593750	-114.934486
1055.126953	-114.365540
1076.660156	-113.779335
1098.193359	-113.183266
1119.726562	-112.566208
1141.259766	-111.937874
1162.792969	-111.293694
1184.326172	-110.627693
1205.859375	-109.945358
1227.392578	-109.246284
1248.925781	-108.524078
1270.458984	-107.781441
1291.992188	-107.019775
1313.525391	-106.239540
1335.058594	-105.414101
1356.591797	-104.568459
1378.125000	-103.697609
1399.658203	-102.794037
1421.191406	-101.856201
1442.724609	-100.884262
1464.257812	-99.872467
1485.791016	-98.818161
1507.324219	-97.717621
1528.857422	-96.567902
1550.390625	-95.362839
1571.923828	-94.097954
1593.457031	-92.766129
1614.990234	-91.361687
1636.523438	-89.875328
1658.056641	-88.294014
1679.589844	-86.612556
1701.123047	-84.808678
1722.656250	-82.866150
1744.189453	-80.746269
1765.722656	-77.947868
1787.255859	-69.961555
1808.789062	-68.405746
1830.322266	-69.808960
1851.855469	-66.494736
1873.388672	-62.350697
1894.921875	-57.392010
1916.455078	-51.208572
1937.988281	-42.939209
1959.521484	-30.066469
1981.054688	-2.513110
2002.587891	1.981166
2024.121094	-5.654328
2045.654297	-33.973473
2067.187500	-45.303654
2088.720703	-52.979057
2110.253906	-58.847809
2131.787109	-63.616276
2153.320312	-67.636597
2174.853516	-69.615959
2196.386719	-65.950600
2217.919922	-69.658684
2239.453125	-79.312302
2260.986328	-81.690796
2282.519531	-83.789574
2304.052734	-85.729454
2325.585938	-87.535286
2347.119141	-89.224648
2368.652344	-90.816147
2390.185547	-92.314911
2411.718750	-93.734230
2433.251953	-95.084167
2454.785156	-96.368149
2476.318359	-97.592545
2497.851562	-98.764275
2519.384766	-99.887367
2540.917969	-100.963875
2562.451172	-101.999237
2583.984375	-102.998535
2605.517578	-103.960243
2627.050781	-104.888435
2648.583984	-105.787987
2670.117188	-106.658981
2691.650391	-107.514473
2713.183594	-108.319069
2734.716797	-109.111786
2756.250000	-109.882729
2777.783203	-110.631020
2799.316406	-111.363449
2820.849609	-112.076019
2842.382812	-112.763702
2863.916016	-113.445030
2885.449219	-114.104347
2906.982422	-114.745506
2928.515625	-115.378098
2950.048828	-115.991165
2971.582031	-116.597015
2993.115234	-117.181046
3014.648438	-117.759499
3036.181641	-118.311806
3057.714844	-118.879280
3079.248047	-119.419388
3100.781250	-119.957130
3122.314453	-120.476677
3143.847656	-120.990288
3165.380859	-121.486900
3186.914062	-121.989807
3208.447266	-122.474426
3229.980469	-122.938644
3251.513672	-123.416283
3273.046875	-123.866417
3294.580078	-124.313782
3316.113281	-124.773560
3337.646484	-125.177788
3359.179688	-125.650948
3380.712891	-126.084496
3402.246094	-126.438797
3423.779297	-126.862709
3445.312500	-127.232552
3466.845703	-127.622772
3488.378906	-128.033615
3509.912109	-128.328354
3531.445312	-128.691940
3552.978516	-129.100616
3574.511719	-129.432373
3596.044922	-129.738434
3617.578125	-130.115982
3639.111328	-130.372116
3660.644531	-130.708755
3682.177734	-130.996994
3703.710938	-131.262146
3725.244141	-131.481873
3746.777344	-131.762299
3768.310547	-132.003983
3789.843750	-132.227234
3811.376953	-132.419022
3832.910156	-132.610641
3854.443359	-132.786331
3875.976562	-132.902832
3897.509766	-133.046036
3919.042969	-133.116547
3940.576172	-133.255249
3962.109375	-133.274460
3983.642578	-133.344238
4005.175781	-133.349854
4026.708984	-133.336075
4048.242188	-133.321823
4069.775391	-133.359848
4091.308594	-133.208694
4112.841797	-133.089233
4134.375000	-133.022430
4155.908203	-132.866501
4177.441406	-132.714127
4198.974609	-132.549683
4220.507812	-132.386963
4242.041016	-132.171005
4263.574219	-131.963867
4285.107422	-131.713196
4306.640625	-131.467209
4328.173828	-131.215363
4349.707031	-130.943176
4371.240234	-130.678131
4392.773438	-130.365707
4414.306641	-130.055832
4435.839844	-129.751877
4457.373047	-129.415253
4478.906250	-129.092407
4500.439453	-128.762650
4521.972656	-128.392914
4543.505859	-128.049957
4565.039062	-127.677399
4586.572266	-127.289841
4608.105469	-126.910492
4629.638672	-126.558708
4651.171875	-126.123970
4672.705078	-125.720665
4694.238281	-125.299942
4715.771484	-124.877357
4737.304688	-124.444290
4758.837891	-124.017456
4780.371094	-123.556648
4801.904297	-123.099152
4823.437500	-122.630081
4844.970703	-122.159088
4866.503906	-121.670753
4888.037109	-121.173271
4909.570312	-120.670677
4931.103516	-120.155075
4952.636719	-119.633255
4974.169922	-119.087891
4995.703125	-118.542030
5017.236328	-117.985756
5038.769531	-117.408768
5060.302734	-116.820099
5081.835938	-116.219124
5103.369141	-115.602440
5124.902344	-114.973030
5146.435547	-114.326035
5167.968750	-113.664841
5189.501953	-112.982887
5211.035156	-112.283974
5232.568359	-111.566071
5254.101562	-110.827049
5275.634766	-110.066467
5297.167969	-109.277962
5318.701172	-108.476196
5340.234375	-107.639816
5361.767578	-106.777138
5383.300781	-105.885834
5404.833984	-104.961815
5426.367188	-104.003380
5447.900391	-103.008583
5469.433594	-101.973999
5490.966797	-100.895592
5512.500000	-99.771042
5534.033203	-98.595467
5555.566406	-97.363556
5577.099609	-96.070198
5598.632812	-94.708076
5620.166016	-93.271873
5641.699219	-91.751122
5663.232422	-90.134193
5684.765625	-88.410545
5706.298828	-86.562683
5727.832031	-84.570320
5749.365234	-82.387215
5770.898438	-78.543083
5792.431641	-71.395058
5813.964844	-71.473526
5835.498047	-71.335777
5857.031250	-67.672592
5878.564453	-63.344299
5900.097656	-58.125435
5921.630859	-51.533947
5943.164062	-42.501339
5964.697266	-27.398106
5986.230469	-10.119800
6007.763672	-8.500859
6029.296875	-19.838186
6050.830078	-39.234386
6072.363281	-49.354610
6093.896484	-56.481869
6115.429688	-62.026806
6136.962891	-66.577347
6158.496094	-70.437492
6180.029297	-67.674469
6201.562500	-63.594025
6223.095703	-70.228561
6244.628906	-81.826195
6266.162109	-84.065742
6287.695312	-86.106979
6309.228516	-87.998299
6330.761719	-89.761223
6352.294922	-91.412163
6373.828125	-92.964722
6395.361328	-94.425896
6416.894531	-95.815399
6438.427734	-97.136299
6459.960938	-98.391075
6481.494141	-99.587936
6503.027344	-100.733032
6524.560547	-101.829750
6546.093750	-102.882378
6567.626953	-103.893890
6589.160156	-104.869003
6610.693359	-105.808159
6632.226562	-106.714661
6653.759766	-107.592056
6675.292969	-108.435760
6696.826172	-109.264366
6718.359375	-110.058441
6739.892578	-110.831779
6761.425781	-111.584106
6782.958984	-112.312935
6804.492188	-113.025459
6826.025391	-113.716377
6847.558594	-114.389946
6869.091797	-115.045715
6890.625000	-115.688728
6912.158203	-116.314171
6933.691406	-116.926003
6955.224609	-117.523430
6976.757812	-118.108765
6998.291016	-118.678963
7019.824219	-119.239594
7041.357422	-119.787109
7062.890625	-120.321335
7084.423828	-120.849083
7105.957031	-121.363319
7127.490234	-121.872040
7149.023438	-122.361725
7170.556641	-122.845406
7192.089844	-123.329857
7213.623047	-123.798340
7235.156250	-124.255371
7256.689453	-124.706635
7278.222656	-125.153419
7299.755859	-125.586395
7321.289062	-126.023499
7342.822266	-126.432274
7364.355469	-126.836235
7385.888672	-127.310188
7407.421875	-127.661369
7428.955078	-128.062897
7450.488281	-128.437973
7472.021484	-128.813507
7493.554688	-129.215469
7515.087891	-129.559647
7536.621094	-129.900040
7558.154297	-130.279282
7579.687500	-130.626266
7601.220703	-130.958908
7622.753906	-131.311081
7644.287109	-131.604355
7665.820312	-131.928848
7687.353516	-132.244171
7708.886719	-132.555954
7730.419922	-132.853180
7751.953125	-133.129333
7773.486328	-133.412750
7795.019531	-133.671967
7816.552734	-133.930557
7838.085938	-134.184509
7859.619141	-134.434174
7881.152344	-134.639572
7902.685547	-134.867096
7924.218750	-135.057007
7945.751953	-135.247635
7967.285156	-135.405975
7988.818359	-135.572906
8010.351562	-135.697617
8031.884766	-135.814529
8053.417969	-135.887009
8074.951172	-136.018021
8096.484375	-136.050873
8118.017578	-136.081589
8139.550781	-136.126129
8161.083984	-136.105606
8182.617188	-136.077316
8204.150391	-136.045654
8225.683594	-135.955719
8247.216797	-135.858307
8268.750000	-135.773102
8290.283203	-135.632126
8311.816406	-135.471497
8333.349609	-135.285812
8354.882812	-135.106674
8376.416016	-134.908844
8397.949219	-134.666412
8419.482422	-134.416214
8441.015625	-134.174744
8462.548828	-133.901291
8484.082031	-133.591492
8505.615234	-133.301025
8527.148438	-132.966446
8548.681641	-132.633057
8570.214844	-132.300171
8591.748047	-131.948227
8613.281250	-131.579346
8634.814453	-131.162872
8656.347656	-130.808990
8677.880859	-130.416245
8699.414062	-129.999619
8720.947266	-129.591064
8742.480469	-129.147415
8764.013672	-128.722549
8785.546875	-128.273300
8807.080078	-127.817848
8828.613281	-127.347557
8850.146484	-126.872055
8871.679688	-126.387871
8893.212891	-125.888290
8914.746094	-125.370781
8936.279297	-124.848763
8957.812500	-124.326340
8979.345703	-123.783607
9000.878906	-123.224655
9022.412109	-122.659439
9043.945312	-122.087784
9065.478516	-121.480888
9087.011719	-120.871254
9108.544922	-120.250641
9130.078125	-119.609505
9151.611328	-118.956909
9173.144531	-118.284950
9194.677734	-117.594627
9216.210938	-116.885574
9237.744141	-116.159721
9259.277344	-115.407143
9280.810547	-114.636757
9302.343750	-113.842735
9323.876953	-113.023216
9345.410156	-112.175949
9366.943359	-111.301498
9388.476562	-110.397644
9410.009766	-109.461098
9431.542969	-108.487259
9453.076172	-107.477814
9474.609375	-106.428841
9496.142578	-105.334808
9517.675781	-104.191940
9539.208984	-102.998138
9560.742188	-101.747383
9582.275391	-100.432060
9603.808594	-99.047684
9625.341797	-97.587044
9646.875000	-96.038986
9668.408203	-94.392982
9689.941406	-92.635574
9711.474609	-90.750969
9733.007812	-88.718285
9754.541016	-86.501755
9776.074219	-80.059647
9797.607422	-73.877869
9819.140625	-75.883049
9840.673828	-75.149719
9862.207031	-71.311813
9883.740234	-66.793343
9905.273438	-61.295944
9926.806641	-54.248089
9948.339844	-44.295067
9969.873047	-25.683537
9991.406250	-13.666010
10012.939453	-14.835818
10034.472656	-31.105326
10056.005859	-46.657223
10077.539062	-55.824986
10099.072266	-62.485622
10120.605469	-67.746834
10142.138672	-72.092293
10163.671875	-74.977196
10185.205078	-63.659325
10206.738281	-61.571625
10228.271484	-71.903519
10249.804688	-85.892220
10271.337891	-88.912529
10292.871094	-91.029579
10314.404297	-92.913193
10335.937500	-94.653252
10357.470703	-96.279472
10379.003906	-97.801430
10400.537109	-99.219086
10422.070312	-100.605751
10443.603516	-101.912674
10465.136719	-103.147964
10486.669922	-104.326363
10508.203125	-105.454231
10529.736328	-106.536430
10551.269531	-107.572380
10572.802734	-108.568756
10594.335938	-109.531830
10615.869141	-110.457405
10637.402344	-111.350883
10658.935547	-112.215599
10680.468750	-113.051605
10702.001953	-113.862976
10723.535156	-114.647476
10745.068359	-115.410995
10766.601562	-116.154320
10788.134766	-116.872818
10809.667969	-117.570419
10831.201172	-118.255882
10852.734375	-118.919487
10874.267578	-119.568314
10895.800781	-120.201317
10917.333984	-120.817940
10938.867188	-121.422737
10960.400391	-122.009377
10981.933594	-122.586243
11003.466797	-123.143784
11025.000000	-123.699615
11046.533203	-124.244743
11068.066406	-124.765205
11089.599609	-125.283432
11111.132812	-125.796188
11132.666016	-126.290680
11154.199219	-126.782372
11175.732422	-127.257957
11197.265625	-127.732094
11218.798828	-128.196060
11240.332031	-128.649033
11261.865234	-129.089554
11283.398438	-129.535828
11304.931641	-129.972397
11326.464844	-130.386749
11347.998047	-130.809189
11369.531250	-131.218658
11391.064453	-131.582001
11412.597656	-132.012024
11434.130859	-132.412415
11455.664062	-132.795151
11477.197266	-133.161469
11498.730469	-133.560196
11520.263672	-133.897491
11541.796875	-134.274017
11563.330078	-134.635468
11584.863281	-134.981201
11606.396484	-135.309799
11627.929688	-135.691788
11649.462891	-135.981583
11670.996094	-136.324722
11692.529297	-136.652435
11714.062500	-136.973022
11735.595703	-137.305664
11757.128906	-137.620743
11778.662109	-137.871063
11800.195312	-138.206543
11821.728516	-138.513824
11843.261719	-138.776337
11864.794922	-139.074387
11886.328125	-139.346237
11907.861328	-139.600876
11929.394531	-139.883942
11950.927734	-140.154999
11972.460938	-140.375366
11993.994141	-140.637833
12015.527344	-140.862991
12037.060547	-141.085190
12058.593750	-141.312027
12080.126953	-141.539398
12101.660156	-141.704514
12123.193359	-141.884644
12144.726562	-142.098145
12166.259766	-142.237762
12187.792969	-142.395355
12209.326172	-142.516144
12230.859375	-142.639221
12252.392578	-142.764603
12273.925781	-142.837723
12295.458984	-142.917526
12316.992188	-142.848816
12338.525391	-142.936584
12360.058594	-142.945648
12381.591797	-142.928055
12403.125000	-142.874985
12424.658203	-142.832260
12446.191406	-142.707199
12467.724609	-142.536575
12489.257812	-142.448547
12510.791016	-142.306793
12532.324219	-142.099930
12553.857422	-141.896637
12575.390625	-141.659470
12596.923828	-141.329422
12618.457031	-141.136383
12639.990234	-140.862305
12661.523438	-140.509613
12683.056641	-140.169556
12704.589844	-139.780365
12726.123047	-139.408157
12747.656250	-139.023758
12769.189453	-138.603165
12790.722656	-138.199387
12812.255859	-137.765167
12833.789062	-137.318481
12855.322266	-136.859039
12876.855469	-136.380539
12898.388672	-135.876282
12919.921875	-135.384186
12941.455078	-134.858688
12962.988281	-134.332504
12984.521484	-133.795563
13006.054688	-133.144806
13027.587891	-132.642654
13049.121094	-132.064987
13070.654297	-131.455597
13092.187500	-130.829163
13113.720703	-130.205597
13135.253906	-129.557648
13156.787109	-128.882019
13178.320312	-128.200623
13199.853516	-127.504356
13221.386719	-126.779152
13242.919922	-126.036766
13264.453125	-125.271324
13285.986328	-124.480400
13307.519531	-123.687141
13329.052734	-122.842255
13350.585938	-121.975075
13372.119141	-121.085732
13393.652344	-120.162834
13415.185547	-119.206131
13436.718750	-118.215958
13458.251953	-117.188782
13479.785156	-116.116280
13501.318359	-114.999855
13522.851562	-113.835587
13544.384766	-112.618935
13565.917969	-111.342041
13587.451172	-109.996201
13608.984375	-108.584381
13630.517578	-107.097717
13652.050781	-105.515900
13673.583984	-103.833923
13695.117188	-102.036865
13716.650391	-100.105904
13738.183594	-98.010574
13759.716797	-95.553795
13781.250000	-81.542816
13802.783203	-77.248955
13824.316406	-83.210960
13845.849609	-84.046852
13867.382812	-80.058167
13888.916016	-75.328331
13910.449219	-69.516327
13931.982422	-61.936905
13953.515625	-50.824368
13975.048828	-24.823801
13996.582031	-16.643044
14018.115234	-20.663652
14039.648438	-45.692238
14061.181641	-58.872036
14082.714844	-67.256905
14104.248047	-73.503059
14125.781250	-78.475304
14147.314453	-81.967010
14168.847656	-72.205750
14190.380859	-59.468403
14211.914062	-60.087746
14233.447266	-75.172195
14254.980469	-90.330330
14276.513672	-96.850395
14298.046875	-100.196373
14319.580078	-102.486267
14341.113281	-104.370384
14362.646484	-106.048729
14384.179688	-107.408989
14405.712891	-108.569336
14427.246094	-110.316788
14448.779297	-111.668663
14470.312500	-112.889641
14491.845703	-114.051476
14513.378906	-115.162918
14534.912109	-116.224174
14556.445312	-117.247711
14577.978516	-118.225815
14599.511719	-119.169601
14621.044922	-120.078400
14642.578125	-120.957779
14664.111328	-121.805038
14685.644531	-122.639343
14707.177734	-123.427399
14728.710938	-124.198349
14750.244141	-124.941460
14771.777344	-125.667931
14793.310547	-126.372826
14814.843750	-127.062668
14836.376953	-127.733612
14857.910156	-128.381836
14879.443359	-129.009872
14900.976562	-129.641174
14922.509766	-130.238022
14944.042969	-130.824570
14965.576172	-131.404190
14987.109375	-131.974609
15008.642578	-132.526657
15030.175781	-133.052032
15051.708984	-133.595245
15073.242188	-134.102402
15094.775391	-134.604980
15116.308594	-135.114182
15137.841797	-135.585739
15159.375000	-136.067703
15180.908203	-136.537796
15202.441406	-136.994141
15223.974609	-137.436630
15245.507812	-137.890717
15267.041016	-138.310135
15288.574219	-138.748337
15310.107422	-139.133850
15331.640625	-139.582474
15353.173828	-139.950104
15374.707031	-140.399261
15396.240234	-140.781235
15417.773438	-141.134995
15439.306641	-141.542648
15460.839844	-141.900284
15482.373047	-142.261124
15503.906250	-142.661118
15525.439453	-142.955063
15546.972656	-143.293457
15568.505859	-143.626022
15590.039062	-144.002884
15611.572266	-144.305206
15633.105469	-144.634018
15654.638672	-144.908081
15676.171875	-145.297424
15697.705078	-145.575699
15719.238281	-145.845169
15740.771484	-146.198883
15762.304688	-146.196579
15783.837891	-146.328506
15805.371094	-146.810959
15826.904297	-147.262314
15848.437500	-147.530045
15869.970703	-147.790039
15891.503906	-148.027084
15913.037109	-148.145020
15934.570312	-148.356110
15956.103516	-148.756226
15977.636719	-148.884506
15999.169922	-149.095612
16020.703125	-149.305161
16042.236328	-149.163025
16063.769531	-149.474991
16085.302734	-149.782410
16106.835938	-149.875443
16128.369141	-149.979553
16149.902344	-150.162674
16171.435547	-150.253983
16192.968750	-150.296692
16214.501953	-150.391174
16236.035156	-150.325027
16257.568359	-150.360016
16279.101562	-150.348282
16300.634766	-150.421402
16322.167969	-150.368668
16343.701172	-150.289230
16365.234375	-150.233765
16386.767578	-150.069717
16408.300781	-150.052673
16429.833984	-149.832504
16451.367188	-149.549881
16472.900391	-149.241150
16494.433594	-149.287231
16515.966797	-149.092773
16537.500000	-148.919281
16559.033203	-148.628311
16580.566406	-148.360184
16602.099609	-148.016891
16623.632812	-147.854996
16645.166016	-147.434586
16666.699219	-147.184525
16688.232422	-146.744614
16709.765625	-146.465973
16731.298828	-146.040237
16752.832031	-145.682022
16774.365234	-145.321991
16795.898438	-144.863434
16817.431641	-144.445602
16838.964844	-144.064835
16860.498047	-143.607819
16882.031250	-143.144897
16903.564453	-142.672333
16925.097656	-142.202576
16946.630859	-141.675369
16968.164062	-141.191956
16989.697266	-140.675995
17011.230469	-140.157059
17032.763672	-139.541260
17054.296875	-139.043488
17075.830078	-138.463074
17097.363281	-137.887955
17118.896484	-137.281967
17140.429688	-136.658951
17161.962891	-136.005142
17183.496094	-135.363510
17205.029297	-134.698868
17226.562500	-134.008377
17248.095703	-133.302155
17269.628906	-132.575607
17291.162109	-131.817307
17312.695312	-131.037445
17334.228516	-130.224747
17355.761719	-129.391647
17377.294922	-128.529678
17398.828125	-127.635963
17420.361328	-126.713608
17441.894531	-125.748314
17463.427734	-124.745476
17484.960938	-123.695053
17506.494141	-122.606598
17528.027344	-121.464325
17549.560547	-120.272285
17571.093750	-119.015213
17592.626953	-117.673149
17614.160156	-116.289238
17635.693359	-114.822380
17657.226562	-113.251038
17678.759766	-111.574509
17700.292969	-109.762543
17721.826172	-107.763489
17743.359375	-105.257957
17764.892578	-97.982986
17786.425781	-82.307510
17807.958984	-80.777260
17829.492188	-90.514893
17851.025391	-91.574821
17872.558594	-87.506187
17894.091797	-82.594933
17915.625000	-76.478760
17937.158203	-68.325851
17958.691406	-55.748283
17980.224609	-24.736668
18001.757812	-19.762220
18023.291016	-26.866165
18044.824219	-58.453754
18066.357422	-70.015121
18087.890625	-77.791534
18109.423828	-83.702309
18130.957031	-88.194443
18152.490234	-87.126297
18174.023438	-64.734970
18195.556641	-55.862297
18217.089844	-59.305668
18238.623047	-81.891846
18260.156250	-95.185364
18281.689453	-102.797379
18303.222656	-107.574371
18324.755859	-110.796326
18346.289062	-113.216858
18367.822266	-115.083328
18389.355469	-113.853958
18410.888672	-114.590698
18432.421875	-119.621956
18453.955078	-121.301170
18475.488281	-122.590691
18497.021484	-123.800552
18518.554688	-124.965294
18540.087891	-126.036842
18561.621094	-127.116585
18583.154297	-128.150070
18604.687500	-129.130081
18626.220703	-130.075821
18647.753906	-130.989075
18669.287109	-131.890472
18690.820312	-132.747009
18712.353516	-133.565811
18733.886719	-134.375931
18755.419922	-135.153091
18776.953125	-135.921356
18798.486328	-136.662643
18820.019531	-137.388443
18841.552734	-138.080475
18863.085938	-138.780182
18884.619141	-139.418304
18906.152344	-140.103729
18927.685547	-140.736572
18949.218750	-141.341324
18970.751953	-141.976562
18992.285156	-142.572708
19013.818359	-143.098007
19035.351562	-143.721451
19056.884766	-144.267059
19078.417969	-144.789200
19099.951172	-145.256622
19121.484375	-145.864258
19143.017578	-146.359863
19164.550781	-146.804413
19186.083984	-147.283295
19207.617188	-147.703918
19229.150391	-148.075699
19250.683594	-148.655319
19272.216797	-149.028717
19293.750000	-149.427719
19315.283203	-149.876373
19336.816406	-150.148102
19358.349609	-150.496323
19379.882812	-150.955170
19401.416016	-151.202240
19422.949219	-151.572754
19444.482422	-151.807541
19466.015625	-151.990570
19487.548828	-152.355270
19509.082031	-152.437836
19530.615234	-152.543900
19552.148438	-152.782257
19573.681641	-152.992706
19595.214844	-153.024399
19616.748047	-153.236954
19638.281250	-153.173553
19659.814453	-153.343826
19681.347656	-153.311844
19702.880859	-153.189911
19724.414062	-153.237045
19745.947266	-153.181519
19767.480469	-152.964493
19789.013672	-152.645767
19810.546875	-152.892380
19832.080078	-152.817719
19853.613281	-152.667648
19875.146484	-152.379044
19896.679688	-152.034805
19918.212891	-151.891403
19939.746094	-151.964233
19961.279297	-151.767929
19982.812500	-151.576508
20004.345703	-151.399582
20025.878906	-150.124268
20047.412109	-147.216934
20068.945312	-149.491837
20090.478516	-150.355148
20112.011719	-150.065643
20133.544922	-149.803360
20155.078125	-149.535995
20176.611328	-149.292923
20198.144531	-148.974442
20219.677734	-148.694214
20241.210938	-148.381744
20262.744141	-148.043015
20284.277344	-147.768219
20305.810547	-147.449051
20327.343750	-147.121063
20348.876953	-146.759399
20370.410156	-146.497009
20391.943359	-146.048004
20413.476562	-145.781723
20435.009766	-145.477066
20456.542969	-145.103409
20478.076172	-144.700089
20499.609375	-144.367416
20521.142578	-143.969421
20542.675781	-143.626907
20564.208984	-143.219650
20585.742188	-142.807770
20607.275391	-142.389908
20628.808594	-142.051453
20650.341797	-141.637756
20671.875000	-141.241821
20693.408203	-140.818741
20714.941406	-140.387085
20736.474609	-139.915649
20758.007812	-139.497055
20779.541016	-139.051483
20801.074219	-138.591553
20822.607422	-138.123260
20844.140625	-137.644028
20865.673828	-137.150238
20887.207031	-136.666077
20908.740234	-136.153091
20930.273438	-135.634293
20951.806641	-135.125076
20973.339844	-134.579391
20994.873047	-134.024460
21016.406250	-133.473236
21037.939453	-132.900253
21059.472656	-132.309158
21081.005859	-131.704437
21102.539062	-131.099899
21124.072266	-130.468887
21145.605469	-129.827850
21167.138672	-129.160126
21188.671875	-128.481079
21210.205078	-127.789551
21231.738281	-127.072960
21253.271484	-126.327278
21274.804688	-125.574883
21296.337891	-124.787437
21317.871094	-123.978111
21339.404297	-123.154640
21360.937500	-122.290665
21382.470703	-121.403091
21404.003906	-120.482277
21425.537109	-119.526489
21447.070312	-118.531212
21468.603516	-117.502983
21490.136719	-116.425331
21511.669922	-115.303329
21533.203125	-114.130341
21554.736328	-112.903603
21576.269531	-111.613014
21597.802734	-110.253876
21619.335938	-108.822296
21640.869141	-107.306274
21662.402344	-105.693649
21683.935547	-103.974915
21705.468750	-102.130768
21727.001953	-100.138206
21748.535156	-97.907997
21770.068359	-92.584114
21791.601562	-83.188690
21813.134766	-83.815239
21834.667969	-86.856117
21856.201172	-83.329369
21877.734375	-79.031738
21899.267578	-73.855179
21920.800781	-67.331520
21942.333984	-58.429970
21963.867188	-43.744881
21985.400391	-25.359999
22006.933594	-23.289768
22028.466797	-33.976143
22050.000000	-54.256008
22071.533203	-64.549835
22093.066406	-71.758446
22114.599609	-77.351547
22136.132812	-81.927551
22157.666016	-85.517654
22179.199219	-58.486195
22200.732422	-52.911579
22222.265625	-59.374832
22243.798828	-94.842224
22265.332031	-99.169914
22286.865234	-101.466812
22308.398438	-103.419685
22329.931641	-105.207001
22351.464844	-106.869637
22372.998047	-108.269775
22394.531250	-108.187088
22416.064453	-110.009880
22437.597656	-112.601585
22459.130859	-113.875511
22480.664062	-115.077148
22502.197266	-116.225838
22523.730469	-117.325546
22545.263672	-118.376060
22566.796875	-119.395050
22588.330078	-120.374657
22609.863281	-121.314232
22631.396484	-122.223816
22652.929688	-123.103241
22674.462891	-123.944618
22695.996094	-124.772774
22717.529297	-125.573273
22739.062500	-126.351402
22760.595703	-127.107193
22782.128906	-127.835922
22803.662109	-128.529892
22825.195312	-129.242477
22846.728516	-129.915573
22868.261719	-130.577454
22889.794922	-131.223740
22911.328125	-131.845566
22932.861328	-132.457764
22954.394531	-133.058426
22975.927734	-133.639786
22997.460938	-134.213303
23018.994141	-134.773453
23040.527344	-135.325562
23062.060547	-135.865204
23083.593750	-136.370667
23105.126953	-136.913544
23126.660156	-137.407791
23148.193359	-137.918167
23169.726562	-138.402435
23191.259766	-138.872513
23212.792969	-139.331985
23234.326172	-139.796463
23255.859375	-140.246201
23277.392578	-140.703079
23298.925781	-141.128204
23320.458984	-141.542984
23341.992188	-141.956482
23363.525391	-142.311401
23385.058594	-142.796097
23406.591797	-143.176392
23428.125000	-143.586288
23449.658203	-143.975723
23471.191406	-144.311829
23492.724609	-144.632584
23514.257812	-145.050339
23535.791016	-145.392990
23557.324219	-145.752884
23578.857422	-146.029938
23600.390625	-146.404495
23621.923828	-146.743774
23643.457031	-147.012695
23664.990234	-147.278275
23686.523438	-147.559433
23708.056641	-147.818359
23729.589844	-148.157547
23751.123047	-148.365143
23772.656250	-148.618820
23794.189453	-148.841522
23815.722656	-149.057983
23837.255859	-149.178833
23858.789062	-149.409470
23880.322266	-149.578583
23901.855469	-149.746124
23923.388672	-149.746826
23944.921875	-149.982590
23966.455078	-150.049103
23987.988281	-150.149551
24009.521484	-150.126740
24031.054688	-146.716476
24052.587891	-145.461578
24074.121094	-148.710403
24095.654297	-150.050735
24117.187500	-150.045547
24138.720703	-150.019760
24160.253906	-149.865356
24181.787109	-149.439148
24203.320312	-149.437088
24224.853516	-149.509842
24246.386719	-149.269073
24267.919922	-149.100372
24289.453125	-148.862350
24310.986328	-148.585632
24332.519531	-148.379593
24354.052734	-148.101486
24375.585938	-147.846985
24397.119141	-147.554001
24418.652344	-147.342255
24440.185547	-146.984009
24461.718750	-146.621933
24483.251953	-146.331146
24504.785156	-146.019989
24526.318359	-145.635223
24547.851562	-145.271774
24569.384766	-144.938034
24590.917969	-144.554794
24612.451172	-144.116501
24633.984375	-143.756226
24655.517578	-143.394913
24677.050781	-142.974548
24698.583984	-142.539062
24720.117188	-142.082260
24741.650391	-141.690887
24763.183594	-141.246521
24784.716797	-140.792969
24806.250000	-140.322372
24827.783203	-139.869583
24849.316406	-139.379974
24870.849609	-138.871658
24892.382812	-138.388504
24913.916016	-137.880234
24935.449219	-137.364334
24956.982422	-136.829926
24978.515625	-136.285400
25000.048828	-135.721512
25021.582031	-135.153885
25043.115234	-134.605133
25064.648438	-133.990402
25086.181641	-133.374512
25107.714844	-132.764053
25129.248047	-132.121124
25150.781250	-131.462387
25172.314453	-130.797806
25193.847656	-130.114777
25215.380859	-129.405365
25236.914062	-128.673141
25258.447266	-127.927032
25279.980469	-127.158264
25301.513672	-126.361481
25323.046875	-125.548264
25344.580078	-124.705421
25366.113281	-123.830246
25387.646484	-122.926849
25409.179688	-121.996567
25430.712891	-121.019714
25452.246094	-120.017433
25473.779297	-118.969917
25495.312500	-117.875717
25516.845703	-116.738075
25538.378906	-115.549980
25559.912109	-114.296310
25581.445312	-112.984619
25602.978516	-111.606346
25624.511719	-110.151039
25646.044922	-108.607437
25667.578125	-106.965744
25689.111328	-105.214088
25710.644531	-103.335548
25732.177734	-101.307686
25753.710938	-99.082825
25775.244141	-91.942230
25796.777344	-85.057953
25818.310547	-87.393631
25839.843750	-87.796837
25861.376953	-83.987076
25882.910156	-79.500267
25904.443359	-74.049530
25925.976562	-67.079216
25947.509766	-57.287407
25969.042969	-39.380112
25990.576172	-26.648872
26012.109375	-27.371103
26033.642578	-42.711067
26055.175781	-58.746433
26076.708984	-68.053314
26098.242188	-74.778038
26119.775391	-79.984512
26141.308594	-82.683151
26162.841797	-73.036324
26184.375000	-53.241966
26205.908203	-50.610985
26227.441406	-60.527336
26248.974609	-81.994186
26270.507812	-92.069534
26292.041016	-98.339584
26313.574219	-102.465759
26335.107422	-105.383293
26356.640625	-107.643440
26378.173828	-108.681816
26399.707031	-107.529518
26421.240234	-110.972885
26442.773438	-114.087418
26464.306641	-115.389015
26485.839844	-116.615570
26507.373047	-117.778206
26528.906250	-118.887238
26550.439453	-119.947350
26571.972656	-120.963440
26593.505859	-121.940598
26615.039062	-122.873795
26636.572266	-123.779716
26658.105469	-124.657860
26679.638672	-125.499107
26701.171875	-126.318817
26722.705078	-127.105232
26744.238281	-127.876602
26765.771484	-128.622437
26787.304688	-129.341599
26808.837891	-130.053055
26830.371094	-130.740784
26851.904297	-131.398376
26873.437500	-132.060532
26894.970703	-132.697876
26916.503906	-133.308411
26938.037109	-133.890686
26959.570312	-134.524673
26981.103516	-135.098007
27002.636719	-135.648041
27024.169922	-136.193039
27045.703125	-136.748886
27067.236328	-137.288055
27088.769531	-137.803680
27110.302734	-138.313644
27131.835938	-138.808762
27153.369141	-139.291977
27174.902344	-139.793198
27196.435547	-140.254623
27217.968750	-140.709885
27239.501953	-141.179428
27261.035156	-141.622772
27282.568359	-142.023621
27304.101562	-142.486786
27325.634766	-142.920639
27347.167969	-143.337280
27368.701172	-143.733109
27390.234375	-144.139404
27411.767578	-144.528397
27433.300781	-144.951263
27454.833984	-145.315842
27476.367188	-145.704712
27497.900391	-145.998062
27519.433594	-146.426743
27540.966797	-146.752518
27562.500000	-147.126282
27584.033203	-147.521042
27605.566406	-147.804901
27627.099609	-148.171066
27648.632812	-148.472107
27670.166016	-148.832001
27691.699219	-149.162704
27713.232422	-149.482315
27734.765625	-149.828842
27756.298828	-150.019928
27777.832031	-150.385284
27799.365234	-150.601410
27820.898438	-150.904037
27842.431641	-151.107681
27863.964844	-151.532974
27885.498047	-151.682541
27907.031250	-151.955887
27928.564453	-152.277023
27950.097656	-152.474472
27971.630859	-152.500427
27993.164062	-152.939316
28014.697266	-153.025787
28036.230469	-151.922134
28057.763672	-151.416061
28079.296875	-153.400314
28100.830078	-153.748520
28122.363281	-153.934860
28143.896484	-154.025970
28165.429688	-153.703781
28186.962891	-153.772034
28208.496094	-153.997559
28230.029297	-154.360825
28251.562500	-154.323868
28273.095703	-154.380341
28294.628906	-154.046432
28316.162109	-152.897415
28337.695312	-153.789825
28359.228516	-154.064545
28380.761719	-154.031342
28402.294922	-153.935333
28423.828125	-153.752777
28445.361328	-153.538605
28466.894531	-153.276825
28488.427734	-153.071930
28509.960938	-152.861343
28531.494141	-152.514832
28553.027344	-152.343689
28574.560547	-152.125763
28596.093750	-151.684113
28617.626953	-151.457489
28639.160156	-151.051529
28660.693359	-150.632843
28682.226562	-150.369156
28703.759766	-149.921661
28725.292969	-149.501968
28746.826172	-149.118515
28768.359375	-148.719879
28789.892578	-148.260727
28811.425781	-147.808136
28832.958984	-147.331543
28854.492188	-146.814896
28876.025391	-146.282837
28897.558594	-145.878052
28919.091797	-145.386246
28940.625000	-144.901245
28962.158203	-144.325119
28983.691406	-143.786758
29005.224609	-143.225967
29026.757812	-142.672043
29048.291016	-142.062637
29069.824219	-141.479675
29091.357422	-140.861374
29112.890625	-140.228241
29134.423828	-139.587326
29155.957031	-138.926300
29177.490234	-138.218201
29199.023438	-137.550674
29220.556641	-136.809875
29242.089844	-136.086716
29263.623047	-135.327179
29285.156250	-134.548523
29306.689453	-133.737228
29328.222656	-132.919510
29349.755859	-132.050827
29371.289062	-131.169174
29392.822266	-130.248764
29414.355469	-129.294373
29435.888672	-128.315369
29457.421875	-127.297745
29478.955078	-126.226410
29500.488281	-125.119263
29522.021484	-123.963905
29543.554688	-122.748795
29565.087891	-121.470764
29586.621094	-120.148071
29608.154297	-118.739624
29629.687500	-117.258423
29651.220703	-115.686859
29672.753906	-114.014099
29694.287109	-112.225159
29715.820312	-110.306076
29737.353516	-108.229691
29758.886719	-105.907326
29780.419922	-92.765427
29801.953125	-88.044136
29823.486328	-93.491295
29845.019531	-94.336060
29866.552734	-90.371948
29888.085938	-85.678558
29909.619141	-79.920998
29931.152344	-72.433685
29952.685547	-61.528252
29974.218750	-37.316231
29995.751953	-28.574680
30017.285156	-32.127525
30038.818359	-55.154385
30060.351562	-68.656250
30081.884766	-77.143631
30103.417969	-83.241241
30124.951172	-85.839226
30146.484375	-79.398376
30168.017578	-62.473568
30189.550781	-48.808159
30211.083984	-48.978836
30232.617188	-63.259468
30254.150391	-79.939453
30275.683594	-89.388527
30297.216797	-96.117332
30318.750000	-101.310890
30340.283203	-105.489067
30361.816406	-108.918121
30383.349609	-108.251152
30404.882812	-106.713089
30426.416016	-113.604210
30447.949219	-118.388252
30469.482422	-120.132301
30491.015625	-121.696579
30512.548828	-123.129433
30534.082031	-124.452255
30555.615234	-125.690720
30577.148438	-126.850914
30598.681641	-127.944466
30620.214844	-128.980698
30641.748047	-129.973618
30663.281250	-130.910080
30684.814453	-131.824219
30706.347656	-132.680679
30727.880859	-133.511139
30749.414062	-134.317947
30770.947266	-135.104370
30792.480469	-135.840775
30814.013672	-136.574921
30835.546875	-137.270386
30857.080078	-137.969955
30878.613281	-138.634674
30900.146484	-139.282303
30921.679688	-139.898956
30943.212891	-140.501022
30964.746094	-141.110153
30986.279297	-141.716141
31007.812500	-142.297821
31029.345703	-142.833862
31050.878906	-143.393524
31072.412109	-143.393707
31093.945312	-144.269394
31115.478516	-144.937744
31137.011719	-145.447083
31158.544922	-145.946457
31180.078125	-146.401596
31201.611328	-146.866028
31223.144531	-147.339310
31244.677734	-147.709457
31266.210938	-148.201340
31287.744141	-148.590744
31309.277344	-149.120361
31330.810547	-149.528488
31352.343750	-149.968430
31373.876953	-150.354584
31395.410156	-150.733994
31416.943359	-151.081924
31438.476562	-151.558716
31460.009766	-151.907959
31481.542969	-152.254242
31503.076172	-152.545380
31524.609375	-153.032852
31546.142578	-153.348419
31567.675781	-153.726501
31589.208984	-154.005737
31610.742188	-154.103302
31632.275391	-154.118042
31653.808594	-154.984619
31675.341797	-155.324905
31696.875000	-155.702454
31718.408203	-155.978638
31739.941406	-156.319473
31761.474609	-156.026291
31783.007812	-156.623322
31804.541016	-157.131699
31826.074219	-157.409348
31847.607422	-157.547440
31869.140625	-158.024750
31890.673828	-158.162308
31912.207031	-158.429398
31933.740234	-158.483276
31955.273438	-158.910385
31976.806641	-158.687469
31998.339844	-159.561172
32019.873047	-159.541611
32041.406250	-157.502975
32062.939453	-157.865173
32084.472656	-160.220459
32106.005859	-159.786453
32127.539062	-160.293549
32149.072266	-160.731720
32170.605469	-160.509293
32192.138672	-160.454956
32213.671875	-161.282898
32235.205078	-161.476242
32256.738281	-161.577209
32278.271484	-161.505600
32299.804688	-158.202774
32321.337891	-155.876068
32342.871094	-160.081299
32364.404297	-162.117477
32385.937500	-161.607895
32407.470703	-161.691635
32429.003906	-161.217590
32450.537109	-158.117508
32472.070312	-160.492935
32493.603516	-161.479889
32515.136719	-162.001022
32536.669922	-161.684158
32558.203125	-161.685669
32579.736328	-160.224487
32601.269531	-160.384613
32622.802734	-161.179047
32644.335938	-160.790314
32665.869141	-160.378510
32687.402344	-160.710068
32708.935547	-160.229874
32730.468750	-159.822418
32752.001953	-159.925964
32773.535156	-159.487305
32795.068359	-158.799561
32816.601562	-158.691360
32838.134766	-158.529541
32859.667969	-158.032333
32881.201172	-157.570984
32902.734375	-157.369904
32924.267578	-156.891296
32945.800781	-156.494583
32967.333984	-155.968994
32988.867188	-155.217377
33010.400391	-154.501938
33031.933594	-154.452148
33053.466797	-154.162872
33075.000000	-153.524857
33096.533203	-153.039307
33118.066406	-152.402557
33139.599609	-151.702148
33161.132812	-151.177826
33182.666016	-150.655060
33204.199219	-150.097565
33225.732422	-149.389664
33247.265625	-148.710785
33268.798828	-148.033401
33290.332031	-147.303177
33311.865234	-146.622604
33333.398438	-145.814209
33354.931641	-144.996811
33376.464844	-144.206451
33397.998047	-143.402451
33419.531250	-142.464340
33441.064453	-141.562881
33462.597656	-140.630341
33484.130859	-139.611496
33505.664062	-138.565628
33527.197266	-137.463806
33548.730469	-136.321838
33570.263672	-135.127274
33591.796875	-133.777359
33613.330078	-132.468231
33634.863281	-131.095337
33656.396484	-129.573532
33677.929688	-127.933174
33699.462891	-126.129120
33720.996094	-124.051788
33742.529297	-120.919464
33764.062500	-111.076820
33785.595703	-93.517891
33807.128906	-91.552116
33828.662109	-101.946861
33850.195312	-108.282112
33871.728516	-104.393539
33893.261719	-99.553467
33914.794922	-93.522667
33936.328125	-85.499512
33957.861328	-73.217842
33979.394531	-36.587563
34000.927734	-31.125370
34022.460938	-37.710106
34043.994141	-74.784698
34065.527344	-86.546684
34087.060547	-93.572220
34108.593750	-93.955200
34130.126953	-87.592171
34151.660156	-77.001259
34173.193359	-54.546055
34194.726562	-45.087601
34216.259766	-48.069443
34237.792969	-69.073730
34259.326172	-83.000282
34280.859375	-91.649681
34302.392578	-98.038963
34323.925781	-103.126816
34345.458984	-107.356735
34366.992188	-110.560379
34388.525391	-105.524109
34410.058594	-105.459000
34431.591797	-116.290108
34453.125000	-121.680725
34474.658203	-123.911850
34496.191406	-125.874336
34517.724609	-127.687500
34539.257812	-129.372650
34560.791016	-130.969788
34582.324219	-132.442505
34603.857422	-133.852402
34625.390625	-135.172913
34646.923828	-136.459061
34668.457031	-137.635361
34689.990234	-138.792297
34711.523438	-139.886978
34733.056641	-140.924835
34754.589844	-141.972916
34776.123047	-142.891846
34797.656250	-143.815750
34819.189453	-144.759171
34840.722656	-145.588501
34862.255859	-146.436371
34883.789062	-147.296371
34905.322266	-148.042267
34926.855469	-148.821045
34948.388672	-149.530930
34969.921875	-150.324280
34991.455078	-150.966843
35012.988281	-151.684998
35034.521484	-152.272293
35056.054688	-150.089127
35077.587891	-149.314453
35099.121094	-152.517517
35120.654297	-154.726028
35142.187500	-155.344452
35163.720703	-155.874695
35185.253906	-156.056976
35206.787109	-155.138504
35228.320312	-156.553040
35249.853516	-157.825363
35271.386719	-158.462921
35292.919922	-158.858795
35314.453125	-159.306168
35335.986328	-159.140579
35357.519531	-159.668686
35379.052734	-160.085922
35400.585938	-160.597290
35422.119141	-160.338730
35443.652344	-161.437943
35465.185547	-161.748016
35486.718750	-161.940750
35508.251953	-162.299805
35529.785156	-162.508179
35551.318359	-161.417114
35572.851562	-162.552475
35594.384766	-162.803467
35615.917969	-162.956146
35637.451172	-162.776154
35658.984375	-163.598999
35680.517578	-163.759277
35702.050781	-163.726273
35723.583984	-163.218491
35745.117188	-162.050568
35766.650391	-160.763367
35788.183594	-162.959747
35809.716797	-163.368622
35831.250000	-163.662537
35852.783203	-163.600815
35874.316406	-163.176346
35895.849609	-160.897766
35917.382812	-162.360382
35938.916016	-162.823135
35960.449219	-163.019348
35981.982422	-162.671585
36003.515625	-162.299606
36025.048828	-161.958694
36046.582031	-159.477386
36068.115234	-160.850433
36089.648438	-161.318024
36111.181641	-160.667160
36132.714844	-161.294098
36154.248047	-160.743622
36175.781250	-160.490356
36197.314453	-160.420547
36218.847656	-160.182388
36240.380859	-159.507462
36261.914062	-159.372894
36283.447266	-159.294434
36304.980469	-158.642960
36326.513672	-157.941971
36348.046875	-158.335251
36369.580078	-158.182709
36391.113281	-157.541061
36412.646484	-157.118698
36434.179688	-156.428650
36455.712891	-155.434082
36477.246094	-156.202499
36498.779297	-156.203262
36520.312500	-155.732544
36541.845703	-155.296341
36563.378906	-154.124039
36584.912109	-152.044235
36606.445312	-153.176117
36627.978516	-153.877441
36649.511719	-153.426590
36671.044922	-152.971161
36692.578125	-152.587021
36714.111328	-152.141632
36735.644531	-151.721832
36757.177734	-151.365387
36778.710938	-150.862762
36800.244141	-150.421280
36821.777344	-149.953659
36843.310547	-149.486221
36864.843750	-148.968674
36886.376953	-148.474121
36907.910156	-148.000977
36929.443359	-147.492981
36950.976562	-146.934921
36972.509766	-146.442276
36994.042969	-145.874725
37015.576172	-145.345901
37037.109375	-144.753922
37058.642578	-144.175140
37080.175781	-143.570816
37101.708984	-142.969376
37123.242188	-142.345428
37144.775391	-141.693848
37166.308594	-141.069519
37187.841797	-140.360764
37209.375000	-139.657364
37230.908203	-138.954163
37252.441406	-138.213501
37273.974609	-137.452942
37295.507812	-136.675232
37317.041016	-135.878922
37338.574219	-135.047714
37360.107422	-134.190659
37381.640625	-133.302368
37403.173828	-132.386429
37424.707031	-131.433609
37446.240234	-130.444366
37467.773438	-129.415283
37489.306641	-128.334106
37510.839844	-127.220810
37532.373047	-126.056541
37553.906250	-124.828934
37575.439453	-123.535713
37596.972656	-122.187325
37618.505859	-120.758911
37640.039062	-119.247749
37661.572266	-117.637627
37683.105469	-115.927338
37704.638672	-114.088882
37726.171875	-112.098732
37747.705078	-109.857498
37769.238281	-104.450935
37790.771484	-94.328377
37812.304688	-94.701271
37833.837891	-98.771294
37855.371094	-95.373627
37876.904297	-91.106422
37898.437500	-85.971512
37919.970703	-79.514519
37941.503906	-70.740234
37963.037109	-56.446209
37984.570312	-36.831570
38006.103516	-34.307251
38027.636719	-44.368324
38049.169922	-65.656479
38070.703125	-76.130737
38092.236328	-83.422997
38113.769531	-89.065308
38135.302734	-93.665665
38156.835938	-96.941231
38178.369141	-48.107422
38199.902344	-42.030930
38221.435547	-47.989338
38242.968750	-102.446968
38264.501953	-109.841324
38286.035156	-112.925407
38307.568359	-115.097298
38329.101562	-116.958336
38350.634766	-118.532013
38372.167969	-111.833763
38393.701172	-102.254120
38415.234375	-104.658173
38436.767578	-121.236214
38458.300781	-125.514122
38479.833984	-126.904526
38501.367188	-128.078934
38522.900391	-129.213272
38544.433594	-130.264954
38565.966797	-131.276199
38587.500000	-132.250916
38609.033203	-133.193817
38630.566406	-134.108353
38652.099609	-134.984268
38673.632812	-135.842224
38695.166016	-136.670197
38716.699219	-137.476517
38738.232422	-138.259064
38759.765625	-139.016953
38781.298828	-139.736725
38802.832031	-140.461273
38824.365234	-141.167221
38845.898438	-141.832779
38867.431641	-142.485764
38888.964844	-143.136719
38910.498047	-143.765396
38932.031250	-144.396271
38953.564453	-144.992905
38975.097656	-145.566711
38996.630859	-146.083160
39018.164062	-146.695923
39039.697266	-147.248032
39061.230469	-147.723892
39082.763672	-147.998917
39104.296875	-148.786819
39125.830078	-149.303024
39147.363281	-149.832382
39168.896484	-150.317307
39190.429688	-150.500443
39211.962891	-150.821213
39233.496094	-151.544754
39255.029297	-152.102386
39276.562500	-152.538254
39298.095703	-152.942810
39319.628906	-153.140640
39341.162109	-152.533615
39362.695312	-153.662247
39384.228516	-154.510406
39405.761719	-155.041260
39427.294922	-155.368362
39448.828125	-155.815231
39470.361328	-156.023636
39491.894531	-156.366959
39513.427734	-156.726593
39534.960938	-156.919968
39556.494141	-157.291290
39578.027344	-157.778214
39599.560547	-157.823822
39621.093750	-158.288803
39642.626953	-158.645020
39664.160156	-158.960495
39685.693359	-158.511780
39707.226562	-159.235962
39728.759766	-159.393097
39750.292969	-159.875763
39771.826172	-159.731369
39793.359375	-160.031464
39814.892578	-160.248291
39836.425781	-160.554947
39857.958984	-160.230469
39879.492188	-159.800293
39901.025391	-159.106003
39922.558594	-160.696518
39944.091797	-160.989304
39965.625000	-161.043228
39987.158203	-160.990417
40008.691406	-160.688965
40030.224609	-159.293640
40051.757812	-159.547409
40073.291016	-160.446609
40094.824219	-160.713364
40116.357422	-160.654495
40137.890625	-160.329971
40159.423828	-159.933975
40180.957031	-160.078156
40202.490234	-159.748932
40224.023438	-159.686050
40245.556641	-158.950882
40267.089844	-159.174500
40288.623047	-159.221466
40310.156250	-158.842880
40331.689453	-158.448715
40353.222656	-158.354141
40374.755859	-157.808395
40396.289062	-157.726868
40417.822266	-157.455475
40439.355469	-157.157654
40460.888672	-156.848831
40482.421875	-156.615433
40503.955078	-156.280289
40525.488281	-156.002197
40547.021484	-155.484253
40568.554688	-153.301819
40590.087891	-151.681183
40611.621094	-153.991547
40633.154297	-154.112488
40654.687500	-153.707153
40676.220703	-153.286682
40697.753906	-152.741272
40719.287109	-151.991898
40740.820312	-151.856934
40762.353516	-151.636200
40783.886719	-151.192368
40805.419922	-150.731277
40826.953125	-150.259613
40848.486328	-149.733795
40870.019531	-149.273270
40891.552734	-148.778625
40913.085938	-148.337036
40934.619141	-147.766083
40956.152344	-147.293121
40977.685547	-146.741104
40999.218750	-146.193481
41020.751953	-145.630951
41042.285156	-145.107712
41063.818359	-144.499863
41085.351562	-143.906342
41106.884766	-143.279144
41128.417969	-142.647552
41149.951172	-142.023758
41171.484375	-141.355057
41193.017578	-140.677673
41214.550781	-139.992325
41236.083984	-139.257202
41257.617188	-138.536255
41279.150391	-137.774200
41300.683594	-137.005432
41322.216797	-136.200562
41343.750000	-135.366516
41365.283203	-134.506516
41386.816406	-133.618683
41408.349609	-132.669037
41429.882812	-131.723282
41451.416016	-130.744034
41472.949219	-129.711807
41494.482422	-128.626892
41516.015625	-127.507446
41537.548828	-126.323860
41559.082031	-125.095314
41580.615234	-123.797256
41602.148438	-122.428650
41623.681641	-120.986786
41645.214844	-119.459129
41666.748047	-117.832275
41688.281250	-116.092293
41709.814453	-114.229805
41731.347656	-112.216156
41752.880859	-109.998222
41774.414062	-103.249954
41795.947266	-96.004738
41817.480469	-98.074646
41839.013672	-98.790764
41860.546875	-95.013199
41882.080078	-90.559746
41903.613281	-85.156616
41925.146484	-78.262817
41946.679688	-68.626923
41968.212891	-51.357277
41989.746094	-37.873650
42011.279297	-38.149273
42032.812500	-52.625248
42054.345703	-69.182007
42075.878906	-78.586372
42097.412109	-84.727402
42118.945312	-85.156036
42140.478516	-77.836555
42162.011719	-64.070740
42183.544922	-42.712025
42205.078125	-39.621952
42226.611328	-48.941624
42248.144531	-71.703011
42269.677734	-82.406631
42291.210938	-89.793953
42312.744141	-95.477867
42334.277344	-100.101089
42355.810547	-103.991730
42377.343750	-103.514168
42398.876953	-98.796997
42420.410156	-103.887115
42441.943359	-115.233101
42463.476562	-117.376488
42485.009766	-119.323250
42506.542969	-121.112114
42528.076172	-122.768326
42549.609375	-124.306023
42571.142578	-125.749802
42592.675781	-127.094482
42614.208984	-128.372284
42635.742188	-129.560165
42657.275391	-130.716965
42678.808594	-131.794815
42700.341797	-132.840149
42721.875000	-133.810120
42743.408203	-134.759735
42764.941406	-135.680679
42786.474609	-136.528397
42808.007812	-137.376740
42829.541016	-138.210800
42851.074219	-139.002563
42872.607422	-139.763550
42894.140625	-140.487335
42915.673828	-141.182877
42937.207031	-141.888123
42958.740234	-142.574112
42980.273438	-143.223206
43001.806641	-143.851059
43023.339844	-144.452576
43044.873047	-145.064987
43066.406250	-145.610306
43087.939453	-146.218201
43109.472656	-146.808594
43131.005859	-147.297592
43152.539062	-147.886032
43174.072266	-148.399277
43195.605469	-148.908386
43217.138672	-149.386292
43238.671875	-149.925476
43260.205078	-150.368073
43281.738281	-150.871231
43303.271484	-151.289978
43324.804688	-151.390564
43346.337891	-151.060364
43367.871094	-152.359650
43389.404297	-153.070587
43410.937500	-153.456375
43432.470703	-153.858521
43454.003906	-154.000183
43475.537109	-153.828400
43497.070312	-154.749786
43518.603516	-155.381485
43540.136719	-155.718964
43561.669922	-156.061844
43583.203125	-156.441315
43604.736328	-156.070572
43626.269531	-156.830811
43647.802734	-157.293213
43669.335938	-157.611801
43690.869141	-157.616959
43712.402344	-158.318832
43733.935547	-158.631866
43755.468750	-158.897400
43777.001953	-159.022110
43798.535156	-159.456818
43820.068359	-158.797607
43841.601562	-159.620468
43863.134766	-159.860336
43884.667969	-160.043259
43906.201172	-160.036469
43927.734375	-160.615189
43949.267578	-160.656616
43970.800781	-160.717896
43992.333984	-160.540131
44013.867188	-160.036804
44035.400391	-159.343018
44056.933594	-160.364075
44078.466797	-161.030746
