Frequency (Hz)	Level (dB)
5.383301	-36.090031
10.766602	-36.422718
16.149902	-36.291801
21.533203	-35.676659
26.916504	-35.519009
32.299805	-35.752983
37.683105	-36.080193
43.066406	-35.995033
48.449707	-36.181183
53.833008	-36.029060
59.216309	-36.121460
64.599609	-36.233803
69.982910	-35.785603
75.366211	-35.717312
80.749512	-35.984715
86.132812	-36.085293
91.516113	-36.340088
96.899414	-36.341187
102.282715	-36.089344
107.666016	-36.067650
113.049316	-36.383408
118.432617	-36.345387
123.815918	-36.450684
129.199219	-35.813210
134.582520	-35.897270
139.965820	-36.524380
145.349121	-36.091881
150.732422	-35.946548
156.115723	-35.819656
161.499023	-35.805901
166.882324	-36.238308
172.265625	-36.320538
177.648926	-35.963390
183.032227	-36.096798
188.415527	-36.368416
193.798828	-36.287388
199.182129	-35.946529
204.565430	-35.724545
209.948730	-36.260323
215.332031	-36.433571
220.715332	-36.117298
226.098633	-36.142204
231.481934	-36.000153
236.865234	-36.070694
242.248535	-36.095100
247.631836	-35.905983
253.015137	-36.055412
258.398438	-36.297264
263.781738	-35.972397
269.165039	-35.943966
274.548340	-36.144161
279.931641	-35.938843
285.314941	-36.302071
290.698242	-36.315643
296.081543	-36.399719
301.464844	-36.059204
306.848145	-35.913986
312.231445	-36.116909
317.614746	-36.190441
322.998047	-36.319839
328.381348	-35.864254
333.764648	-36.058350
339.147949	-36.048897
344.531250	-35.953812
349.914551	-35.876678
355.297852	-36.017746
360.681152	-35.884167
366.064453	-35.640038
371.447754	-35.790871
376.831055	-36.166344
382.214355	-35.953926
387.597656	-35.821655
392.980957	-35.995979
398.364258	-36.329517
403.747559	-36.115509
409.130859	-35.827278
414.514160	-35.844994
419.897461	-36.260132
425.280762	-36.329144
430.664062	-36.493797
436.047363	-36.214577
441.430664	-35.888580
446.813965	-36.132240
452.197266	-35.681393
457.580566	-35.815384
462.963867	-36.330601
468.347168	-36.249439
473.730469	-36.352840
479.113770	-36.563015
484.497070	-36.128113
489.880371	-36.020401
495.263672	-36.404572
500.646973	-36.202610
506.030273	-36.052696
511.413574	-36.000359
516.796875	-36.515396
522.180176	-36.138714
527.563477	-36.155251
532.946777	-36.507786
538.330078	-36.175270
543.713379	-36.475803
549.096680	-36.192093
554.479980	-35.956551
559.863281	-36.231647
565.246582	-36.057320
570.629883	-35.996311
576.013184	-36.074947
581.396484	-36.077805
586.779785	-35.939667
592.163086	-35.775799
597.546387	-36.010235
602.929688	-35.881725
608.312988	-36.075584
613.696289	-36.335300
619.079590	-36.465851
624.462891	-36.242790
629.846191	-36.286339
635.229492	-36.368721
640.612793	-36.428452
645.996094	-36.271965
651.379395	-35.822338
656.762695	-35.954628
662.145996	-36.085625
667.529297	-36.106079
672.912598	-36.362522
678.295898	-36.152981
683.679199	-36.047928
689.062500	-35.827927
694.445801	-35.716640
699.829102	-35.941643
705.212402	-35.949196
710.595703	-36.548340
715.979004	-36.367474
721.362305	-35.978497
726.745605	-36.102135
732.128906	-36.387501
737.512207	-36.767910
742.895508	-36.742847
748.278809	-36.076767
753.662109	-35.763695
759.045410	-35.732174
764.428711	-36.124836
769.812012	-36.159954
775.195312	-36.319061
780.578613	-36.173847
785.961914	-35.921139
791.345215	-36.152119
796.728516	-36.086052
802.111816	-36.129349
807.495117	-36.275818
812.878418	-36.344120
818.261719	-36.305756
823.645020	-35.938461
829.028320	-36.062748
834.411621	-36.272156
839.794922	-36.472248
845.178223	-36.079041
850.561523	-36.439854
855.944824	-36.298111
861.328125	-36.102528
866.711426	-36.032078
872.094727	-36.469017
877.478027	-36.509277
882.861328	-36.163353
888.244629	-35.925484
893.627930	-35.900429
899.011230	-36.321529
904.394531	-36.257904
909.777832	-35.722519
915.161133	-36.000820
920.544434	-36.534092
925.927734	-36.247120
931.311035	-36.453674
936.694336	-36.313591
942.077637	-36.218918
947.460938	-35.935787
952.844238	-36.163719
958.227539	-36.191807
963.610840	-36.062225
968.994141	-36.067524
974.377441	-36.119225
979.760742	-36.347397
985.144043	-36.562592
990.527344	-35.995541
995.910645	-36.058342
1001.293945	-36.245560
1006.677246	-36.540520
1012.060547	-36.100288
1017.443848	-36.054504
1022.827148	-36.131161
1028.210449	-35.897713
1033.593750	-35.940125
1038.977051	-36.113754
1044.360352	-36.051842
1049.743652	-35.959846
1055.126953	-36.572449
1060.510254	-36.354450
1065.893555	-36.304550
1071.276855	-35.947208
1076.660156	-35.941238
1082.043457	-36.707359
1087.426758	-36.844448
1092.810059	-36.780060
1098.193359	-36.163952
1103.576660	-35.789356
1108.959961	-35.524857
1114.343262	-35.671780
1119.726562	-35.864204
1125.109863	-35.865627
1130.493164	-36.512241
1135.876465	-36.524220
1141.259766	-36.342319
1146.643066	-36.010326
1152.026367	-35.940369
1157.409668	-36.102192
1162.792969	-36.319351
1168.176270	-36.357727
1173.559570	-36.195229
1178.942871	-36.266396
1184.326172	-36.073090
1189.709473	-36.172390
1195.092773	-36.017784
1200.476074	-35.746628
1205.859375	-35.863758
1211.242676	-36.116611
1216.625977	-35.966526
1222.009277	-36.189846
1227.392578	-36.267090
1232.775879	-36.552990
1238.159180	-36.200089
1243.542480	-36.061096
1248.925781	-36.106567
1254.309082	-36.397240
1259.692383	-36.164730
1265.075684	-36.292667
1270.458984	-36.239460
1275.842285	-36.269394
1281.225586	-36.446835
1286.608887	-36.501968
1291.992188	-36.237743
1297.375488	-36.236511
1302.758789	-36.258759
1308.142090	-36.295406
1313.525391	-36.372353
1318.908691	-36.112080
1324.291992	-36.602413
1329.675293	-36.211498
1335.058594	-36.275963
1340.441895	-36.391850
1345.825195	-36.114567
1351.208496	-35.845234
1356.591797	-35.655193
1361.975098	-35.717915
1367.358398	-36.013805
1372.741699	-36.212334
1378.125000	-36.141449
1383.508301	-35.969463
1388.891602	-35.839733
1394.274902	-35.759941
1399.658203	-35.706078
1405.041504	-35.903133
1410.424805	-36.449692
1415.808105	-36.450665
1421.191406	-36.318691
1426.574707	-36.298595
1431.958008	-36.292068
1437.341309	-36.029568
1442.724609	-36.274284
1448.107910	-36.146027
1453.491211	-35.586025
1458.874512	-35.723621
1464.257812	-36.266842
1469.641113	-36.430782
1475.024414	-35.958572
1480.407715	-36.180023
1485.791016	-36.433090
1491.174316	-36.292839
1496.557617	-36.121006
1501.940918	-35.762764
1507.324219	-35.948112
1512.707520	-35.960625
1518.090820	-36.219341
1523.474121	-36.172138
1528.857422	-35.837994
1534.240723	-36.037743
1539.624023	-35.903599
1545.007324	-35.876076
1550.390625	-35.800690
1555.773926	-35.801792
1561.157227	-36.011505
1566.540527	-35.938263
1571.923828	-35.923664
1577.307129	-36.003517
1582.690430	-35.848801
1588.073730	-35.977501
1593.457031	-35.890766
1598.840332	-35.983871
1604.223633	-36.147343
1609.606934	-36.203911
1614.990234	-36.271191
1620.373535	-36.246864
1625.756836	-36.098286
1631.140137	-35.909489
1636.523438	-35.838455
1641.906738	-35.958168
1647.290039	-36.173252
1652.673340	-36.133354
1658.056641	-36.173031
1663.439941	-36.076935
1668.823242	-35.861645
1674.206543	-35.953224
1679.589844	-35.936665
1684.973145	-35.835274
1690.356445	-36.078865
1695.739746	-35.839161
1701.123047	-36.272091
1706.506348	-36.223320
1711.889648	-36.229595
1717.272949	-36.699574
1722.656250	-36.480888
1728.039551	-36.273273
1733.422852	-35.922596
1738.806152	-35.838196
1744.189453	-35.832569
1749.572754	-36.051208
1754.956055	-36.283375
1760.339355	-36.371979
1765.722656	-36.316635
1771.105957	-36.210087
1776.489258	-35.976944
1781.872559	-35.919914
1787.255859	-35.868092
1792.639160	-36.064777
1798.022461	-36.413918
1803.405762	-36.257420
1808.789062	-35.843742
1814.172363	-35.556686
1819.555664	-36.069359
1824.938965	-36.398602
1830.322266	-36.495483
1835.705566	-36.244053
1841.088867	-36.091888
1846.472168	-36.107040
1851.855469	-36.151321
1857.238770	-35.892227
1862.622070	-35.902020
1868.005371	-36.257599
1873.388672	-36.173458
1878.771973	-35.994602
1884.155273	-36.153225
1889.538574	-36.497536
1894.921875	-36.467857
1900.305176	-35.890717
1905.688477	-35.788723
1911.071777	-36.227970
1916.455078	-36.262917
1921.838379	-36.184795
1927.221680	-36.416851
1932.604980	-36.114235
1937.988281	-36.175091
1943.371582	-36.136555
1948.754883	-35.744095
1954.138184	-36.050995
1959.521484	-36.250912
1964.904785	-36.435764
1970.288086	-36.178139
1975.671387	-36.221798
1981.054688	-36.228882
1986.437988	-36.273403
1991.821289	-36.354668
1997.204590	-35.954823
2002.587891	-35.898247
2007.971191	-35.579117
2013.354492	-36.017483
2018.737793	-36.182343
2024.121094	-36.116337
2029.504395	-35.910244
2034.887695	-35.821991
2040.270996	-36.326771
2045.654297	-36.188869
2051.037598	-36.238159
2056.420898	-36.080486
2061.804199	-36.330357
2067.187500	-36.483139
2072.570801	-36.004314
2077.954102	-35.969566
2083.337402	-36.364574
2088.720703	-36.551159
2094.104004	-36.379829
2099.487305	-36.088978
2104.870605	-35.943233
2110.253906	-35.723404
2115.637207	-35.839710
2121.020508	-35.895081
2126.403809	-35.948338
2131.787109	-36.447186
2137.170410	-36.343380
2142.553711	-36.049599
2147.937012	-36.125454
2153.320312	-36.238953
2158.703613	-36.478180
2164.086914	-36.533764
2169.470215	-36.241920
2174.853516	-35.902409
2180.236816	-35.931904
2185.620117	-36.250549
2191.003418	-36.070316
2196.386719	-35.964729
2201.770020	-36.110592
2207.153320	-36.003254
2212.536621	-36.234764
2217.919922	-36.403389
2223.303223	-36.261917
2228.686523	-35.927826
2234.069824	-35.666847
2239.453125	-35.796066
2244.836426	-35.785210
2250.219727	-35.755634
2255.603027	-35.834965
2260.986328	-36.145515
2266.369629	-35.782608
2271.752930	-36.240196
2277.136230	-36.238647
2282.519531	-35.876034
2287.902832	-35.855106
2293.286133	-35.723553
2298.669434	-35.796074
2304.052734	-35.913490
2309.436035	-36.284412
2314.819336	-36.066326
2320.202637	-35.666306
2325.585938	-35.937801
2330.969238	-36.224430
2336.352539	-36.089546
2341.735840	-36.197720
2347.119141	-36.321457
2352.502441	-36.019840
2357.885742	-35.776577
2363.269043	-35.808624
2368.652344	-36.363544
2374.035645	-35.758739
2379.418945	-35.582748
2384.802246	-36.283501
2390.185547	-36.360722
2395.568848	-36.506573
2400.952148	-36.188190
2406.335449	-36.009224
2411.718750	-35.795662
2417.102051	-36.109360
2422.485352	-36.175583
2427.868652	-36.266655
2433.251953	-36.845982
2438.635254	-36.770905
2444.018555	-36.679039
2449.401855	-36.185368
2454.785156	-36.112446
2460.168457	-36.358276
2465.551758	-36.104839
2470.935059	-36.001297
2476.318359	-36.253223
2481.701660	-36.150970
2487.084961	-36.353142
2492.468262	-36.137627
2497.851562	-36.344612
2503.234863	-36.352093
2508.618164	-36.121906
2514.001465	-36.093758
2519.384766	-36.143417
2524.768066	-35.982891
2530.151367	-36.054813
2535.534668	-36.214756
2540.917969	-35.998657
2546.301270	-35.787750
2551.684570	-35.754765
2557.067871	-36.257519
2562.451172	-36.156418
2567.834473	-35.456791
2573.217773	-35.293873
2578.601074	-35.280304
2583.984375	-35.676109
2589.367676	-36.339901
2594.750977	-36.237808
2600.134277	-36.258717
2605.517578	-36.222084
2610.900879	-35.918690
2616.284180	-36.074154
2621.667480	-36.474247
2627.050781	-36.019917
2632.434082	-35.903122
2637.817383	-36.189850
2643.200684	-35.975307
2648.583984	-36.555267
2653.967285	-36.193813
2659.350586	-36.188301
2664.733887	-36.013020
2670.117188	-35.809544
2675.500488	-35.865597
2680.883789	-35.755947
2686.267090	-35.816025
2691.650391	-35.972420
2697.033691	-35.902893
2702.416992	-36.230625
2707.800293	-36.432865
2713.183594	-36.308231
2718.566895	-36.320652
2723.950195	-36.012394
2729.333496	-36.182995
2734.716797	-36.484283
2740.100098	-36.186539
2745.483398	-36.508884
2750.866699	-36.355640
2756.250000	-35.928768
2761.633301	-36.396755
2767.016602	-36.397842
2772.399902	-36.810429
2777.783203	-36.458832
2783.166504	-36.555901
2788.549805	-36.414051
2793.933105	-36.061024
2799.316406	-36.110310
2804.699707	-36.791218
2810.083008	-36.192158
2815.466309	-35.829189
2820.849609	-35.991375
2826.232910	-36.162476
2831.616211	-36.477165
2836.999512	-36.006004
2842.382812	-36.285789
2847.766113	-36.344166
2853.149414	-36.445225
2858.532715	-36.216942
2863.916016	-35.972862
2869.299316	-36.005188
2874.682617	-36.239326
2880.065918	-36.359814
2885.449219	-35.880566
2890.832520	-35.921089
2896.215820	-35.964855
2901.599121	-35.811211
2906.982422	-35.913544
2912.365723	-36.127068
2917.749023	-36.054523
2923.132324	-36.089260
2928.515625	-36.188190
2933.898926	-36.393890
2939.282227	-36.227089
2944.665527	-36.191875
2950.048828	-36.259468
2955.432129	-36.429848
2960.815430	-35.942425
2966.198730	-36.036613
2971.582031	-36.137768
2976.965332	-36.068012
2982.348633	-36.149296
2987.731934	-36.499275
2993.115234	-36.505894
2998.498535	-36.041824
3003.881836	-36.258106
3009.265137	-36.139545
3014.648438	-36.356236
3020.031738	-36.785305
3025.415039	-35.941444
3030.798340	-35.744061
3036.181641	-36.093712
3041.564941	-36.215881
3046.948242	-35.827484
3052.331543	-35.896320
3057.714844	-36.722740
3063.098145	-37.134693
3068.481445	-36.903610
3073.864746	-36.638763
3079.248047	-36.392586
3084.631348	-36.214867
3090.014648	-35.657085
3095.397949	-36.046898
3100.781250	-36.059998
3106.164551	-36.155872
3111.547852	-36.094402
3116.931152	-35.814983
3122.314453	-36.020317
3127.697754	-36.348293
3133.081055	-36.210995
3138.464355	-36.220947
3143.847656	-36.009922
3149.230957	-36.049061
3154.614258	-36.059334
3159.997559	-35.993374
3165.380859	-36.423496
3170.764160	-36.461208
3176.147461	-36.246544
3181.530762	-35.987408
3186.914062	-36.187092
3192.297363	-36.335434
3197.680664	-36.455227
3203.063965	-36.199570
3208.447266	-35.874454
3213.830566	-36.151913
3219.213867	-35.887218
3224.597168	-36.250462
3229.980469	-35.852680
3235.363770	-36.074707
3240.747070	-36.448746
3246.130371	-36.545303
3251.513672	-36.076931
3256.896973	-35.699432
3262.280273	-35.702553
3267.663574	-36.247253
3273.046875	-36.395412
3278.430176	-35.812439
3283.813477	-35.792229
3289.196777	-35.749195
3294.580078	-36.064102
3299.963379	-35.718765
3305.346680	-35.981743
3310.729980	-36.056808
3316.113281	-35.937103
3321.496582	-36.071674
3326.879883	-35.822628
3332.263184	-36.321571
3337.646484	-36.052719
3343.029785	-35.671104
3348.413086	-36.024521
3353.796387	-36.179859
3359.179688	-35.992840
3364.562988	-36.075230
3369.946289	-36.202053
3375.329590	-36.070866
3380.712891	-35.907185
3386.096191	-36.244404
3391.479492	-36.281555
3396.862793	-36.119766
3402.246094	-36.080631
3407.629395	-36.357502
3413.012695	-36.378040
3418.395996	-36.302681
3423.779297	-36.297165
3429.162598	-36.216469
3434.545898	-35.941124
3439.929199	-35.734142
3445.312500	-35.966957
3450.695801	-35.824944
3456.079102	-35.885708
3461.462402	-35.928116
3466.845703	-36.103626
3472.229004	-36.244778
3477.612305	-36.180904
3482.995605	-36.163906
3488.378906	-36.436298
3493.762207	-35.765530
3499.145508	-35.837959
3504.528809	-35.993259
3509.912109	-36.005295
3515.295410	-35.436733
3520.678711	-35.781208
3526.062012	-36.355698
3531.445312	-36.405754
3536.828613	-35.879311
3542.211914	-36.198616
3547.595215	-36.158382
3552.978516	-36.162941
3558.361816	-36.313324
3563.745117	-35.907589
3569.128418	-35.750130
3574.511719	-35.785221
3579.895020	-35.992859
3585.278320	-36.004719
3590.661621	-36.286430
3596.044922	-36.208977
3601.428223	-36.078754
3606.811523	-36.082237
3612.194824	-36.312412
3617.578125	-36.149910
3622.961426	-35.981396
3628.344727	-35.901390
3633.728027	-36.361034
3639.111328	-36.362099
3644.494629	-36.487385
3649.877930	-36.260445
3655.261230	-36.261677
3660.644531	-36.252937
3666.027832	-35.979572
3671.411133	-35.576050
3676.794434	-35.561401
3682.177734	-35.686790
3687.561035	-36.118118
3692.944336	-36.141560
3698.327637	-36.023632
3703.710938	-35.715626
3709.094238	-35.922203
3714.477539	-35.930622
3719.860840	-36.247372
3725.244141	-36.023262
3730.627441	-35.856785
3736.010742	-35.983662
3741.394043	-36.417831
3746.777344	-36.090824
3752.160645	-35.857811
3757.543945	-35.841827
3762.927246	-36.073147
3768.310547	-36.108276
3773.693848	-35.924824
3779.077148	-35.772373
3784.460449	-35.921871
3789.843750	-35.998634
3795.227051	-35.867882
3800.610352	-36.251518
3805.993652	-35.738861
3811.376953	-36.090580
3816.760254	-36.190144
3822.143555	-35.804928
3827.526855	-35.827991
3832.910156	-36.117733
3838.293457	-36.293854
3843.676758	-36.264465
3849.060059	-36.523792
3854.443359	-36.037407
3859.826660	-36.196907
3865.209961	-36.139809
3870.593262	-36.165241
3875.976562	-36.413662
3881.359863	-35.854305
3886.743164	-36.130707
3892.126465	-35.997837
3897.509766	-35.728455
3902.893066	-35.706207
3908.276367	-35.816414
3913.659668	-35.853016
3919.042969	-36.260284
3924.426270	-35.923103
3929.809570	-36.159035
3935.192871	-36.526241
3940.576172	-36.306305
3945.959473	-36.128792
3951.342773	-36.140568
3956.726074	-36.116749
3962.109375	-35.834862
3967.492676	-35.938278
3972.875977	-36.523056
3978.259277	-36.346756
3983.642578	-36.141968
3989.025879	-35.825161
3994.409180	-35.820835
3999.792480	-36.118698
4005.175781	-36.168777
4010.559082	-36.329880
4015.942383	-36.280621
4021.325684	-35.922260
4026.708984	-35.769836
4032.092285	-36.193436
4037.475586	-36.190632
4042.858887	-36.223801
4048.242188	-36.301029
4053.625488	-36.032887
4059.008789	-35.915325
4064.392090	-35.904934
4069.775391	-35.795376
4075.158691	-36.183960
4080.541992	-36.154133
4085.925293	-36.277386
4091.308594	-35.969452
4096.691895	-35.964893
4102.075195	-35.848942
4107.458496	-35.857586
4112.841797	-36.272213
4118.225098	-36.225231
4123.608398	-36.127777
4128.991699	-36.353748
4134.375000	-35.871075
4139.758301	-35.863304
4145.141602	-36.447842
4150.524902	-36.421597
4155.908203	-36.243324
4161.291504	-36.013290
4166.674805	-36.152149
4172.058105	-36.185806
4177.441406	-35.861462
4182.824707	-35.946289
4188.208008	-36.043015
4193.591309	-36.115215
4198.974609	-36.233803
4204.357910	-36.018082
4209.741211	-36.329056
4215.124512	-36.349674
4220.507812	-36.231522
4225.891113	-36.296345
4231.274414	-35.961121
4236.657715	-36.406170
4242.041016	-35.920036
4247.424316	-35.727783
4252.807617	-35.937031
4258.190918	-35.837242
4263.574219	-36.482361
4268.957520	-36.009598
4274.340820	-35.801094
4279.724121	-36.344315
4285.107422	-36.408653
4290.490723	-36.273552
4295.874023	-36.129765
4301.257324	-35.623390
4306.640625	-35.680683
4312.023926	-35.775227
4317.407227	-36.191517
4322.790527	-35.865662
4328.173828	-35.655266
4333.557129	-36.168770
4338.940430	-36.741524
4344.323730	-36.546497
4349.707031	-36.304974
4355.090332	-36.285858
4360.473633	-36.594700
4365.856934	-36.231750
4371.240234	-35.821251
4376.623535	-36.228268
4382.006836	-36.251015
4387.390137	-36.090775
4392.773438	-36.084976
4398.156738	-36.495029
4403.540039	-36.243828
4408.923340	-35.670025
4414.306641	-36.106159
4419.689941	-36.207035
4425.073242	-35.951450
4430.456543	-36.026920
4435.839844	-36.177376
4441.223145	-35.872314
4446.606445	-35.886803
4451.989746	-35.978878
4457.373047	-36.051128
4462.756348	-36.082870
4468.139648	-36.175793
4473.522949	-36.426105
4478.906250	-36.337112
4484.289551	-36.042534
4489.672852	-36.312202
4495.056152	-36.457516
4500.439453	-36.617249
4505.822754	-36.413635
4511.206055	-36.128372
4516.589355	-35.987698
4521.972656	-35.752277
4527.355957	-35.982677
4532.739258	-36.005703
4538.122559	-35.785416
4543.505859	-36.125233
4548.889160	-36.389004
4554.272461	-36.212952
4559.655762	-36.140682
4565.039062	-36.457439
4570.422363	-36.293457
4575.805664	-36.506847
4581.188965	-36.276760
4586.572266	-36.349308
4591.955566	-36.565594
4597.338867	-36.215420
4602.722168	-36.244358
4608.105469	-35.930378
4613.488770	-35.714043
4618.872070	-36.025345
4624.255371	-36.190029
4629.638672	-36.117584
4635.021973	-36.338032
4640.405273	-36.405891
4645.788574	-36.395470
4651.171875	-35.877335
4656.555176	-35.825001
4661.938477	-35.672852
4667.321777	-35.869526
4672.705078	-36.190392
4678.088379	-35.931187
4683.471680	-36.129681
4688.854980	-36.023247
4694.238281	-35.901154
4699.621582	-36.142872
4705.004883	-36.571583
4710.388184	-36.451721
4715.771484	-35.912064
4721.154785	-35.956535
4726.538086	-36.001694
4731.921387	-35.962391
4737.304688	-36.296093
4742.687988	-36.411346
4748.071289	-36.249580
4753.454590	-36.321964
4758.837891	-36.549759
4764.221191	-36.759789
4769.604492	-36.403416
4774.987793	-36.264629
4780.371094	-35.935619
4785.754395	-36.116707
4791.137695	-36.284470
4796.520996	-36.018078
4801.904297	-35.974594
4807.287598	-36.545769
4812.670898	-36.278980
4818.054199	-36.338490
4823.437500	-35.930332
4828.820801	-36.213940
4834.204102	-36.374886
4839.587402	-35.959450
4844.970703	-35.660568
4850.354004	-36.027020
4855.737305	-35.754017
4861.120605	-36.039227
4866.503906	-36.166737
4871.887207	-35.650940
4877.270508	-36.049137
4882.653809	-36.182266
4888.037109	-36.498959
4893.420410	-36.418209
4898.803711	-36.341805
4904.187012	-36.173542
4909.570312	-35.912533
4914.953613	-36.177368
4920.336914	-36.784283
4925.720215	-36.220177
4931.103516	-35.963390
4936.486816	-36.170250
4941.870117	-36.239719
4947.253418	-36.247627
4952.636719	-36.363354
4958.020020	-36.036098
4963.403320	-36.218765
4968.786621	-35.932716
4974.169922	-35.974480
4979.553223	-36.029041
4984.936523	-36.056267
4990.319824	-35.886417
4995.703125	-35.840870
5001.086426	-35.634354
5006.469727	-36.007874
5011.853027	-36.609127
5017.236328	-36.161343
5022.619629	-36.452728
5028.002930	-36.614582
5033.386230	-36.161118
5038.769531	-36.045429
5044.152832	-35.792568
5049.536133	-36.021576
5054.919434	-35.990826
5060.302734	-36.385181
5065.686035	-36.281044
5071.069336	-36.203114
5076.452637	-36.190411
5081.835938	-36.111137
5087.219238	-35.886204
5092.602539	-35.798489
5097.985840	-36.107979
5103.369141	-35.933784
5108.752441	-35.895893
5114.135742	-35.973873
5119.519043	-36.005951
5124.902344	-35.959019
5130.285645	-36.598900
5135.668945	-36.819878
5141.052246	-36.153469
5146.435547	-35.765980
5151.818848	-35.868248
5157.202148	-35.655388
5162.585449	-36.098721
5167.968750	-36.483189
5173.352051	-36.601467
5178.735352	-36.545998
5184.118652	-36.330875
5189.501953	-36.033291
5194.885254	-36.142368
5200.268555	-35.995144
5205.651855	-36.160557
5211.035156	-36.421787
5216.418457	-36.197849
5221.801758	-36.192181
5227.185059	-36.217342
5232.568359	-36.465347
5237.951660	-36.376808
5243.334961	-35.952374
5248.718262	-35.813004
5254.101562	-36.013409
5259.484863	-36.100128
5264.868164	-36.081223
5270.251465	-36.128662
5275.634766	-36.006363
5281.018066	-36.227856
5286.401367	-36.019447
5291.784668	-35.840153
5297.167969	-36.039513
5302.551270	-35.970810
5307.934570	-36.010548
5313.317871	-36.137676
5318.701172	-36.191891
5324.084473	-36.288284
5329.467773	-36.129150
5334.851074	-36.307716
5340.234375	-36.238941
5345.617676	-35.737003
5351.000977	-35.993477
5356.384277	-36.304398
5361.767578	-36.382965
5367.150879	-35.982895
5372.534180	-36.362370
5377.917480	-36.290600
5383.300781	-36.416073
5388.684082	-36.365067
5394.067383	-36.137283
5399.450684	-35.907646
5404.833984	-36.153637
5410.217285	-36.038567
5415.600586	-36.227119
5420.983887	-36.204315
5426.367188	-36.269638
5431.750488	-36.279945
5437.133789	-36.188019
5442.517090	-35.994404
5447.900391	-35.735779
5453.283691	-35.670467
5458.666992	-35.847736
5464.050293	-36.160496
5469.433594	-35.952702
5474.816895	-35.847450
5480.200195	-36.203880
5485.583496	-36.385391
5490.966797	-36.553349
5496.350098	-36.299950
5501.733398	-36.193787
5507.116699	-36.504581
5512.500000	-36.433708
5517.883301	-36.524990
5523.266602	-36.237556
5528.649902	-36.267899
5534.033203	-35.775368
5539.416504	-35.999363
5544.799805	-35.839149
5550.183105	-36.002956
5555.566406	-35.964130
5560.949707	-36.023739
5566.333008	-36.107838
5571.716309	-36.039074
5577.099609	-36.498669
5582.482910	-36.521339
5587.866211	-35.691868
5593.249512	-35.603275
5598.632812	-36.094509
5604.016113	-35.933689
5609.399414	-35.643623
5614.782715	-35.995255
5620.166016	-36.198032
5625.549316	-36.404591
5630.932617	-36.025993
5636.315918	-36.015907
5641.699219	-36.117619
5647.082520	-35.991779
5652.465820	-36.365120
5657.849121	-36.663994
5663.232422	-36.257652
5668.615723	-36.056786
5673.999023	-36.166908
5679.382324	-36.147236
5684.765625	-36.328026
5690.148926	-36.102734
5695.532227	-36.455597
5700.915527	-36.858345
5706.298828	-36.588680
5711.682129	-36.257202
5717.065430	-36.420601
5722.448730	-36.540611
5727.832031	-36.562714
5733.215332	-36.248764
5738.598633	-35.969074
5743.981934	-36.528915
5749.365234	-36.262657
5754.748535	-36.338196
5760.131836	-36.083015
5765.515137	-35.963024
5770.898438	-36.363216
5776.281738	-36.554600
5781.665039	-36.256420
5787.048340	-36.167839
5792.431641	-36.113335
5797.814941	-36.205894
5803.198242	-36.151085
5808.581543	-36.054543
5813.964844	-35.954845
5819.348145	-35.980297
5824.731445	-35.823460
5830.114746	-35.619652
5835.498047	-35.652843
5840.881348	-35.733952
5846.264648	-35.991158
5851.647949	-35.816936
5857.031250	-35.624733
5862.414551	-35.552197
5867.797852	-35.838314
5873.181152	-35.846809
5878.564453	-36.246822
5883.947754	-36.558117
5889.331055	-36.523109
5894.714355	-36.609158
5900.097656	-36.284142
5905.480957	-36.030636
5910.864258	-36.469395
5916.247559	-36.138096
5921.630859	-36.364075
5927.014160	-36.371941
5932.397461	-36.107857
5937.780762	-35.999615
5943.164062	-36.192963
5948.547363	-36.440121
5953.930664	-36.039177
5959.313965	-36.121136
5964.697266	-36.184593
5970.080566	-36.001579
5975.463867	-35.943134
5980.847168	-36.026703
5986.230469	-36.586025
5991.613770	-36.687977
5996.997070	-36.279915
6002.380371	-35.681988
6007.763672	-35.413273
6013.146973	-36.038479
6018.530273	-36.394093
6023.913574	-35.907070
6029.296875	-36.061302
6034.680176	-35.856564
6040.063477	-35.795300
6045.446777	-35.974140
6050.830078	-36.161922
6056.213379	-36.266407
6061.596680	-35.937473
6066.979980	-35.979111
6072.363281	-36.193951
6077.746582	-35.954006
6083.129883	-35.834740
6088.513184	-35.957623
6093.896484	-36.325359
6099.279785	-36.735706
6104.663086	-36.449394
6110.046387	-36.347549
6115.429688	-36.357517
6120.812988	-36.202736
6126.196289	-35.907223
6131.579590	-36.093811
6136.962891	-36.274860
6142.346191	-36.040764
6147.729492	-36.046230
6153.112793	-36.163994
6158.496094	-36.316990
6163.879395	-36.333492
6169.262695	-36.282810
6174.645996	-36.102070
6180.029297	-35.834171
6185.412598	-36.002201
6190.795898	-35.907784
6196.179199	-35.686573
6201.562500	-35.845493
6206.945801	-35.964645
6212.329102	-36.202198
6217.712402	-36.055401
6223.095703	-35.943951
6228.479004	-36.034611
6233.862305	-36.284229
6239.245605	-36.153831
6244.628906	-36.376820
6250.012207	-36.246281
6255.395508	-36.058643
6260.778809	-36.366425
6266.162109	-36.528313
6271.545410	-36.595024
6276.928711	-36.312325
6282.312012	-36.217869
6287.695312	-36.139492
6293.078613	-36.043468
6298.461914	-36.095257
6303.845215	-36.371342
6309.228516	-36.519623
6314.611816	-36.476009
6319.995117	-36.594524
6325.378418	-36.549957
6330.761719	-36.207428
6336.145020	-36.242744
6341.528320	-36.615070
6346.911621	-36.209511
6352.294922	-35.731186
6357.678223	-36.227840
6363.061523	-36.146610
6368.444824	-35.962406
6373.828125	-36.285000
6379.211426	-36.429008
6384.594727	-36.063026
6389.978027	-36.192974
6395.361328	-35.807392
6400.744629	-36.031620
6406.127930	-36.603745
6411.511230	-36.548683
6416.894531	-36.522736
6422.277832	-36.763096
6427.661133	-36.603039
6433.044434	-36.264671
6438.427734	-36.091007
6443.811035	-35.979855
6449.194336	-36.051773
6454.577637	-36.352497
6459.960938	-35.952946
6465.344238	-35.797672
6470.727539	-36.102997
6476.110840	-35.764248
6481.494141	-36.325317
6486.877441	-36.364841
6492.260742	-35.989639
6497.644043	-36.249664
6503.027344	-36.539684
6508.410645	-36.508171
6513.793945	-36.229691
6519.177246	-36.246628
6524.560547	-36.259651
6529.943848	-36.491032
6535.327148	-36.613327
6540.710449	-36.415760
6546.093750	-36.093155
6551.477051	-35.699928
6556.860352	-35.966988
6562.243652	-36.333080
6567.626953	-36.368832
6573.010254	-36.207638
6578.393555	-36.094330
6583.776855	-35.798374
6589.160156	-36.202805
6594.543457	-36.237370
6599.926758	-36.062183
6605.310059	-36.168671
6610.693359	-36.140850
6616.076660	-36.554218
6621.459961	-36.149853
6626.843262	-35.999367
6632.226562	-36.025864
6637.609863	-36.271080
6642.993164	-36.614780
6648.376465	-36.282673
6653.759766	-36.336620
6659.143066	-36.145126
6664.526367	-35.844067
6669.909668	-35.916451
6675.292969	-35.787903
6680.676270	-35.979126
6686.059570	-35.974964
6691.442871	-35.353470
6696.826172	-35.676853
6702.209473	-35.970680
6707.592773	-36.101624
6712.976074	-36.123230
6718.359375	-36.274399
6723.742676	-35.817909
6729.125977	-35.770046
6734.509277	-35.950470
6739.892578	-36.132698
6745.275879	-36.424553
6750.659180	-36.161476
6756.042480	-36.248791
6761.425781	-36.141834
6766.809082	-36.537350
6772.192383	-36.432098
6777.575684	-36.467274
6782.958984	-36.375076
6788.342285	-36.218246
6793.725586	-35.894424
6799.108887	-35.612122
6804.492188	-36.103951
6809.875488	-36.121254
6815.258789	-36.046539
6820.642090	-35.641743
6826.025391	-35.630840
6831.408691	-35.975410
6836.791992	-36.277111
6842.175293	-36.217136
6847.558594	-36.295925
6852.941895	-36.684418
6858.325195	-36.515701
6863.708496	-36.477131
6869.091797	-36.078262
6874.475098	-36.204983
6879.858398	-36.323631
6885.241699	-36.087952
6890.625000	-36.245380
6896.008301	-35.845051
6901.391602	-35.783356
6906.774902	-35.963032
6912.158203	-35.874409
6917.541504	-35.783264
6922.924805	-35.767738
6928.308105	-35.624176
6933.691406	-36.543812
6939.074707	-36.280819
6944.458008	-35.819122
6949.841309	-35.924976
6955.224609	-36.060131
6960.607910	-35.940594
6965.991211	-35.910419
6971.374512	-35.936935
6976.757812	-36.293995
6982.141113	-36.039082
6987.524414	-35.959560
6992.907715	-36.123051
6998.291016	-36.043709
7003.674316	-35.685646
7009.057617	-35.718452
7014.440918	-36.010624
7019.824219	-36.195961
7025.207520	-36.194633
7030.590820	-35.914547
7035.974121	-36.194401
7041.357422	-36.280575
7046.740723	-36.389740
7052.124023	-35.905647
7057.507324	-36.162346
7062.890625	-36.111649
7068.273926	-36.200390
7073.657227	-36.514126
7079.040527	-36.114086
7084.423828	-36.079781
7089.807129	-36.312412
7095.190430	-36.243530
7100.573730	-36.279179
7105.957031	-36.318932
7111.340332	-36.047153
7116.723633	-35.868927
7122.106934	-35.819756
7127.490234	-35.978855
7132.873535	-35.933849
7138.256836	-36.024765
7143.640137	-36.136646
7149.023438	-36.419067
7154.406738	-35.894886
7159.790039	-36.108345
7165.173340	-35.869503
7170.556641	-36.259956
7175.939941	-36.324478
7181.323242	-36.307507
7186.706543	-36.445248
7192.089844	-36.460377
7197.473145	-36.128925
7202.856445	-36.427460
7208.239746	-36.058384
7213.623047	-35.924423
7219.006348	-35.942184
7224.389648	-36.142582
7229.772949	-36.009663
7235.156250	-35.957325
7240.539551	-36.200356
7245.922852	-36.083214
7251.306152	-36.224918
7256.689453	-36.629101
7262.072754	-36.431305
7267.456055	-36.469242
7272.839355	-36.129162
7278.222656	-36.067284
7283.605957	-36.139416
7288.989258	-35.889713
7294.372559	-35.944607
7299.755859	-36.117874
7305.139160	-36.371643
7310.522461	-36.223156
7315.905762	-36.298523
7321.289062	-36.180912
7326.672363	-36.013992
7332.055664	-35.955101
7337.438965	-36.206642
7342.822266	-36.378994
7348.205566	-36.578484
7353.588867	-36.416412
7358.972168	-36.345856
7364.355469	-36.338009
7369.738770	-36.597088
7375.122070	-36.354782
7380.505371	-35.896584
7385.888672	-36.074753
7391.271973	-36.034473
7396.655273	-35.756073
7402.038574	-36.028763
7407.421875	-35.701813
7412.805176	-35.995293
7418.188477	-36.128902
7423.571777	-36.043858
7428.955078	-35.922318
7434.338379	-36.273846
7439.721680	-36.328354
7445.104980	-35.984035
7450.488281	-35.891022
7455.871582	-36.421906
7461.254883	-36.188015
7466.638184	-36.149021
7472.021484	-36.242191
7477.404785	-35.946014
7482.788086	-35.721119
7488.171387	-36.019165
7493.554688	-36.231693
7498.937988	-36.082588
7504.321289	-35.686787
7509.704590	-35.583366
7515.087891	-35.671883
7520.471191	-36.093266
7525.854492	-36.390282
7531.237793	-36.381123
7536.621094	-35.989994
7542.004395	-36.012581
7547.387695	-35.854156
7552.770996	-35.807453
7558.154297	-35.787556
7563.537598	-36.334476
7568.920898	-36.193748
7574.304199	-35.938805
7579.687500	-36.158619
7585.070801	-36.211452
7590.454102	-36.377190
7595.837402	-36.185863
7601.220703	-36.179390
7606.604004	-36.450066
7611.987305	-36.738548
7617.370605	-36.792442
7622.753906	-36.437210
7628.137207	-36.492928
7633.520508	-36.227055
7638.903809	-35.654255
7644.287109	-35.991848
7649.670410	-36.587383
7655.053711	-35.821281
7660.437012	-35.757164
7665.820312	-35.614243
7671.203613	-36.193657
7676.586914	-36.016026
7681.970215	-35.859772
7687.353516	-36.073219
7692.736816	-36.393700
7698.120117	-36.098282
7703.503418	-35.910137
7708.886719	-35.618484
7714.270020	-35.961361
7719.653320	-35.667812
7725.036621	-35.684471
7730.419922	-36.198280
7735.803223	-36.146343
7741.186523	-36.080070
7746.569824	-36.256332
7751.953125	-35.955967
7757.336426	-36.259663
7762.719727	-35.886860
7768.103027	-36.202480
7773.486328	-36.054218
7778.869629	-35.890682
7784.252930	-36.093838
7789.636230	-35.792850
7795.019531	-35.603443
7800.402832	-36.082237
7805.786133	-36.157524
7811.169434	-36.234970
7816.552734	-35.750217
7821.936035	-35.932598
7827.319336	-36.374958
7832.702637	-36.471142
7838.085938	-36.084663
7843.469238	-35.935078
7848.852539	-36.099590
7854.235840	-35.936443
7859.619141	-35.789574
7865.002441	-35.485580
7870.385742	-36.105453
7875.769043	-36.309292
7881.152344	-36.018101
7886.535645	-36.101143
7891.918945	-36.087513
7897.302246	-36.241653
7902.685547	-36.291969
7908.068848	-36.121033
7913.452148	-35.906460
7918.835449	-36.351868
7924.218750	-36.534798
7929.602051	-35.996941
7934.985352	-36.202309
7940.368652	-36.526707
7945.751953	-35.823082
7951.135254	-35.714314
7956.518555	-35.730942
7961.901855	-36.125664
7967.285156	-36.247257
7972.668457	-36.145782
7978.051758	-36.105522
7983.435059	-36.478302
7988.818359	-36.501350
7994.201660	-36.193634
7999.584961	-35.784508
8004.968262	-35.804737
8010.351562	-35.924030
8015.734863	-35.894989
8021.118164	-36.060970
8026.501465	-36.028595
8031.884766	-35.656998
8037.268066	-35.589951
8042.651367	-35.869850
8048.034668	-36.473263
8053.417969	-36.069370
8058.801270	-35.970863
8064.184570	-35.842098
8069.567871	-35.690815
8074.951172	-35.679039
8080.334473	-36.041813
8085.717773	-35.998878
8091.101074	-35.947399
8096.484375	-36.228542
8101.867676	-36.095364
8107.250977	-35.981628
8112.634277	-35.923840
8118.017578	-35.849007
8123.400879	-35.938274
8128.784180	-36.187248
8134.167480	-36.120033
8139.550781	-35.832764
8144.934082	-36.054249
8150.317383	-35.965267
8155.700684	-36.132618
8161.083984	-36.504807
8166.467285	-36.383923
8171.850586	-36.276432
8177.233887	-36.318104
8182.617188	-35.540890
8188.000488	-36.027924
8193.383789	-36.564198
8198.767090	-36.263538
8204.150391	-36.010311
8209.533691	-36.295124
8214.916992	-35.902905
8220.300293	-35.709023
8225.683594	-36.100346
8231.066895	-36.059235
8236.450195	-36.175945
8241.833496	-35.694717
8247.216797	-36.335381
8252.600098	-36.622620
8257.983398	-36.589573
8263.366699	-36.634895
8268.750000	-36.421368
8274.133301	-36.427738
8279.516602	-36.478798
8284.899902	-36.682159
8290.283203	-36.345974
8295.666504	-36.050014
8301.049805	-36.098877
8306.433105	-35.970478
8311.816406	-35.898125
8317.199707	-35.913811
8322.583008	-35.609665
8327.966309	-35.868267
8333.349609	-35.891388
8338.732910	-35.754276
8344.116211	-35.458092
8349.499512	-35.939289
8354.882812	-36.325970
8360.266113	-36.245758
8365.649414	-35.959858
8371.032715	-36.030693
8376.416016	-35.795963
8381.799316	-35.664055
8387.182617	-36.294067
8392.565918	-36.161697
8397.949219	-35.884983
8403.332520	-36.206539
8408.715820	-36.202606
8414.099121	-35.988461
8419.482422	-36.170967
8424.865723	-36.223690
8430.249023	-36.080574
8435.632324	-36.201237
8441.015625	-36.082516
8446.398926	-35.758263
8451.782227	-36.210037
8457.165527	-35.768394
8462.548828	-36.026932
8467.932129	-36.197678
8473.315430	-35.946198
8478.698730	-35.775734
8484.082031	-35.837383
8489.465332	-36.311417
8494.848633	-36.352020
8500.231934	-35.792587
8505.615234	-35.981518
8510.998535	-36.408867
8516.381836	-36.404793
8521.765137	-35.822502
8527.148438	-36.222679
8532.531738	-36.157848
8537.915039	-35.983879
8543.298340	-35.855366
8548.681641	-35.866425
8554.064941	-36.062744
8559.448242	-36.132942
8564.831543	-36.338863
8570.214844	-36.061691
8575.598145	-36.342751
8580.981445	-36.534676
8586.364746	-36.604649
8591.748047	-36.400311
8597.131348	-36.514137
8602.514648	-36.708263
8607.897949	-36.305882
8613.281250	-35.706081
8618.664551	-35.871033
8624.047852	-35.911877
8629.431152	-35.759838
8634.814453	-35.676563
8640.197754	-35.813385
8645.581055	-35.648338
8650.964355	-35.819561
8656.347656	-35.861034
8661.730957	-36.279964
8667.114258	-36.283352
8672.497559	-36.208462
8677.880859	-36.189030
8683.264160	-36.619087
8688.647461	-36.785931
8694.030762	-36.428802
8699.414062	-36.780289
8704.797363	-36.660820
8710.180664	-35.993149
8715.563965	-36.209457
8720.947266	-36.280010
8726.330566	-36.323265
8731.713867	-36.500423
8737.097168	-36.149796
8742.480469	-36.184299
8747.863770	-36.044460
8753.247070	-36.342045
8758.630371	-35.927715
8764.013672	-35.728909
8769.396973	-35.884636
8774.780273	-36.295006
8780.163574	-35.627258
8785.546875	-35.466553
8790.930176	-35.737877
8796.313477	-35.904037
8801.696777	-36.212402
8807.080078	-36.396572
8812.463379	-35.996567
8817.846680	-35.626728
8823.229980	-35.747749
8828.613281	-36.127518
8833.996582	-36.148525
8839.379883	-35.895729
8844.763184	-36.291988
8850.146484	-36.570129
8855.529785	-36.138020
8860.913086	-35.858627
8866.296387	-35.861046
8871.679688	-36.110981
8877.062988	-35.814632
8882.446289	-36.140606
8887.829590	-36.808582
8893.212891	-36.702301
8898.596191	-36.244114
8903.979492	-36.258408
8909.362793	-36.131966
8914.746094	-36.122017
8920.129395	-36.354145
8925.512695	-36.321934
8930.895996	-35.783333
8936.279297	-35.966587
8941.662598	-36.182957
8947.045898	-35.891949
8952.429199	-36.486332
8957.812500	-35.920181
8963.195801	-35.559429
8968.579102	-35.975063
8973.962402	-36.106808
8979.345703	-36.091385
8984.729004	-36.020435
8990.112305	-36.286133
8995.495605	-36.217861
9000.878906	-36.147800
9006.262207	-36.333656
9011.645508	-36.327370
9017.028809	-36.235283
9022.412109	-36.489491
9027.795410	-36.221203
9033.178711	-36.636265
9038.562012	-36.711960
9043.945312	-36.643986
9049.328613	-36.367081
9054.711914	-36.711826
9060.095215	-36.612942
9065.478516	-36.747967
9070.861816	-36.543972
9076.245117	-36.232536
9081.628418	-35.860947
9087.011719	-35.906151
9092.395020	-35.805542
9097.778320	-36.272167
9103.161621	-36.470932
9108.544922	-36.408924
9113.928223	-35.980438
9119.311523	-35.626610
9124.694824	-36.096420
9130.078125	-36.504135
9135.461426	-36.526894
9140.844727	-36.319523
9146.228027	-35.983883
9151.611328	-36.148449
9156.994629	-36.219933
9162.377930	-36.144287
9167.761230	-35.970840
9173.144531	-36.104702
9178.527832	-36.072830
9183.911133	-35.559727
9189.294434	-36.192249
9194.677734	-36.844082
9200.061035	-36.784950
9205.444336	-36.768555
9210.827637	-36.779705
9216.210938	-36.371998
9221.594238	-35.960957
9226.977539	-36.232517
9232.360840	-36.271671
9237.744141	-36.091297
9243.127441	-36.232758
9248.510742	-36.768684
9253.894043	-36.714634
9259.277344	-36.636024
9264.660645	-36.383087
9270.043945	-36.033192
9275.427246	-36.395329
9280.810547	-36.422352
9286.193848	-36.535522
9291.577148	-36.573467
9296.960449	-36.810879
9302.343750	-36.829128
9307.727051	-36.516525
9313.110352	-36.654160
9318.493652	-36.765903
9323.876953	-36.446964
9329.260254	-36.431290
9334.643555	-36.921696
9340.026855	-36.669949
9345.410156	-36.270676
9350.793457	-35.980656
9356.176758	-36.067837
9361.560059	-36.565552
9366.943359	-36.724155
9372.326660	-36.414455
9377.709961	-36.222137
9383.093262	-36.147278
9388.476562	-36.559647
9393.859863	-36.602951
9399.243164	-36.469978
9404.626465	-36.473579
9410.009766	-35.923630
9415.393066	-36.115433
9420.776367	-36.262192
9426.159668	-36.362453
9431.542969	-36.916557
9436.926270	-36.760593
9442.309570	-36.616291
9447.692871	-36.574818
9453.076172	-36.717510
9458.459473	-36.418461
9463.842773	-36.084675
9469.226074	-36.433506
9474.609375	-36.762901
9479.992676	-36.897232
9485.375977	-36.483757
9490.759277	-36.238621
9496.142578	-36.340927
9501.525879	-36.516193
9506.909180	-36.857151
9512.292480	-36.515842
9517.675781	-36.866318
9523.059082	-37.100697
9528.442383	-37.073387
9533.825684	-36.701969
9539.208984	-36.644947
9544.592285	-36.927490
9549.975586	-36.909058
9555.358887	-36.582024
9560.742188	-36.716679
9566.125488	-36.820099
9571.508789	-36.933964
9576.892090	-36.601231
9582.275391	-36.583820
9587.658691	-36.811565
9593.041992	-36.767925
9598.425293	-36.736450
9603.808594	-36.872345
9609.191895	-36.507030
9614.575195	-37.024582
9619.958496	-36.918606
9625.341797	-36.893017
9630.725098	-36.793224
9636.108398	-36.856003
9641.491699	-36.782402
9646.875000	-36.793255
9652.258301	-36.532459
9657.641602	-36.500069
9663.024902	-36.719513
9668.408203	-37.017818
9673.791504	-36.716621
9679.174805	-36.992470
9684.558105	-37.012344
9689.941406	-37.251087
9695.324707	-37.387157
9700.708008	-37.375332
9706.091309	-37.119335
9711.474609	-36.514713
9716.857910	-36.775414
9722.241211	-37.383232
9727.624512	-37.062828
9733.007812	-36.769310
9738.391113	-36.607018
9743.774414	-36.576077
9749.157715	-37.235252
9754.541016	-37.226276
9759.924316	-36.819275
9765.307617	-37.314938
9770.690918	-36.760220
9776.074219	-36.970154
9781.457520	-37.418217
9786.840820	-37.357304
9792.224121	-37.238724
9797.607422	-37.311874
9802.990723	-37.440266
9808.374023	-37.360806
9813.757324	-37.020035
9819.140625	-36.943974
9824.523926	-36.752430
9829.907227	-37.183411
9835.290527	-37.295345
9840.673828	-37.325935
9846.057129	-37.030865
9851.440430	-36.803528
9856.823730	-37.335030
9862.207031	-37.388126
9867.590332	-37.008396
9872.973633	-36.915291
9878.356934	-37.285366
9883.740234	-37.153717
9889.123535	-37.182594
9894.506836	-37.284412
9899.890137	-37.106571
9905.273438	-36.898651
9910.656738	-37.253551
9916.040039	-37.378983
9921.423340	-37.061916
9926.806641	-37.363064
9932.189941	-37.517109
9937.573242	-37.534588
9942.956543	-37.453541
9948.339844	-37.659279
9953.723145	-37.808281
9959.106445	-37.191654
9964.489746	-37.285110
9969.873047	-37.416401
9975.256348	-37.235336
9980.639648	-37.495033
9986.022949	-37.354420
9991.406250	-37.285782
9996.789551	-37.211754
10002.172852	-37.685230
10007.556152	-37.805794
10012.939453	-37.642033
10018.322754	-37.388821
10023.706055	-37.326935
10029.089355	-37.622288
10034.472656	-37.783253
10039.855957	-37.791813
10045.239258	-37.368206
10050.622559	-37.565136
10056.005859	-37.665787
10061.389160	-37.877522
10066.772461	-37.555855
10072.155762	-37.596409
10077.539062	-37.544029
10082.922363	-37.319859
10088.305664	-37.295727
10093.688965	-37.686600
10099.072266	-37.938107
10104.455566	-37.718498
10109.838867	-37.885426
10115.222168	-37.702583
10120.605469	-38.244324
10125.988770	-37.900555
10131.372070	-37.937561
10136.755371	-37.940605
10142.138672	-37.841282
10147.521973	-37.979130
10152.905273	-37.856716
10158.288574	-37.739059
10163.671875	-37.947727
10169.055176	-37.855015
10174.438477	-37.752533
10179.821777	-37.817333
10185.205078	-38.441742
10190.588379	-38.744019
10195.971680	-37.950718
10201.354980	-38.331852
10206.738281	-38.361256
10212.121582	-38.167057
10217.504883	-37.968552
10222.888184	-38.395325
10228.271484	-38.529446
10233.654785	-38.771755
10239.038086	-38.348442
10244.421387	-38.143009
10249.804688	-38.046757
10255.187988	-38.098175
10260.571289	-38.326424
10265.954590	-38.205349
10271.337891	-38.111622
10276.721191	-38.436512
10282.104492	-38.652027
10287.487793	-38.327744
10292.871094	-38.409187
10298.254395	-38.272533
10303.637695	-38.495895
10309.020996	-38.406933
10314.404297	-38.197365
10319.787598	-38.268784
10325.170898	-38.756504
10330.554199	-38.958675
10335.937500	-38.937660
10341.320801	-38.804375
10346.704102	-38.447929
10352.087402	-38.238331
10357.470703	-38.893375
10362.854004	-38.808788
10368.237305	-38.946312
10373.620605	-38.996708
10379.003906	-38.942665
10384.387207	-38.572475
10389.770508	-38.616180
10395.153809	-39.080482
10400.537109	-39.326923
10405.920410	-39.107201
10411.303711	-38.797302
10416.687012	-38.898560
10422.070312	-38.593548
10427.453613	-38.833099
10432.836914	-39.007763
10438.220215	-38.748623
10443.603516	-38.442822
10448.986816	-38.763786
10454.370117	-39.085510
10459.753418	-38.918755
10465.136719	-39.148273
10470.520020	-39.292393
10475.903320	-39.153969
10481.286621	-38.995777
10486.669922	-39.026623
10492.053223	-39.027065
10497.436523	-39.348618
10502.819824	-39.323490
10508.203125	-39.472477
10513.586426	-39.224155
10518.969727	-39.386688
10524.353027	-39.488003
10529.736328	-39.380634
10535.119629	-39.390575
10540.502930	-38.943581
10545.886230	-39.105061
10551.269531	-39.475067
10556.652832	-39.445854
10562.036133	-39.528793
10567.419434	-39.578495
10572.802734	-39.990749
10578.186035	-39.832451
10583.569336	-39.256935
10588.952637	-38.818336
10594.335938	-39.039318
10599.719238	-39.886639
10605.102539	-39.957359
10610.485840	-39.656731
10615.869141	-39.374561
10621.252441	-39.652340
10626.635742	-39.723640
10632.019043	-39.569386
10637.402344	-39.943035
10642.785645	-39.449829
10648.168945	-39.631676
10653.552246	-40.239281
10658.935547	-40.210281
10664.318848	-39.956848
10669.702148	-39.867485
10675.085449	-40.059338
10680.468750	-40.100128
10685.852051	-40.058784
10691.235352	-39.566704
10696.618652	-39.891407
10702.001953	-40.183437
10707.385254	-40.280853
10712.768555	-40.168076
10718.151855	-40.015816
10723.535156	-40.635212
10728.918457	-40.832523
10734.301758	-40.612255
10739.685059	-40.214367
10745.068359	-40.028545
10750.451660	-40.098625
10755.834961	-40.429474
10761.218262	-40.649532
10766.601562	-40.448349
10771.984863	-40.482388
10777.368164	-40.576687
10782.751465	-40.748642
10788.134766	-40.494080
10793.518066	-40.796741
10798.901367	-40.946537
10804.284668	-40.982983
10809.667969	-41.085060
10815.051270	-41.140869
10820.434570	-40.846889
10825.817871	-40.707886
10831.201172	-41.115879
10836.584473	-40.662216
10841.967773	-40.786556
10847.351074	-41.488518
10852.734375	-41.292580
10858.117676	-40.999538
10863.500977	-41.322578
10868.884277	-41.565704
10874.267578	-41.281136
10879.650879	-41.395615
10885.034180	-41.395298
10890.417480	-41.422749
10895.800781	-41.757099
10901.184082	-41.763103
10906.567383	-41.527420
10911.950684	-40.995419
10917.333984	-41.202892
10922.717285	-41.669537
10928.100586	-41.272308
10933.483887	-41.389732
10938.867188	-41.963398
10944.250488	-41.920715
10949.633789	-41.913425
10955.017090	-41.769123
10960.400391	-41.407677
10965.783691	-41.366898
10971.166992	-41.602646
10976.550293	-41.737667
10981.933594	-41.797920
10987.316895	-42.226837
10992.700195	-42.162571
10998.083496	-42.155209
11003.466797	-42.192398
11008.850098	-42.798386
11014.233398	-42.403770
11019.616699	-42.048077
11025.000000	-41.963467
11030.383301	-41.948742
11035.766602	-41.982815
11041.149902	-42.332924
11046.533203	-42.671635
11051.916504	-42.520336
11057.299805	-42.261093
11062.683105	-42.299057
11068.066406	-41.815250
11073.449707	-42.251694
11078.833008	-42.984165
11084.216309	-42.495239
11089.599609	-42.391968
11094.982910	-42.699814
11100.366211	-42.556911
11105.749512	-42.042614
11111.132812	-42.494331
11116.516113	-43.087982
11121.899414	-42.590137
11127.282715	-42.582264
11132.666016	-42.921906
11138.049316	-42.627838
11143.432617	-42.312546
11148.815918	-42.864277
11154.199219	-43.576839
11159.582520	-43.237549
11164.965820	-42.960743
11170.349121	-43.138428
11175.732422	-43.251358
11181.115723	-42.956188
11186.499023	-43.354385
11191.882324	-43.507469
11197.265625	-43.164299
11202.648926	-43.532822
11208.032227	-43.394424
11213.415527	-43.372875
11218.798828	-43.418617
11224.182129	-43.587826
11229.565430	-43.990307
11234.948730	-43.848434
11240.332031	-43.680679
11245.715332	-43.856174
11251.098633	-43.657303
11256.481934	-43.467476
11261.865234	-43.737423
11267.248535	-44.038738
11272.631836	-43.894913
11278.015137	-43.724480
11283.398438	-44.226513
11288.781738	-44.041714
11294.165039	-43.752148
11299.548340	-44.292793
11304.931641	-44.711781
11310.314941	-44.424660
11315.698242	-44.096752
11321.081543	-43.940758
11326.464844	-44.002087
11331.848145	-44.251255
11337.231445	-44.468307
11342.614746	-45.016815
11347.998047	-45.278572
11353.381348	-44.755310
11358.764648	-44.959633
11364.147949	-45.170773
11369.531250	-45.060589
11374.914551	-45.012897
11380.297852	-44.405998
11385.681152	-44.887115
11391.064453	-44.921253
11396.447754	-45.331779
11401.831055	-45.235699
11407.214355	-44.957935
11412.597656	-45.192791
11417.980957	-45.358898
11423.364258	-45.610195
11428.747559	-45.590786
11434.130859	-45.290951
11439.514160	-45.569550
11444.897461	-45.592434
11450.280762	-45.765369
11455.664062	-46.321690
11461.047363	-46.488102
11466.430664	-45.816376
11471.813965	-46.174870
11477.197266	-46.017338
11482.580566	-45.737160
11487.963867	-45.549221
11493.347168	-45.687946
11498.730469	-46.241081
11504.113770	-46.088821
11509.497070	-46.085217
11514.880371	-45.879368
11520.263672	-45.746117
11525.646973	-46.173134
11531.030273	-46.449566
11536.413574	-46.356304
11541.796875	-46.354900
11547.180176	-46.264385
11552.563477	-46.802197
11557.946777	-46.645752
11563.330078	-46.537216
11568.713379	-46.921814
11574.096680	-46.685696
11579.479980	-46.524410
11584.863281	-46.929913
11590.246582	-46.738754
11595.629883	-46.787476
11601.013184	-47.053181
11606.396484	-46.773918
11611.779785	-47.040874
11617.163086	-47.048248
11622.546387	-47.011852
11627.929688	-47.116863
11633.312988	-46.945267
11638.696289	-47.092045
11644.079590	-47.522652
11649.462891	-47.927967
11654.846191	-47.968208
11660.229492	-47.920803
11665.612793	-47.870789
11670.996094	-47.737808
11676.379395	-47.614113
11681.762695	-47.946583
11687.145996	-48.186844
11692.529297	-48.170979
11697.912598	-48.294086
11703.295898	-47.926777
11708.679199	-48.309959
11714.062500	-48.183479
11719.445801	-48.099815
11724.829102	-48.370068
11730.212402	-48.799252
11735.595703	-49.010590
11740.979004	-48.815262
11746.362305	-48.563541
11751.745605	-48.739429
11757.128906	-48.992802
11762.512207	-48.987324
11767.895508	-49.217621
11773.278809	-49.078232
11778.662109	-48.828430
11784.045410	-49.219624
11789.428711	-49.304012
11794.812012	-48.989994
11800.195312	-48.984188
11805.578613	-48.857700
11810.961914	-49.082317
11816.345215	-49.164303
11821.728516	-49.477985
11827.111816	-49.386322
11832.495117	-49.385399
11837.878418	-49.326870
11843.261719	-49.691513
11848.645020	-49.895882
11854.028320	-49.685806
11859.411621	-49.882381
11864.794922	-50.388500
11870.178223	-50.308151
11875.561523	-50.067715
11880.944824	-49.690948
11886.328125	-49.509056
11891.711426	-50.642727
11897.094727	-51.104252
11902.478027	-50.464581
11907.861328	-50.575836
11913.244629	-50.486866
11918.627930	-50.436096
11924.011230	-50.610188
11929.394531	-51.225185
11934.777832	-51.083305
11940.161133	-51.127541
11945.544434	-51.433498
11950.927734	-51.208405
11956.311035	-51.670677
11961.694336	-51.565334
11967.077637	-51.392719
11972.460938	-51.288223
11977.844238	-51.459652
11983.227539	-51.848778
11988.610840	-51.364887
11993.994141	-51.493015
11999.377441	-51.987137
12004.760742	-51.930813
12010.144043	-51.906475
12015.527344	-52.188007
12020.910645	-52.294876
12026.293945	-52.637730
12031.677246	-52.853592
12037.060547	-52.537247
12042.443848	-52.436821
12047.827148	-51.844196
12053.210449	-51.756310
12058.593750	-52.218925
12063.977051	-52.445019
12069.360352	-53.052711
12074.743652	-53.282795
12080.126953	-53.134544
12085.510254	-52.861855
12090.893555	-53.172985
12096.276855	-53.190872
12101.660156	-52.988049
12107.043457	-53.206226
12112.426758	-53.134472
12117.810059	-53.584923
12123.193359	-53.651077
12128.576660	-53.592266
12133.959961	-53.814457
12139.343262	-54.078934
12144.726562	-54.180759
12150.109863	-54.163792
12155.493164	-54.500526
12160.876465	-54.583771
12166.259766	-54.252739
12171.643066	-54.464561
12177.026367	-54.140381
12182.409668	-54.423790
12187.792969	-54.313812
12193.176270	-54.395073
12198.559570	-54.240135
12203.942871	-54.296551
12209.326172	-54.629776
12214.709473	-54.983147
12220.092773	-55.171120
12225.476074	-55.007332
12230.859375	-55.187794
12236.242676	-55.664059
12241.625977	-55.655369
12247.009277	-55.550602
12252.392578	-55.746750
12257.775879	-55.399288
12263.159180	-55.563667
12268.542480	-55.735870
12273.925781	-55.885876
12279.309082	-55.723812
12284.692383	-55.778667
12290.075684	-56.196434
12295.458984	-56.538563
12300.842285	-56.456059
12306.225586	-56.683311
12311.608887	-56.693920
12316.992188	-56.606239
12322.375488	-56.809895
12327.758789	-56.763844
12333.142090	-57.041260
12338.525391	-57.006828
12343.908691	-57.131748
12349.291992	-56.869049
12354.675293	-57.356186
12360.058594	-57.789803
12365.441895	-57.685673
12370.825195	-57.586662
12376.208496	-57.743568
12381.591797	-57.715202
12386.975098	-57.632416
12392.358398	-57.563614
12397.741699	-58.136517
12403.125000	-58.458740
12408.508301	-58.147499
12413.891602	-57.784916
12419.274902	-58.560219
12424.658203	-58.852474
12430.041504	-58.630634
12435.424805	-58.596779
12440.808105	-59.161427
12446.191406	-58.911201
12451.574707	-58.980633
12456.958008	-58.994938
12462.341309	-59.297066
12467.724609	-59.358459
12473.107910	-59.761482
12478.491211	-60.118862
12483.874512	-60.113609
12489.257812	-59.972076
12494.641113	-60.087288
12500.024414	-60.278233
12505.407715	-60.546391
12510.791016	-60.726978
12516.174316	-60.542133
12521.557617	-60.626694
12526.940918	-60.873123
12532.324219	-61.182163
12537.707520	-60.914745
12543.090820	-61.220139
12548.474121	-61.458836
12553.857422	-61.773006
12559.240723	-61.655407
12564.624023	-61.836163
12570.007324	-61.934479
12575.390625	-61.698849
12580.773926	-62.008465
12586.157227	-61.897404
12591.540527	-62.075726
12596.923828	-62.132000
12602.307129	-62.283394
12607.690430	-62.749664
12613.073730	-62.751068
12618.457031	-62.634293
12623.840332	-62.705978
12629.223633	-62.829628
12634.606934	-62.842880
12639.990234	-62.793098
12645.373535	-63.175804
12650.756836	-63.536297
12656.140137	-63.724861
12661.523438	-63.674564
12666.906738	-63.834801
12672.290039	-64.446114
12677.673340	-64.869331
12683.056641	-64.557411
12688.439941	-64.504662
12693.823242	-64.828659
12699.206543	-64.831711
12704.589844	-64.788605
12709.973145	-64.987144
12715.356445	-65.113434
12720.739746	-65.127838
12726.123047	-65.393684
12731.506348	-65.715508
12736.889648	-66.086525
12742.272949	-66.298904
12747.656250	-65.777519
12753.039551	-65.748077
12758.422852	-65.926437
12763.806152	-66.577789
12769.189453	-66.561951
12774.572754	-66.505074
12779.956055	-67.049728
12785.339355	-67.226509
12790.722656	-66.920258
12796.105957	-66.964722
12801.489258	-66.866180
12806.872559	-66.678093
12812.255859	-67.087250
12817.639160	-68.058212
12823.022461	-68.252083
12828.405762	-67.952354
12833.789062	-67.883278
12839.172363	-68.399261
12844.555664	-68.298920
12849.938965	-68.609131
12855.322266	-68.840721
12860.705566	-68.731079
12866.088867	-68.440338
12871.472168	-68.763039
12876.855469	-69.198540
12882.238770	-69.334885
12887.622070	-69.590408
12893.005371	-69.883057
12898.388672	-69.959686
12903.771973	-70.023834
12909.155273	-70.005981
12914.538574	-69.979752
12919.921875	-70.304451
12925.305176	-71.285797
12930.688477	-71.187607
12936.071777	-71.262680
12941.455078	-71.954422
12946.838379	-72.100151
12952.221680	-71.845634
12957.604980	-71.529610
12962.988281	-71.410629
12968.371582	-72.129860
12973.754883	-72.607620
12979.138184	-72.823540
12984.521484	-72.580917
12989.904785	-72.502090
12995.288086	-73.071892
13000.671387	-73.482559
13006.054688	-73.823792
13011.437988	-73.792351
13016.821289	-73.952507
13022.204590	-74.165138
13027.587891	-73.872330
13032.971191	-74.277870
13038.354492	-74.707115
13043.737793	-75.040794
13049.121094	-75.259781
13054.504395	-75.158859
13059.887695	-75.393875
13065.270996	-75.891136
13070.654297	-76.227188
13076.037598	-76.388130
13081.420898	-76.364510
13086.804199	-76.392776
13092.187500	-77.073204
13097.570801	-77.684631
13102.954102	-77.436653
13108.337402	-77.465698
13113.720703	-77.688896
13119.104004	-77.524384
13124.487305	-78.169891
13129.870605	-78.085251
13135.253906	-77.918205
13140.637207	-78.958183
13146.020508	-79.548103
13151.403809	-79.499069
13156.787109	-79.737862
13162.170410	-79.915451
13167.553711	-80.200981
13172.937012	-80.382324
13178.320312	-80.957138
13183.703613	-81.062935
13189.086914	-80.999138
13194.470215	-81.270294
13199.853516	-82.049614
13205.236816	-82.008636
13210.620117	-82.530113
13216.003418	-83.091957
13221.386719	-83.205177
13226.770020	-83.010956
13232.153320	-83.398949
13237.536621	-83.835480
13242.919922	-84.138512
13248.303223	-84.501404
13253.686523	-84.720993
13259.069824	-85.243141
13264.453125	-86.101044
13269.836426	-86.352486
13275.219727	-86.379608
13280.603027	-86.828445
13285.986328	-87.349297
13291.369629	-87.723991
13296.752930	-88.161682
13302.136230	-88.225639
13307.519531	-89.091995
13312.902832	-89.268417
13318.286133	-89.548134
13323.669434	-90.060867
13329.052734	-90.944946
13334.436035	-91.686958
13339.819336	-92.183128
13345.202637	-93.148514
13350.585938	-93.378708
13355.969238	-93.746002
13361.352539	-94.768448
13366.735840	-95.061951
13372.119141	-95.829399
13377.502441	-96.779884
13382.885742	-97.825752
13388.269043	-98.902039
13393.652344	-100.268944
13399.035645	-101.542084
13404.418945	-103.217789
13409.802246	-104.789024
13415.185547	-106.506401
13420.568848	-109.134445
13425.952148	-112.509415
13431.335449	-118.239723
13436.718750	-123.500130
13442.102051	-117.057449
13447.485352	-112.365074
13452.868652	-109.505219
13458.251953	-107.208862
13463.635254	-105.131119
13469.018555	-103.703842
13474.401855	-102.606697
13479.785156	-101.679726
13485.168457	-100.830887
13490.551758	-100.216721
13495.935059	-99.576767
13501.318359	-98.771851
13506.701660	-98.158646
13512.084961	-97.562492
13517.468262	-97.289055
13522.851562	-96.706123
13528.234863	-96.278625
13533.618164	-96.204521
13539.001465	-96.352882
13544.384766	-95.610146
13549.768066	-94.731575
13555.151367	-94.397514
13560.534668	-94.522476
13565.917969	-94.406876
13571.301270	-94.125954
13576.684570	-94.142776
13582.067871	-94.369026
13587.451172	-93.811234
13592.834473	-93.400246
13598.217773	-92.927094
13603.601074	-93.007874
13608.984375	-92.658112
13614.367676	-92.435104
13619.750977	-92.394539
13625.134277	-92.308533
13630.517578	-92.270485
13635.900879	-92.379089
13641.284180	-92.324844
13646.667480	-91.883698
13652.050781	-91.312790
13657.434082	-91.345703
13662.817383	-91.171486
13668.200684	-91.017746
13673.583984	-91.098976
13678.967285	-91.223099
13684.350586	-90.791199
13689.733887	-91.035942
13695.117188	-91.041183
13700.500488	-91.121338
13705.883789	-91.257652
13711.267090	-91.081268
13716.650391	-90.812668
13722.033691	-90.517212
13727.416992	-90.608887
13732.800293	-90.742958
13738.183594	-90.905052
13743.566895	-90.746292
13748.950195	-90.706703
13754.333496	-90.797264
13759.716797	-90.927292
13765.100098	-90.470139
13770.483398	-90.281151
13775.866699	-90.316124
13781.250000	-90.050507
13786.633301	-90.463737
13792.016602	-90.902977
13797.399902	-90.985443
13802.783203	-90.903809
13808.166504	-90.756943
13813.549805	-90.702232
13818.933105	-91.047943
13824.316406	-90.961075
13829.699707	-91.333939
13835.083008	-91.167747
13840.466309	-90.851723
13845.849609	-90.883736
13851.232910	-91.115341
13856.616211	-90.950211
13861.999512	-90.525841
13867.382812	-90.661232
13872.766113	-90.972076
13878.149414	-90.946289
13883.532715	-91.607552
13888.916016	-91.320656
13894.299316	-90.654335
13899.682617	-90.964844
13905.065918	-91.055168
13910.449219	-91.089218
13915.832520	-91.239296
13921.215820	-91.177361
13926.599121	-91.632309
13931.982422	-91.859032
13937.365723	-91.789436
13942.749023	-91.749550
13948.132324	-91.706276
13953.515625	-91.825089
13958.898926	-91.776260
13964.282227	-91.893234
13969.665527	-91.571892
13975.048828	-91.478531
13980.432129	-91.650085
13985.815430	-91.783958
13991.198730	-91.478874
13996.582031	-91.707001
14001.965332	-92.258759
14007.348633	-92.511894
14012.731934	-92.829941
14018.115234	-92.726181
14023.498535	-92.358757
14028.881836	-92.486420
14034.265137	-91.984924
14039.648438	-92.079124
14045.031738	-92.678391
14050.415039	-92.842766
14055.798340	-93.064056
14061.181641	-92.478821
14066.564941	-92.838188
14071.948242	-93.001144
14077.331543	-93.119347
14082.714844	-93.120995
14088.098145	-93.191536
14093.481445	-93.297134
14098.864746	-93.822731
14104.248047	-94.054146
14109.631348	-93.964050
14115.014648	-94.031395
14120.397949	-94.107986
14125.781250	-93.952354
14131.164551	-94.449257
14136.547852	-94.449112
14141.931152	-94.452026
14147.314453	-94.304031
14152.697754	-94.075035
14158.081055	-94.395531
14163.464355	-94.389214
14168.847656	-94.352966
14174.230957	-94.682716
14179.614258	-94.602737
14184.997559	-94.651817
14190.380859	-95.006912
14195.764160	-95.015076
14201.147461	-95.268265
14206.530762	-95.545609
14211.914062	-95.619484
14217.297363	-95.467751
14222.680664	-95.338287
14228.063965	-95.126526
14233.447266	-95.193336
14238.830566	-95.661491
14244.213867	-95.717392
14249.597168	-96.034416
14254.980469	-96.459206
14260.363770	-96.016495
14265.747070	-96.145050
14271.130371	-96.783218
14276.513672	-96.490593
14281.896973	-96.119453
14287.280273	-96.374390
14292.663574	-96.729782
14298.046875	-97.251732
14303.430176	-97.066338
14308.813477	-97.127571
14314.196777	-97.464493
14319.580078	-97.413620
14324.963379	-96.830826
14330.346680	-97.066841
14335.729980	-97.262360
14341.113281	-97.054840
14346.496582	-97.332924
14351.879883	-97.232735
14357.263184	-97.260941
14362.646484	-97.262726
14368.029785	-97.711029
14373.413086	-97.752869
14378.796387	-97.915955
14384.179688	-97.814308
14389.562988	-97.837830
14394.946289	-97.982628
14400.329590	-98.060562
14405.712891	-98.090096
14411.096191	-98.129463
14416.479492	-98.367371
14421.862793	-98.426659
14427.246094	-98.063164
14432.629395	-97.940392
14438.012695	-98.062035
14443.395996	-98.372925
14448.779297	-98.496574
14454.162598	-98.294281
14459.545898	-98.543716
14464.929199	-98.235245
14470.312500	-98.792877
14475.695801	-98.933342
14481.079102	-98.304787
14486.462402	-98.405655
14491.845703	-98.532951
14497.229004	-98.260262
14502.612305	-98.427246
14507.995605	-98.651939
14513.378906	-98.564857
14518.762207	-98.648094
14524.145508	-98.568802
14529.528809	-98.472435
14534.912109	-98.490555
14540.295410	-98.651192
14545.678711	-98.458191
14551.062012	-98.732567
14556.445312	-98.628555
14561.828613	-98.565224
14567.211914	-98.803284
14572.595215	-98.797882
14577.978516	-98.449043
14583.361816	-98.017197
14588.745117	-98.447174
14594.128418	-98.834152
14599.511719	-98.439369
14604.895020	-98.593346
14610.278320	-98.597939
14615.661621	-98.362137
14621.044922	-98.417511
14626.428223	-98.373741
14631.811523	-98.332680
14637.194824	-98.503342
14642.578125	-98.230232
14647.961426	-98.514984
14653.344727	-98.584473
14658.728027	-97.954071
14664.111328	-98.027519
14669.494629	-98.123924
14674.877930	-98.053185
14680.261230	-97.526733
14685.644531	-97.628532
14691.027832	-97.348083
14696.411133	-97.881973
14701.794434	-97.822029
14707.177734	-97.618782
14712.561035	-97.788010
14717.944336	-97.689934
14723.327637	-97.786613
14728.710938	-97.672493
14734.094238	-97.763359
14739.477539	-97.844078
14744.860840	-97.412102
14750.244141	-97.351036
14755.627441	-97.492767
14761.010742	-97.669991
14766.394043	-97.749008
14771.777344	-97.820320
14777.160645	-97.606529
14782.543945	-97.169106
14787.927246	-97.621902
14793.310547	-97.183693
14798.693848	-97.093933
14804.077148	-96.975517
14809.460449	-96.674004
14814.843750	-97.000603
14820.227051	-96.874199
14825.610352	-96.703644
14830.993652	-96.654694
14836.376953	-97.036057
14841.760254	-97.099739
14847.143555	-97.098457
14852.526855	-96.609299
14857.910156	-96.576958
14863.293457	-96.435837
14868.676758	-96.563881
14874.060059	-96.575569
14879.443359	-96.594254
14884.826660	-96.788094
14890.209961	-96.302391
14895.593262	-96.030106
14900.976562	-96.161827
14906.359863	-96.235107
14911.743164	-96.392250
14917.126465	-95.878502
14922.509766	-95.842644
14927.893066	-95.765244
14933.276367	-95.833702
14938.659668	-96.273491
14944.042969	-96.536369
14949.426270	-96.158760
14954.809570	-95.860985
14960.192871	-95.848038
14965.576172	-95.799332
14970.959473	-95.987747
14976.342773	-95.640694
14981.726074	-95.837807
14987.109375	-95.911835
14992.492676	-96.072090
14997.875977	-96.138863
15003.259277	-95.978058
15008.642578	-95.773506
15014.025879	-95.849380
15019.409180	-95.981590
15024.792480	-95.576553
15030.175781	-95.472954
15035.559082	-95.518616
15040.942383	-95.804985
15046.325684	-95.508286
15051.708984	-95.364090
15057.092285	-95.582970
15062.475586	-96.210686
15067.858887	-95.697853
15073.242188	-94.944077
15078.625488	-94.755470
15084.008789	-95.387062
15089.392090	-96.055779
15094.775391	-95.670471
15100.158691	-95.259605
15105.541992	-95.415619
15110.925293	-95.354996
15116.308594	-95.637344
15121.691895	-95.514542
15127.075195	-95.278625
15132.458496	-95.330673
15137.841797	-95.515549
15143.225098	-95.507553
15148.608398	-95.456139
15153.991699	-95.719986
15159.375000	-95.795631
15164.758301	-95.848053
15170.141602	-95.936691
15175.524902	-95.392227
15180.908203	-95.247330
15186.291504	-95.175789
15191.674805	-95.371574
15197.058105	-95.244957
15202.441406	-95.466400
15207.824707	-95.476265
15213.208008	-95.204636
15218.591309	-95.566025
15223.974609	-95.766808
15229.357910	-95.794128
15234.741211	-95.634155
15240.124512	-95.881500
15245.507812	-95.822342
15250.891113	-95.552353
15256.274414	-95.551476
15261.657715	-95.678032
15267.041016	-95.707565
15272.424316	-95.638336
15277.807617	-95.834610
15283.190918	-95.900337
15288.574219	-95.745567
15293.957520	-96.128113
15299.340820	-95.956009
15304.724121	-95.908310
15310.107422	-96.102600
15315.490723	-95.863853
15320.874023	-95.781845
15326.257324	-96.195374
15331.640625	-96.089432
15337.023926	-95.722061
15342.407227	-95.933167
15347.790527	-96.344025
15353.173828	-96.227066
15358.557129	-95.669739
15363.940430	-96.209602
15369.323730	-96.527466
15374.707031	-96.840103
15380.090332	-96.679924
15385.473633	-96.202927
15390.856934	-96.327255
15396.240234	-96.609680
15401.623535	-96.861633
15407.006836	-97.376312
15412.390137	-96.926628
15417.773438	-96.482620
15423.156738	-96.870934
15428.540039	-97.111755
15433.923340	-96.931183
15439.306641	-97.256401
15444.689941	-97.344246
15450.073242	-97.043373
15455.456543	-97.305496
15460.839844	-97.446625
15466.223145	-97.670555
15471.606445	-98.350136
15476.989746	-98.564812
15482.373047	-98.166245
15487.756348	-97.855797
15493.139648	-98.219727
15498.522949	-98.082397
15503.906250	-98.189384
15509.289551	-98.761063
15514.672852	-98.502838
15520.056152	-98.463730
15525.439453	-98.881073
15530.822754	-99.159218
15536.206055	-99.483948
15541.589355	-99.459877
15546.972656	-99.203148
15552.355957	-99.606590
15557.739258	-99.709160
15563.122559	-99.913712
15568.505859	-100.390289
15573.889160	-100.507927
15579.272461	-100.564156
15584.655762	-100.667259
15590.039062	-100.758171
15595.422363	-101.048042
15600.805664	-101.083046
15606.188965	-101.138992
15611.572266	-101.482208
15616.955566	-101.845169
15622.338867	-102.178513
15627.722168	-102.090828
15633.105469	-102.094994
15638.488770	-102.863861
15643.872070	-103.031128
15649.255371	-103.152687
15654.638672	-103.532402
15660.021973	-103.554321
15665.405273	-104.148895
15670.788574	-104.027481
15676.171875	-104.732422
15681.555176	-105.117477
15686.938477	-105.369637
15692.321777	-105.676025
15697.705078	-106.058182
15703.088379	-106.787308
15708.471680	-107.216225
15713.854980	-107.353508
15719.238281	-107.551155
15724.621582	-108.363960
15730.004883	-109.389488
15735.388184	-109.648796
15740.771484	-110.365524
15746.154785	-110.629837
15751.538086	-111.535614
15756.921387	-112.448471
15762.304688	-112.985512
15767.687988	-113.786781
15773.071289	-115.051193
15778.454590	-116.432877
15783.837891	-118.082916
15789.221191	-120.059692
15794.604492	-122.597923
15799.987793	-125.583458
15805.371094	-130.696259
15810.754395	-136.856369
15816.137695	-130.871887
15821.520996	-125.905258
15826.904297	-122.431320
15832.287598	-119.787834
15837.670898	-117.988853
15843.054199	-116.035904
15848.437500	-115.014008
15853.820801	-114.257706
15859.204102	-113.293747
15864.587402	-112.784821
15869.970703	-111.329353
15875.354004	-110.514297
15880.737305	-110.249786
15886.120605	-109.489479
15891.503906	-108.472908
15896.887207	-107.623703
15902.270508	-106.785957
15907.653809	-106.812729
15913.037109	-106.429443
15918.420410	-106.130783
15923.803711	-105.625237
15929.187012	-105.201996
15934.570312	-105.003555
15939.953613	-104.436607
15945.336914	-104.183823
15950.720215	-103.638153
15956.103516	-103.411476
15961.486816	-103.161293
15966.870117	-102.697388
15972.253418	-102.160324
15977.636719	-102.032211
15983.020020	-101.649780
15988.403320	-101.408669
15993.786621	-101.631096
15999.169922	-101.351425
16004.553223	-100.831299
16009.936523	-100.389580
16015.319824	-100.348557
16020.703125	-100.125542
16026.086426	-99.915230
16031.469727	-99.652924
16036.853027	-99.889534
16042.236328	-99.438759
16047.619629	-99.172241
16053.002930	-99.166794
16058.386230	-98.818657
16063.769531	-98.888351
16069.152832	-98.633904
16074.536133	-98.229797
16079.919434	-98.082748
16085.302734	-97.997643
16090.686035	-97.781830
16096.069336	-97.854530
16101.452637	-98.009308
16106.835938	-97.537582
16112.219238	-97.353554
16117.602539	-97.961746
16122.985840	-97.726440
16128.369141	-96.960197
16133.752441	-96.600655
16139.135742	-96.787918
16144.519043	-96.325516
16149.902344	-96.325089
16155.285645	-96.582359
16160.668945	-96.352150
16166.052246	-95.861496
16171.435547	-96.127296
16176.818848	-95.883522
16182.202148	-95.627487
16187.585449	-95.899719
16192.968750	-95.754562
16198.352051	-95.755455
16203.735352	-95.830681
16209.118652	-95.627602
16214.501953	-95.619019
16219.885254	-95.742470
16225.268555	-94.982903
16230.651855	-94.786987
16236.035156	-94.574524
16241.418457	-94.478577
16246.801758	-94.675331
16252.185059	-94.521500
16257.568359	-94.200737
16262.951660	-94.291779
16268.334961	-94.379539
16273.718262	-94.615166
16279.101562	-94.855743
16284.484863	-94.517738
16289.868164	-94.055031
16295.251465	-93.820213
16300.634766	-93.530785
16306.018066	-93.604897
16311.401367	-93.438255
16316.784668	-93.823822
16322.167969	-93.916420
16327.551270	-93.919693
16332.934570	-93.925102
16338.317871	-93.577377
16343.701172	-93.223427
16349.084473	-93.434418
16354.467773	-93.658302
16359.851074	-93.225174
16365.234375	-92.971077
16370.617676	-93.205124
16376.000977	-93.347092
16381.384277	-93.387352
16386.767578	-92.927574
16392.150879	-92.632866
16397.534180	-93.016663
16402.917480	-92.986137
16408.300781	-92.873245
16413.684082	-92.917862
16419.067383	-92.753716
16424.450684	-92.886002
16429.833984	-93.240486
16435.217285	-93.303864
16440.600586	-92.840584
16445.983887	-92.720520
16451.367188	-92.650780
16456.750488	-92.468491
16462.133789	-92.669792
16467.517090	-93.040375
16472.900391	-92.812386
16478.283691	-92.531799
16483.666992	-93.116638
16489.050293	-93.180656
16494.433594	-92.866013
16499.816895	-92.695900
16505.200195	-92.622231
16510.583496	-92.790703
16515.966797	-93.125389
16521.350098	-92.993233
16526.733398	-92.311928
16532.116699	-92.806541
16537.500000	-93.094391
16542.883301	-93.112923
16548.266602	-92.464905
16553.649902	-92.490402
16559.033203	-92.992867
16564.416504	-93.243866
16569.799805	-92.978233
16575.183105	-92.307930
16580.566406	-92.491982
16585.949707	-92.661369
16591.333008	-92.454521
16596.716309	-92.565910
16602.099609	-92.626747
16607.482910	-93.246918
16612.866211	-93.161278
16618.249512	-93.043732
16623.632812	-93.140793
16629.016113	-92.781387
16634.399414	-92.757614
16639.782715	-92.808624
16645.166016	-92.653839
16650.549316	-92.632889
16655.932617	-92.524246
16661.315918	-92.719292
16666.699219	-93.663605
16672.082520	-93.602600
16677.465820	-93.737938
16682.849121	-93.914703
16688.232422	-93.446777
16693.615723	-93.084419
16698.999023	-92.879135
16704.382324	-93.566307
16709.765625	-93.463066
16715.148926	-93.316414
16720.532227	-93.775719
16725.915527	-93.622040
16731.298828	-93.378937
16736.682129	-93.580147
16742.065430	-93.871483
16747.448730	-94.016060
16752.832031	-93.766808
16758.215332	-93.915077
16763.598633	-94.127289
16768.981934	-93.693428
16774.365234	-93.582817
16779.748535	-93.796822
16785.131836	-93.686722
16790.515137	-93.691368
16795.898438	-93.935852
16801.281738	-94.223717
16806.665039	-94.505737
16812.048340	-94.463043
16817.431641	-94.297012
16822.814941	-94.312851
16828.198242	-94.975922
16833.581543	-94.792900
16838.964844	-94.691887
16844.348145	-95.140923
16849.731445	-95.511192
16855.114746	-95.367134
16860.498047	-95.581757
16865.881348	-95.038445
16871.264648	-95.361908
16876.647949	-96.173592
16882.031250	-95.744370
16887.414551	-95.671532
16892.797852	-95.677284
16898.181152	-96.260635
16903.564453	-96.134148
16908.947754	-96.032372
16914.331055	-96.422462
16919.714355	-96.683250
16925.097656	-96.804146
16930.480957	-97.027939
16935.864258	-96.683136
16941.247559	-97.216400
16946.630859	-97.117401
16952.014160	-96.842964
16957.397461	-97.749870
16962.780762	-98.145241
16968.164062	-98.367058
16973.547363	-98.324219
16978.930664	-98.230850
16984.313965	-98.557632
16989.697266	-98.700851
16995.080566	-99.024551
17000.463867	-98.579674
17005.847168	-98.612000
17011.230469	-98.989044
17016.613770	-99.036690
17021.997070	-99.567574
17027.380371	-99.914139
17032.763672	-99.962234
17038.146973	-100.635628
17043.530273	-100.571320
17048.913574	-100.844757
17054.296875	-101.471436
17059.680176	-101.097618
17065.063477	-101.091789
17070.446777	-101.917976
17075.830078	-102.472832
17081.213379	-102.288628
17086.596680	-102.417534
17091.979980	-102.470779
17097.363281	-103.081085
17102.746582	-103.920242
17108.129883	-104.118446
17113.513184	-104.301163
17118.896484	-104.890266
17124.279785	-105.134872
17129.663086	-105.772583
17135.046387	-106.350868
17140.429688	-106.707512
17145.812988	-107.674057
17151.196289	-107.661140
17156.579590	-108.486328
17161.962891	-109.303879
17167.346191	-110.362915
17172.729492	-111.185997
17178.112793	-112.030861
17183.496094	-112.844109
17188.879395	-113.696609
17194.262695	-115.573860
17199.645996	-117.227325
17205.029297	-118.930740
17210.412598	-121.480713
17215.795898	-125.212234
17221.179199	-130.936966
17226.562500	-135.176880
17231.945801	-128.608063
17237.329102	-124.099442
17242.712402	-120.719620
17248.095703	-117.719162
17253.479004	-116.099518
17258.862305	-114.993050
17264.245605	-113.876785
17269.628906	-112.639618
17275.012207	-111.573463
17280.395508	-111.078911
17285.778809	-110.290306
17291.162109	-109.062187
17296.545410	-107.956886
17301.928711	-107.869354
17307.312012	-107.441017
17312.695312	-106.910271
17318.078613	-106.473579
17323.461914	-105.689194
17328.845215	-105.209320
17334.228516	-104.897835
17339.611816	-104.592598
17344.995117	-104.006500
17350.378418	-103.467903
17355.761719	-103.126976
17361.145020	-102.612503
17366.528320	-102.158318
17371.911621	-101.677284
17377.294922	-101.561203
17382.678223	-101.226738
17388.061523	-101.319153
17393.444824	-101.151619
17398.828125	-100.868027
17404.211426	-100.767540
17409.594727	-100.840500
17414.978027	-100.271118
17420.361328	-100.283447
17425.744629	-99.476936
17431.127930	-99.429451
17436.511230	-99.515633
17441.894531	-98.972427
17447.277832	-98.667755
17452.661133	-98.432426
17458.044434	-98.341141
17463.427734	-98.421356
17468.811035	-98.439262
17474.194336	-98.086182
17479.577637	-97.729507
17484.960938	-97.881805
17490.344238	-97.511292
17495.727539	-97.230133
17501.110840	-97.093307
17506.494141	-97.058411
17511.877441	-97.400787
17517.260742	-97.098473
17522.644043	-96.984070
17528.027344	-96.724686
17533.410645	-96.589180
17538.793945	-96.713364
17544.177246	-96.255470
17549.560547	-96.219040
17554.943848	-95.768227
17560.327148	-95.172630
17565.710449	-95.784019
17571.093750	-95.591698
17576.477051	-95.446411
17581.860352	-95.288124
17587.243652	-95.541565
17592.626953	-95.380524
17598.010254	-94.866707
17603.393555	-94.754578
17608.776855	-94.760803
17614.160156	-95.030128
17619.543457	-94.665634
17624.926758	-94.693504
17630.310059	-94.465858
17635.693359	-94.628075
17641.076660	-94.769073
17646.459961	-94.301743
17651.843262	-94.370552
17657.226562	-94.091904
17662.609863	-93.982468
17667.993164	-93.938370
17673.376465	-94.028992
17678.759766	-93.912270
17684.143066	-93.531738
17689.526367	-93.612709
17694.909668	-93.564934
17700.292969	-93.915512
17705.676270	-93.629936
17711.059570	-93.340881
17716.442871	-93.615623
17721.826172	-93.660385
17727.209473	-93.804695
17732.592773	-93.721924
17737.976074	-93.175354
17743.359375	-93.405212
17748.742676	-93.636925
17754.125977	-93.076714
17759.509277	-93.063118
17764.892578	-93.042473
17770.275879	-93.303467
17775.659180	-93.170120
17781.042480	-92.868919
17786.425781	-93.125206
17791.809082	-93.246979
17797.192383	-93.255783
17802.575684	-92.695168
17807.958984	-92.669579
17813.342285	-92.837090
17818.725586	-92.893158
17824.108887	-93.262871
17829.492188	-92.894600
17834.875488	-92.957306
17840.258789	-92.697624
17845.642090	-92.348824
17851.025391	-92.492775
17856.408691	-92.452835
17861.791992	-92.856766
17867.175293	-92.634041
17872.558594	-93.120338
17877.941895	-92.792030
17883.325195	-92.566246
17888.708496	-92.505913
17894.091797	-92.272987
17899.475098	-92.467155
17904.858398	-92.450180
17910.241699	-92.506012
17915.625000	-92.652580
17921.008301	-92.520500
17926.391602	-92.102058
17931.774902	-92.180687
17937.158203	-92.279175
17942.541504	-92.494530
17947.924805	-93.104721
17953.308105	-93.136627
17958.691406	-93.108017
17964.074707	-92.879662
17969.458008	-92.851402
17974.841309	-92.780922
17980.224609	-92.824615
17985.607910	-92.686813
17990.991211	-92.424385
17996.374512	-92.337906
18001.757812	-92.777992
18007.141113	-92.794434
18012.524414	-92.842850
18017.907715	-93.015839
18023.291016	-93.024445
18028.674316	-92.972183
18034.057617	-93.082542
18039.440918	-93.038040
18044.824219	-92.838165
18050.207520	-92.790817
18055.590820	-93.092850
18060.974121	-93.195679
18066.357422	-93.308365
18071.740723	-93.437645
18077.124023	-93.301140
18082.507324	-93.694901
18087.890625	-93.465393
18093.273926	-93.604790
18098.657227	-93.565765
18104.040527	-93.359787
18109.423828	-93.330841
18114.807129	-93.679283
18120.190430	-93.653419
18125.573730	-93.727196
18130.957031	-94.185577
18136.340332	-93.956474
18141.723633	-93.492004
18147.106934	-93.661163
18152.490234	-94.344307
18157.873535	-94.196213
18163.256836	-94.108421
18168.640137	-94.073799
18174.023438	-94.171448
18179.406738	-94.211746
18184.790039	-94.001648
18190.173340	-94.010094
18195.556641	-94.598587
18200.939941	-94.711464
18206.323242	-94.631584
18211.706543	-94.699364
18217.089844	-94.795357
18222.473145	-94.928314
18227.856445	-95.063454
18233.239746	-95.295128
18238.623047	-95.478096
18244.006348	-95.470421
18249.389648	-95.243164
18254.772949	-95.412689
18260.156250	-95.595802
18265.539551	-95.972878
18270.922852	-95.995956
18276.306152	-95.674011
18281.689453	-95.599983
18287.072754	-96.281723
18292.456055	-96.571938
18297.839355	-96.550507
18303.222656	-96.663368
18308.605957	-96.434662
18313.989258	-96.651237
18319.372559	-96.954201
18324.755859	-97.078300
18330.139160	-97.475822
18335.522461	-97.731926
18340.905762	-97.599098
18346.289062	-97.639107
18351.672363	-97.681763
18357.055664	-97.731010
18362.438965	-98.045410
18367.822266	-98.215729
18373.205566	-98.185371
18378.588867	-98.370644
18383.972168	-98.583275
18389.355469	-99.098259
18394.738770	-99.004234
18400.122070	-99.297157
18405.505371	-99.367157
18410.888672	-99.569000
18416.271973	-100.177574
18421.655273	-100.195984
18427.038574	-99.992477
18432.421875	-100.448860
18437.805176	-101.116585
18443.188477	-101.171928
18448.571777	-101.846947
18453.955078	-102.298340
18459.338379	-101.826447
18464.721680	-102.344177
18470.104980	-102.897766
18475.488281	-103.093491
18480.871582	-103.699409
18486.254883	-103.951721
18491.638184	-104.167107
18497.021484	-104.565659
18502.404785	-104.821182
18507.788086	-105.410255
18513.171387	-106.260391
18518.554688	-106.697350
18523.937988	-107.134193
18529.321289	-107.848381
18534.704590	-108.304718
18540.087891	-108.804138
18545.471191	-109.522041
18550.854492	-110.439209
18556.237793	-110.884926
18561.621094	-111.607620
18567.004395	-112.635849
18572.387695	-114.052856
18577.770996	-115.675888
18583.154297	-117.592278
18588.537598	-119.559402
18593.920898	-121.986671
18599.304199	-125.442429
18604.687500	-130.770081
18610.070801	-134.861572
18615.454102	-128.108109
18620.837402	-123.752701
18626.220703	-120.531746
18631.604004	-118.711212
18636.987305	-116.753342
18642.370605	-114.855675
18647.753906	-113.733665
18653.137207	-112.317169
18658.520508	-111.356987
18663.903809	-110.807426
18669.287109	-110.506500
18674.670410	-109.216011
18680.053711	-108.549736
18685.437012	-107.879524
18690.820312	-107.168808
18696.203613	-106.664413
18701.586914	-106.124367
18706.970215	-105.480583
18712.353516	-105.020798
18717.736816	-104.481606
18723.120117	-104.348267
18728.503418	-104.549095
18733.886719	-103.916595
18739.270020	-103.081268
18744.653320	-102.459007
18750.036621	-102.463531
18755.419922	-101.836136
18760.803223	-101.660645
18766.186523	-101.952324
18771.569824	-101.535515
18776.953125	-101.105057
18782.336426	-100.638191
18787.719727	-100.855690
18793.103027	-100.596123
18798.486328	-99.903526
18803.869629	-100.016960
18809.252930	-99.889038
18814.636230	-99.760513
18820.019531	-99.559990
18825.402832	-99.120468
18830.786133	-98.985443
18836.169434	-98.677567
18841.552734	-98.531540
18846.936035	-98.814537
18852.319336	-98.352921
18857.702637	-97.847931
18863.085938	-97.836632
18868.469238	-97.675957
18873.852539	-97.582451
18879.235840	-97.392159
18884.619141	-97.165802
18890.002441	-96.805435
18895.385742	-96.516106
18900.769043	-97.021416
18906.152344	-96.947151
18911.535645	-96.770531
18916.918945	-96.453827
18922.302246	-96.462891
18927.685547	-96.577194
18933.068848	-96.665382
18938.452148	-96.255569
18943.835449	-95.939423
18949.218750	-96.455917
18954.602051	-96.151703
18959.985352	-95.743538
18965.368652	-95.639488
18970.751953	-95.377579
18976.135254	-95.545670
18981.518555	-95.299026
18986.901855	-95.035271
18992.285156	-94.860420
18997.668457	-94.871124
19003.051758	-94.829468
19008.435059	-94.682030
19013.818359	-95.204460
19019.201660	-95.243370
19024.584961	-94.780884
19029.968262	-94.585045
19035.351562	-94.522285
19040.734863	-94.251381
19046.118164	-94.159508
19051.501465	-94.191826
19056.884766	-94.064545
19062.268066	-94.013321
19067.651367	-93.650642
19073.034668	-93.907768
19078.417969	-94.035004
19083.801270	-93.895844
19089.184570	-93.501297
19094.567871	-93.835358
19099.951172	-93.537109
19105.334473	-93.776718
19110.717773	-93.749596
19116.101074	-93.798622
19121.484375	-93.818092
19126.867676	-93.517479
19132.250977	-93.237518
19137.634277	-93.489883
19143.017578	-93.683685
19148.400879	-93.491554
19153.784180	-93.016434
19159.167480	-93.185509
19164.550781	-93.391220
19169.934082	-93.339249
19175.317383	-93.309776
19180.700684	-93.053818
19186.083984	-92.891464
19191.467285	-92.804092
19196.850586	-93.012810
19202.233887	-92.789017
19207.617188	-92.857925
19213.000488	-92.979904
19218.383789	-92.965279
19223.767090	-93.065582
19229.150391	-92.911507
19234.533691	-92.900833
19239.916992	-92.684113
19245.300293	-92.469223
19250.683594	-92.806381
19256.066895	-92.710098
19261.450195	-92.495529
19266.833496	-92.957664
19272.216797	-92.825027
19277.600098	-92.682327
19282.983398	-92.678093
19288.366699	-92.994827
19293.750000	-92.479095
19299.133301	-92.720894
19304.516602	-93.104691
19309.899902	-92.845161
19315.283203	-92.278671
19320.666504	-92.817802
19326.049805	-93.167488
19331.433105	-92.520996
19336.816406	-92.484459
19342.199707	-92.533676
19347.583008	-92.897789
19352.966309	-92.927605
19358.349609	-92.916801
19363.732910	-92.986168
19369.116211	-92.897484
19374.499512	-93.136467
19379.882812	-92.857040
19385.266113	-93.061096
19390.649414	-93.371414
19396.032715	-93.033798
19401.416016	-93.105331
19406.799316	-92.967842
19412.182617	-93.380920
19417.565918	-93.381233
19422.949219	-93.311798
19428.332520	-93.006905
19433.715820	-93.063705
19439.099121	-93.318092
19444.482422	-93.329140
19449.865723	-92.949524
19455.249023	-93.210159
19460.632324	-93.502647
19466.015625	-93.819809
19471.398926	-93.829987
19476.782227	-93.658279
19482.165527	-93.346985
19487.548828	-93.601234
19492.932129	-93.691612
19498.315430	-93.464432
19503.698730	-93.695702
19509.082031	-93.817741
19514.465332	-94.015297
19519.848633	-94.304512
19525.231934	-93.884239
19530.615234	-93.886902
19535.998535	-94.184387
19541.381836	-94.480766
19546.765137	-94.464836
19552.148438	-94.227020
19557.531738	-94.683243
19562.915039	-94.652283
19568.298340	-95.177391
19573.681641	-95.019653
19579.064941	-94.760216
19584.448242	-95.033173
19589.831543	-95.268211
19595.214844	-95.370369
19600.598145	-95.432159
19605.981445	-95.482208
19611.364746	-95.097237
19616.748047	-95.470169
19622.131348	-95.825653
19627.514648	-95.402084
19632.897949	-95.752701
19638.281250	-95.824051
19643.664551	-95.737373
19649.047852	-95.824013
19654.431152	-95.986275
19659.814453	-96.220070
19665.197754	-96.154350
19670.581055	-96.480019
19675.964355	-96.522728
19681.347656	-96.676437
19686.730957	-96.585922
19692.114258	-96.796608
19697.497559	-97.252357
19702.880859	-97.016273
19708.264160	-96.828384
19713.647461	-97.283470
19719.030762	-97.485008
19724.414062	-97.923958
19729.797363	-98.307343
19735.180664	-98.283485
19740.563965	-98.265953
19745.947266	-98.648964
19751.330566	-98.419952
19756.713867	-98.619316
19762.097168	-98.953041
19767.480469	-99.392662
19772.863770	-99.382271
19778.247070	-100.110497
19783.630371	-100.271942
19789.013672	-100.214256
19794.396973	-99.925980
19799.780273	-100.048027
19805.163574	-100.463387
19810.546875	-101.011169
19815.930176	-101.280792
19821.313477	-101.640915
19826.696777	-101.685181
19832.080078	-102.059547
19837.463379	-102.596100
19842.846680	-102.901466
19848.229980	-103.155624
19853.613281	-103.244087
19858.996582	-103.627403
19864.379883	-104.066223
19869.763184	-104.202209
19875.146484	-104.797340
19880.529785	-105.546394
19885.913086	-105.686661
19891.296387	-106.068611
19896.679688	-106.883644
19902.062988	-107.500435
19907.446289	-108.120537
19912.829590	-108.643997
19918.212891	-109.057289
19923.596191	-110.134949
19928.979492	-110.684776
19934.362793	-111.589256
19939.746094	-112.754669
19945.129395	-113.205940
19950.512695	-114.368759
19955.895996	-115.674210
19961.279297	-117.607666
19966.662598	-120.054756
19972.045898	-122.725082
19977.429199	-126.632294
19982.812500	-132.556183
19988.195801	-134.575836
19993.579102	-128.141052
19998.962402	-123.306885
20004.345703	-120.359703
20009.729004	-118.079643
20015.112305	-116.574844
20020.495605	-115.740768
20025.878906	-114.026871
20031.262207	-112.699120
20036.645508	-111.963577
20042.028809	-110.799973
20047.412109	-110.404198
20052.795410	-109.494598
20058.178711	-108.468361
20063.562012	-107.814857
20068.945312	-107.616302
20074.328613	-106.768944
20079.711914	-106.544205
20085.095215	-106.589211
20090.478516	-105.702385
20095.861816	-105.369514
20101.245117	-105.301781
20106.628418	-104.108406
20112.011719	-103.826256
20117.395020	-103.545349
20122.778320	-103.078369
20128.161621	-102.578888
20133.544922	-102.630341
20138.928223	-102.856735
20144.311523	-102.173546
20149.694824	-101.760048
20155.078125	-101.608315
20160.461426	-101.160706
20165.844727	-100.974495
20171.228027	-100.974846
20176.611328	-101.093506
20181.994629	-100.435043
20187.377930	-99.897415
20192.761230	-99.777779
20198.144531	-99.282059
20203.527832	-99.236298
20208.911133	-99.085625
20214.294434	-98.805023
20219.677734	-98.621620
20225.061035	-98.827850
20230.444336	-98.672562
20235.827637	-98.143608
20241.210938	-98.391327
20246.594238	-98.435471
20251.977539	-98.135002
20257.360840	-98.040894
20262.744141	-97.947632
20268.127441	-97.898087
20273.510742	-97.342072
20278.894043	-96.938126
20284.277344	-96.909714
20289.660645	-96.780617
20295.043945	-96.493355
20300.427246	-96.368965
20305.810547	-96.327797
20311.193848	-96.618767
20316.577148	-96.429161
20321.960449	-95.786369
20327.343750	-96.014053
20332.727051	-96.206497
20338.110352	-95.540489
20343.493652	-95.625839
20348.876953	-95.833427
20354.260254	-95.549858
20359.643555	-95.429466
20365.026855	-95.072563
20370.410156	-95.294601
20375.793457	-94.672577
20381.176758	-94.783882
20386.560059	-94.741814
20391.943359	-94.994774
20397.326660	-95.066978
20402.709961	-94.706299
20408.093262	-94.414070
20413.476562	-94.721321
20418.859863	-94.578423
20424.243164	-94.385757
20429.626465	-94.561752
20435.009766	-94.244576
20440.393066	-94.323006
20445.776367	-94.301376
20451.159668	-94.254608
20456.542969	-94.181976
20461.926270	-93.939629
20467.309570	-94.138031
20472.692871	-94.272751
20478.076172	-94.137405
20483.459473	-94.140602
20488.842773	-94.098442
20494.226074	-94.201500
20499.609375	-93.945580
20504.992676	-93.496895
20510.375977	-93.645081
20515.759277	-93.694839
20521.142578	-93.590034
20526.525879	-93.284256
20531.909180	-93.607399
20537.292480	-93.512932
20542.675781	-93.631004
20548.059082	-93.977623
20553.442383	-93.495918
20558.825684	-93.098366
20564.208984	-93.055077
20569.592285	-92.761818
20574.975586	-93.108833
20580.358887	-93.592545
20585.742188	-93.466423
20591.125488	-92.981049
20596.508789	-93.200188
20601.892090	-93.160194
20607.275391	-93.437500
20612.658691	-93.240341
20618.041992	-93.145554
20623.425293	-92.927925
20628.808594	-92.763062
20634.191895	-93.014214
20639.575195	-93.258324
20644.958496	-93.258003
20650.341797	-93.078896
20655.725098	-92.983124
20661.108398	-92.826073
20666.491699	-93.161285
20671.875000	-93.046684
20677.258301	-93.017342
20682.641602	-92.717255
20688.024902	-92.778931
20693.408203	-92.747192
20698.791504	-93.251060
20704.174805	-93.052643
20709.558105	-92.982567
20714.941406	-93.138206
20720.324707	-93.258896
20725.708008	-93.316490
20731.091309	-93.455620
20736.474609	-93.058586
20741.857910	-92.965218
20747.241211	-93.451103
20752.624512	-93.586967
20758.007812	-93.393150
20763.391113	-93.438103
20768.774414	-92.758781
20774.157715	-93.092796
20779.541016	-93.414108
20784.924316	-93.342522
20790.307617	-93.157204
20795.690918	-93.047409
20801.074219	-93.435005
20806.457520	-93.484505
20811.840820	-93.520241
20817.224121	-93.459152
20822.607422	-93.434456
20827.990723	-93.344078
20833.374023	-93.544945
20838.757324	-93.778954
20844.140625	-93.703331
20849.523926	-93.792831
20854.907227	-93.822319
20860.290527	-94.109093
20865.673828	-93.800659
20871.057129	-93.632774
20876.440430	-93.917908
20881.823730	-94.471794
20887.207031	-94.340996
20892.590332	-94.586578
20897.973633	-94.646950
20903.356934	-94.658096
20908.740234	-94.576683
20914.123535	-94.547539
20919.506836	-95.182037
20924.890137	-95.053307
20930.273438	-94.667755
20935.656738	-94.885002
20941.040039	-94.943840
20946.423340	-94.936096
20951.806641	-95.052872
20957.189941	-95.044914
20962.573242	-95.230438
20967.956543	-95.102638
20973.339844	-95.374153
20978.723145	-95.110069
20984.106445	-95.615524
20989.489746	-95.639603
20994.873047	-96.291626
21000.256348	-96.200409
21005.639648	-96.348961
21011.022949	-96.230484
21016.406250	-95.984840
21021.789551	-95.862602
21027.172852	-96.170418
21032.556152	-95.874954
21037.939453	-95.831512
21043.322754	-96.450806
21048.706055	-96.804359
21054.089355	-96.400375
21059.472656	-96.462830
21064.855957	-96.666901
21070.239258	-96.839722
21075.622559	-97.505516
21081.005859	-97.970726
21086.389160	-97.697136
21091.772461	-97.670883
21097.155762	-98.379311
21102.539062	-98.007515
21107.922363	-98.406647
21113.305664	-98.575714
21118.688965	-98.892776
21124.072266	-98.636566
21129.455566	-98.976837
21134.838867	-99.370438
21140.222168	-99.720467
21145.605469	-99.671417
21150.988770	-99.756889
21156.372070	-99.788933
21161.755371	-99.584259
21167.138672	-100.239868
21172.521973	-100.535141
21177.905273	-100.740257
21183.288574	-100.823257
21188.671875	-101.005707
21194.055176	-101.530426
21199.438477	-101.993004
21204.821777	-102.050133
21210.205078	-102.499680
21215.588379	-102.948143
21220.971680	-103.107056
21226.354980	-103.886765
21231.738281	-104.480766
21237.121582	-104.776695
21242.504883	-104.514191
21247.888184	-104.470123
21253.271484	-104.997009
21258.654785	-105.791992
21264.038086	-106.181076
21269.421387	-107.294235
21274.804688	-107.923065
21280.187988	-108.310692
21285.571289	-108.422188
21290.954590	-108.889191
21296.337891	-109.506989
21301.721191	-110.247063
21307.104492	-110.962006
21312.487793	-112.167946
21317.871094	-113.155205
21323.254395	-114.046394
21328.637695	-115.019058
21334.020996	-116.649986
21339.404297	-118.704285
21344.787598	-121.001648
21350.170898	-124.156326
21355.554199	-128.319839
21360.937500	-135.035583
21366.320801	-132.015045
21371.704102	-126.169823
21377.087402	-122.002777
21382.470703	-119.338066
21387.854004	-117.391182
21393.237305	-116.311287
21398.620605	-115.022995
21404.003906	-113.534508
21409.387207	-113.147652
21414.770508	-111.914719
21420.153809	-110.276955
21425.537109	-109.599869
21430.920410	-108.960571
21436.303711	-108.197815
21441.687012	-107.890747
21447.070312	-107.055603
21452.453613	-107.144226
21457.836914	-106.540718
21463.220215	-105.648445
21468.603516	-105.812233
21473.986816	-105.343025
21479.370117	-104.493660
21484.753418	-104.106567
21490.136719	-103.584038
21495.520020	-103.496536
21500.903320	-103.223015
21506.286621	-103.242004
21511.669922	-102.296051
21517.053223	-101.905067
21522.436523	-101.765480
21527.819824	-101.553062
21533.203125	-101.681023
21538.586426	-101.784416
21543.969727	-100.945503
21549.353027	-100.467529
21554.736328	-100.372223
21560.119629	-100.159248
21565.502930	-100.243690
21570.886230	-99.747444
21576.269531	-99.878586
21581.652832	-99.702637
21587.036133	-99.194504
21592.419434	-99.332680
21597.802734	-98.908340
21603.186035	-98.504349
21608.569336	-98.611000
21613.952637	-98.369499
21619.335938	-98.253525
21624.719238	-97.812515
21630.102539	-97.763870
21635.485840	-98.079643
21640.869141	-97.599953
21646.252441	-97.236771
21651.635742	-97.178497
21657.019043	-97.452003
21662.402344	-97.319160
21667.785645	-96.762146
21673.168945	-96.546959
21678.552246	-96.602913
21683.935547	-96.478462
21689.318848	-96.360138
21694.702148	-96.135834
21700.085449	-96.343155
21705.468750	-96.387100
21710.852051	-96.063057
21716.235352	-96.150154
21721.618652	-95.676186
21727.001953	-95.837418
21732.385254	-95.545555
21737.768555	-95.256371
21743.151855	-94.958282
21748.535156	-95.255508
21753.918457	-95.340363
21759.301758	-95.235519
21764.685059	-94.672783
21770.068359	-94.425842
21775.451660	-94.480385
21780.834961	-94.830978
21786.218262	-95.086617
21791.601562	-94.815559
21796.984863	-94.675972
21802.368164	-94.615852
21807.751465	-94.454254
21813.134766	-94.571480
21818.518066	-94.382072
21823.901367	-93.950432
21829.284668	-94.548683
21834.667969	-94.672752
21840.051270	-94.063606
21845.434570	-93.808601
21850.817871	-93.715919
21856.201172	-94.039062
21861.584473	-93.927048
21866.967773	-93.937347
21872.351074	-93.541801
21877.734375	-93.561554
21883.117676	-93.581184
21888.500977	-93.579697
21893.884277	-93.467644
21899.267578	-93.256989
21904.650879	-93.606506
21910.034180	-93.578667
21915.417480	-94.041115
21920.800781	-94.130768
21926.184082	-93.587822
21931.567383	-94.022774
21936.950684	-94.057152
21942.333984	-93.611214
21947.717285	-93.218994
21953.100586	-93.389557
21958.483887	-93.476868
21963.867188	-93.260513
21969.250488	-93.203911
21974.633789	-93.301315
21980.017090	-93.261604
21985.400391	-93.545044
21990.783691	-93.677284
21996.166992	-92.914116
22001.550293	-93.368996
22006.933594	-93.273285
22012.316895	-93.209908
22017.700195	-93.122498
22023.083496	-93.371429
22028.466797	-93.410072
22033.850098	-92.898666
22039.233398	-93.055779
22044.616699	-93.354126
