Frequency (Hz)	Level (dB)
10.766602	-33.470070
21.533203	-33.652328
32.299805	-32.954659
43.066406	-32.784935
53.833008	-32.622635
64.599609	-33.110088
75.366211	-32.855545
86.132812	-32.934647
96.899414	-33.255348
107.666016	-32.928619
118.432617	-32.783607
129.199219	-32.858601
139.965820	-32.430180
150.732422	-32.784916
161.499023	-32.384289
172.265625	-33.254147
183.032227	-33.278309
193.798828	-32.825356
204.565430	-32.843533
215.332031	-33.395512
226.098633	-33.617130
236.865234	-32.645821
247.631836	-32.863842
258.398438	-33.235271
269.165039	-32.662632
279.931641	-32.910049
290.698242	-33.317928
301.464844	-32.906738
312.231445	-33.141869
322.998047	-32.049320
333.764648	-32.117271
344.531250	-33.149689
355.297852	-33.695408
366.064453	-33.198364
376.831055	-33.224831
387.597656	-33.377827
398.364258	-33.195786
409.130859	-33.425732
419.897461	-33.082142
430.664062	-33.651344
441.430664	-33.918255
452.197266	-33.598995
462.963867	-32.913059
473.730469	-33.143795
484.497070	-33.273212
495.263672	-33.454662
506.030273	-33.563946
516.796875	-33.561119
527.563477	-33.139805
538.330078	-32.914215
549.096680	-32.831615
559.863281	-33.344810
570.629883	-33.276760
581.396484	-33.082329
592.163086	-33.077705
602.929688	-33.063934
613.696289	-33.463615
624.462891	-33.646564
635.229492	-32.882874
645.996094	-31.936523
656.762695	-32.705441
667.529297	-33.300285
678.295898	-33.332184
689.062500	-33.177517
699.829102	-33.455914
710.595703	-33.478191
721.362305	-32.970474
732.128906	-33.067757
742.895508	-33.371223
753.662109	-33.114086
764.428711	-33.216084
775.195312	-33.187336
785.961914	-32.607677
796.728516	-32.920071
807.495117	-33.040844
818.261719	-33.005634
829.028320	-32.963982
839.794922	-33.122963
850.561523	-33.315765
861.328125	-33.286568
872.094727	-33.217220
882.861328	-33.181778
893.627930	-33.431221
904.394531	-33.545376
915.161133	-32.774586
925.927734	-32.316799
936.694336	-32.524300
947.460938	-32.967518
958.227539	-33.672398
968.994141	-33.780910
979.760742	-33.227348
990.527344	-33.131508
1001.293945	-32.964100
1012.060547	-33.329422
1022.827148	-33.773418
1033.593750	-32.885662
1044.360352	-32.468578
1055.126953	-32.855022
1065.893555	-32.965603
1076.660156	-33.217358
1087.426758	-32.594517
1098.193359	-33.205898
1108.959961	-33.315445
1119.726562	-32.909195
1130.493164	-32.763683
1141.259766	-32.536823
1152.026367	-33.107044
1162.792969	-33.440697
1173.559570	-33.198223
1184.326172	-33.096546
1195.092773	-33.242615
1205.859375	-33.335781
1216.625977	-33.390919
1227.392578	-33.337399
1238.159180	-32.588528
1248.925781	-32.582436
1259.692383	-32.895405
1270.458984	-33.108025
1281.225586	-32.732697
1291.992188	-32.469498
1302.758789	-32.382442
1313.525391	-32.607449
1324.291992	-34.029854
1335.058594	-33.705379
1345.825195	-33.194916
1356.591797	-33.374905
1367.358398	-33.254814
1378.125000	-33.525265
1388.891602	-33.252457
1399.658203	-32.727188
1410.424805	-32.466419
1421.191406	-32.576107
1431.958008	-32.837135
1442.724609	-33.214077
1453.491211	-33.452053
1464.257812	-33.325371
1475.024414	-33.528454
1485.791016	-33.803474
1496.557617	-33.130375
1507.324219	-33.416691
1518.090820	-32.969566
1528.857422	-32.598877
1539.624023	-32.891399
1550.390625	-33.290215
1561.157227	-32.869286
1571.923828	-33.027859
1582.690430	-33.420212
1593.457031	-33.493305
1604.223633	-33.174355
1614.990234	-33.345863
1625.756836	-33.766850
1636.523438	-33.619865
1647.290039	-33.440266
1658.056641	-33.214096
1668.823242	-33.363773
1679.589844	-32.697659
1690.356445	-32.606819
1701.123047	-33.353207
1711.889648	-33.675510
1722.656250	-33.829418
1733.422852	-33.472813
1744.189453	-33.077648
1754.956055	-32.787895
1765.722656	-32.850868
1776.489258	-32.508923
1787.255859	-32.483814
1798.022461	-32.171150
1808.789062	-32.417366
1819.555664	-32.771214
1830.322266	-33.256428
1841.088867	-32.901485
1851.855469	-32.159084
1862.622070	-32.314568
1873.388672	-32.620522
1884.155273	-33.165886
1894.921875	-33.419659
1905.688477	-33.247120
1916.455078	-33.028133
1927.221680	-32.818741
1937.988281	-33.558495
1948.754883	-33.550270
1959.521484	-33.266342
1970.288086	-33.140003
1981.054688	-33.213341
1991.821289	-33.574493
2002.587891	-33.555645
2013.354492	-32.667091
2024.121094	-32.843796
2034.887695	-32.947212
2045.654297	-32.862782
2056.420898	-33.063858
2067.187500	-32.995407
2077.954102	-32.859253
2088.720703	-33.214809
2099.487305	-33.221268
2110.253906	-33.418777
2121.020508	-33.207916
2131.787109	-33.044003
2142.553711	-33.283840
2153.320312	-33.456268
2164.086914	-33.126064
2174.853516	-33.205650
2185.620117	-33.425453
2196.386719	-33.027424
2207.153320	-32.918365
2217.919922	-33.249985
2228.686523	-32.800068
2239.453125	-33.134991
2250.219727	-33.030499
2260.986328	-33.237694
2271.752930	-33.211342
2282.519531	-33.474335
2293.286133	-34.095589
2304.052734	-33.617519
2314.819336	-33.555923
2325.585938	-34.159744
2336.352539	-33.778431
2347.119141	-33.565128
2357.885742	-33.628075
2368.652344	-33.490925
2379.418945	-32.778347
2390.185547	-32.846954
2400.952148	-33.443974
2411.718750	-33.424721
2422.485352	-33.168907
2433.251953	-33.242958
2444.018555	-33.322124
2454.785156	-33.399834
2465.551758	-33.115387
2476.318359	-32.970436
2487.084961	-32.778217
2497.851562	-33.346306
2508.618164	-33.012505
2519.384766	-33.133595
2530.151367	-33.452480
2540.917969	-32.801254
2551.684570	-32.935520
2562.451172	-33.271786
2573.217773	-33.162048
2583.984375	-33.231064
2594.750977	-32.600662
2605.517578	-33.002880
2616.284180	-33.389214
2627.050781	-33.251331
2637.817383	-33.436291
2648.583984	-33.163120
2659.350586	-33.463257
2670.117188	-33.380714
2680.883789	-33.032917
2691.650391	-33.051662
2702.416992	-33.083179
2713.183594	-32.789700
2723.950195	-32.752121
2734.716797	-32.982956
2745.483398	-32.816586
2756.250000	-32.887959
2767.016602	-32.966347
2777.783203	-33.207035
2788.549805	-32.914093
2799.316406	-33.309704
2810.083008	-33.118172
2820.849609	-33.409214
2831.616211	-33.099529
2842.382812	-32.886486
2853.149414	-32.893795
2863.916016	-33.109192
2874.682617	-33.150261
2885.449219	-33.204624
2896.215820	-33.099457
2906.982422	-32.982849
2917.749023	-33.574997
2928.515625	-33.629921
2939.282227	-33.428741
2950.048828	-33.368092
2960.815430	-32.435558
2971.582031	-32.637478
2982.348633	-33.208370
2993.115234	-33.101391
3003.881836	-33.103989
3014.648438	-32.709942
3025.415039	-33.053242
3036.181641	-32.462761
3046.948242	-32.336914
3057.714844	-33.126747
3068.481445	-33.284637
3079.248047	-33.226421
3090.014648	-33.145130
3100.781250	-32.470184
3111.547852	-32.745483
3122.314453	-32.855766
3133.081055	-32.648220
3143.847656	-32.974758
3154.614258	-33.213722
3165.380859	-33.289818
3176.147461	-33.402386
3186.914062	-33.278622
3197.680664	-32.970654
3208.447266	-33.069954
3219.213867	-33.586411
3229.980469	-33.482368
3240.747070	-33.739807
3251.513672	-33.247940
3262.280273	-32.744873
3273.046875	-32.909504
3283.813477	-32.981632
3294.580078	-33.372547
3305.346680	-33.047405
3316.113281	-33.237259
3326.879883	-33.261482
3337.646484	-33.237488
3348.413086	-33.132450
3359.179688	-33.208763
3369.946289	-32.805332
3380.712891	-32.707668
3391.479492	-33.018669
3402.246094	-32.824127
3413.012695	-33.336842
3423.779297	-33.463490
3434.545898	-33.262573
3445.312500	-32.936897
3456.079102	-32.859840
3466.845703	-32.730087
3477.612305	-32.884983
3488.378906	-33.783875
3499.145508	-33.312466
3509.912109	-32.671776
3520.678711	-33.204700
3531.445312	-33.587460
3542.211914	-33.220291
3552.978516	-33.015343
3563.745117	-33.092911
3574.511719	-32.973114
3585.278320	-33.038528
3596.044922	-33.761600
3606.811523	-33.547886
3617.578125	-33.798134
3628.344727	-33.873043
3639.111328	-33.480831
3649.877930	-33.660458
3660.644531	-33.723164
3671.411133	-33.494278
3682.177734	-33.275440
3692.944336	-32.732494
3703.710938	-32.732773
3714.477539	-32.800507
3725.244141	-33.850166
3736.010742	-33.475491
3746.777344	-32.729565
3757.543945	-32.800880
3768.310547	-33.215618
3779.077148	-33.376003
3789.843750	-33.283424
3800.610352	-33.679600
3811.376953	-32.911896
3822.143555	-32.807903
3832.910156	-32.978535
3843.676758	-33.171600
3854.443359	-33.455864
3865.209961	-33.002499
3875.976562	-33.048824
3886.743164	-32.538296
3897.509766	-32.725315
3908.276367	-33.233166
3919.042969	-33.252403
3929.809570	-33.099724
3940.576172	-33.225952
3951.342773	-32.860378
3962.109375	-32.629494
3972.875977	-33.148594
3983.642578	-33.282684
3994.409180	-33.092213
4005.175781	-32.865234
4015.942383	-33.212135
4026.708984	-33.184311
4037.475586	-32.850964
4048.242188	-32.886753
4059.008789	-32.980911
4069.775391	-32.770660
4080.541992	-33.073929
4091.308594	-33.387745
4102.075195	-33.285007
4112.841797	-32.865295
4123.608398	-32.910862
4134.375000	-32.863007
4145.141602	-33.027882
4155.908203	-32.926777
4166.674805	-32.686123
4177.441406	-33.098057
4188.208008	-32.641598
4198.974609	-32.684486
4209.741211	-33.205227
4220.507812	-33.282948
4231.274414	-33.161594
4242.041016	-33.090111
4252.807617	-33.391876
4263.574219	-33.170895
4274.340820	-33.367565
4285.107422	-33.269390
4295.874023	-32.807625
4306.640625	-32.619209
4317.407227	-33.021809
4328.173828	-32.908661
4338.940430	-33.168571
4349.707031	-32.885998
4360.473633	-33.037888
4371.240234	-32.976566
4382.006836	-32.710796
4392.773438	-33.206177
4403.540039	-33.776722
4414.306641	-33.591087
4425.073242	-33.021809
4435.839844	-33.157570
4446.606445	-32.945908
4457.373047	-32.575634
4468.139648	-32.841969
4478.906250	-33.553162
4489.672852	-33.870991
4500.439453	-33.467594
4511.206055	-33.045170
4521.972656	-32.987091
4532.739258	-32.103954
4543.505859	-33.112930
4554.272461	-33.299423
4565.039062	-33.354378
4575.805664	-33.359322
4586.572266	-33.368961
4597.338867	-33.194099
4608.105469	-33.016167
4618.872070	-32.934002
4629.638672	-33.556648
4640.405273	-34.038631
4651.171875	-33.352104
4661.938477	-33.010540
4672.705078	-33.296707
4683.471680	-33.141968
4694.238281	-33.550919
4705.004883	-33.194729
4715.771484	-32.751976
4726.538086	-32.966450
4737.304688	-32.780609
4748.071289	-33.128902
4758.837891	-33.353931
4769.604492	-33.276718
4780.371094	-33.784874
4791.137695	-33.739231
4801.904297	-33.803890
4812.670898	-32.827641
4823.437500	-32.722507
4834.204102	-32.530113
4844.970703	-33.216541
4855.737305	-33.012436
4866.503906	-33.422123
4877.270508	-33.693405
4888.037109	-33.642544
4898.803711	-33.359615
4909.570312	-32.676712
4920.336914	-32.513275
4931.103516	-33.152740
4941.870117	-33.218964
4952.636719	-33.006592
4963.403320	-33.358742
4974.169922	-32.949741
4984.936523	-33.134274
4995.703125	-33.280888
5006.469727	-32.911991
5017.236328	-32.791088
5028.002930	-33.316616
5038.769531	-33.269016
5049.536133	-33.239204
5060.302734	-32.911495
5071.069336	-33.347313
5081.835938	-33.157612
5092.602539	-32.862926
5103.369141	-33.210365
5114.135742	-32.829933
5124.902344	-33.119106
5135.668945	-32.991924
5146.435547	-33.436085
5157.202148	-33.114067
5167.968750	-33.007984
5178.735352	-32.885826
5189.501953	-32.806080
5200.268555	-33.423744
5211.035156	-33.235664
5221.801758	-33.288563
5232.568359	-33.335537
5243.334961	-33.139194
5254.101562	-32.855549
5264.868164	-32.870663
5275.634766	-32.958462
5286.401367	-32.825623
5297.167969	-32.848850
5307.934570	-32.748890
5318.701172	-32.711533
5329.467773	-33.061150
5340.234375	-33.146996
5351.000977	-33.142601
5361.767578	-33.273987
5372.534180	-33.367477
5383.300781	-33.014343
5394.067383	-33.626186
5404.833984	-33.313519
5415.600586	-32.747715
5426.367188	-32.843163
5437.133789	-33.084354
5447.900391	-33.006084
5458.666992	-33.215519
5469.433594	-33.410164
5480.200195	-33.276062
5490.966797	-33.228020
5501.733398	-33.418739
5512.500000	-32.842480
5523.266602	-32.789944
5534.033203	-33.162014
5544.799805	-32.929317
5555.566406	-32.561813
5566.333008	-32.511082
5577.099609	-33.496510
5587.866211	-33.287708
5598.632812	-32.759399
5609.399414	-32.980820
5620.166016	-33.349602
5630.932617	-32.964870
5641.699219	-33.049534
5652.465820	-33.492321
5663.232422	-33.058159
5673.999023	-32.730534
5684.765625	-33.374695
5695.532227	-33.305832
5706.298828	-32.826092
5717.065430	-32.817238
5727.832031	-32.671951
5738.598633	-32.637844
5749.365234	-33.280766
5760.131836	-33.306175
5770.898438	-33.173244
5781.665039	-33.092346
5792.431641	-33.138134
5803.198242	-33.218109
5813.964844	-33.151295
5824.731445	-32.705933
5835.498047	-33.125935
5846.264648	-33.402863
5857.031250	-33.339924
5867.797852	-33.087685
5878.564453	-32.897732
5889.331055	-32.851414
5900.097656	-32.994003
5910.864258	-32.851231
5921.630859	-32.758259
5932.397461	-33.325329
5943.164062	-33.133846
5953.930664	-32.206669
5964.697266	-32.388023
5975.463867	-33.077774
5986.230469	-33.588425
5996.997070	-33.679939
6007.763672	-33.500195
6018.530273	-33.506203
6029.296875	-33.566956
6040.063477	-32.958763
6050.830078	-32.862095
6061.596680	-33.020988
6072.363281	-32.614044
6083.129883	-32.729221
6093.896484	-32.797455
6104.663086	-33.284939
6115.429688	-32.975201
6126.196289	-32.811764
6136.962891	-32.836464
6147.729492	-33.070862
6158.496094	-33.360203
6169.262695	-33.266258
6180.029297	-33.297123
6190.795898	-33.206535
6201.562500	-33.095516
6212.329102	-32.869793
6223.095703	-33.038551
6233.862305	-32.986305
6244.628906	-33.400375
6255.395508	-33.368927
6266.162109	-33.527657
6276.928711	-33.560204
6287.695312	-33.200001
6298.461914	-33.101650
6309.228516	-33.288452
6319.995117	-33.169556
6330.761719	-32.943218
6341.528320	-32.458084
6352.294922	-32.645668
6363.061523	-32.766651
6373.828125	-32.816944
6384.594727	-33.600815
6395.361328	-33.715961
6406.127930	-33.088886
6416.894531	-33.057594
6427.661133	-33.330532
6438.427734	-32.969852
6449.194336	-33.316151
6459.960938	-33.287460
6470.727539	-33.440609
6481.494141	-33.453739
6492.260742	-33.078651
6503.027344	-32.600571
6513.793945	-33.102169
6524.560547	-33.079453
6535.327148	-32.885208
6546.093750	-33.168625
6556.860352	-32.971191
6567.626953	-33.078880
6578.393555	-33.078136
6589.160156	-33.265976
6599.926758	-33.179752
6610.693359	-33.550911
6621.459961	-33.358891
6632.226562	-32.665668
6642.993164	-32.877975
6653.759766	-33.185242
6664.526367	-33.271908
6675.292969	-33.526138
6686.059570	-33.628922
6696.826172	-33.400105
6707.592773	-33.184151
6718.359375	-33.336010
6729.125977	-33.558098
6739.892578	-33.047432
6750.659180	-33.398949
6761.425781	-33.568924
6772.192383	-33.559566
6782.958984	-33.376740
6793.725586	-32.990288
6804.492188	-33.070091
6815.258789	-33.180447
6826.025391	-33.126987
6836.791992	-33.023033
6847.558594	-32.973499
6858.325195	-33.465004
6869.091797	-33.512871
6879.858398	-33.579327
6890.625000	-33.137600
6901.391602	-33.509010
6912.158203	-33.713512
6922.924805	-32.959984
6933.691406	-33.467175
6944.458008	-33.333374
6955.224609	-33.260914
6965.991211	-33.707375
6976.757812	-33.381210
6987.524414	-33.205837
6998.291016	-32.714321
7009.057617	-32.843246
7019.824219	-32.752857
7030.590820	-32.988731
7041.357422	-33.125042
7052.124023	-33.107716
7062.890625	-32.580544
7073.657227	-32.987465
7084.423828	-33.119843
7095.190430	-32.579849
7105.957031	-32.546127
7116.723633	-33.250408
7127.490234	-33.696125
7138.256836	-33.426285
7149.023438	-33.320141
7159.790039	-33.068966
7170.556641	-33.013767
7181.323242	-33.375877
7192.089844	-33.463024
7202.856445	-33.084770
7213.623047	-32.905937
7224.389648	-33.025379
7235.156250	-33.257286
7245.922852	-32.991001
7256.689453	-32.938873
7267.456055	-33.273529
7278.222656	-33.372475
7288.989258	-33.169144
7299.755859	-33.835365
7310.522461	-33.519604
7321.289062	-33.310448
7332.055664	-33.453304
7342.822266	-33.916378
7353.588867	-33.718193
7364.355469	-33.587788
7375.122070	-33.874470
7385.888672	-33.389450
7396.655273	-33.063507
7407.421875	-33.195694
7418.188477	-33.626469
7428.955078	-33.626293
7439.721680	-33.119308
7450.488281	-33.515324
7461.254883	-33.091705
7472.021484	-32.915943
7482.788086	-33.049305
7493.554688	-33.397038
7504.321289	-33.079311
7515.087891	-33.115883
7525.854492	-33.159252
7536.621094	-33.020954
7547.387695	-32.829044
7558.154297	-33.558628
7568.920898	-33.551262
7579.687500	-33.260166
7590.454102	-33.598183
7601.220703	-33.149994
7611.987305	-32.758640
7622.753906	-32.984013
7633.520508	-33.035351
7644.287109	-32.887897
7655.053711	-32.746719
7665.820312	-32.622601
7676.586914	-32.689171
7687.353516	-33.503674
7698.120117	-33.331970
7708.886719	-32.926346
7719.653320	-33.172077
7730.419922	-32.791721
7741.186523	-33.067238
7751.953125	-33.124367
7762.719727	-32.871941
7773.486328	-32.771626
7784.252930	-32.806736
7795.019531	-33.103794
7805.786133	-33.341805
7816.552734	-33.413982
7827.319336	-32.698132
7838.085938	-32.785824
7848.852539	-33.324585
7859.619141	-33.624874
7870.385742	-33.268738
7881.152344	-32.913315
7891.918945	-32.869404
7902.685547	-33.624447
7913.452148	-34.153767
7924.218750	-33.236954
7934.985352	-32.526108
7945.751953	-32.877907
7956.518555	-33.251858
7967.285156	-32.855011
7978.051758	-33.279446
7988.818359	-33.225189
7999.584961	-33.122307
8010.351562	-32.682507
8021.118164	-32.579018
8031.884766	-33.363728
8042.651367	-33.269558
8053.417969	-32.735672
8064.184570	-32.442394
8074.951172	-32.856457
8085.717773	-33.140053
8096.484375	-32.768932
8107.250977	-32.783962
8118.017578	-33.390965
8128.784180	-33.143147
8139.550781	-33.402039
8150.317383	-33.243103
8161.083984	-33.100204
8171.850586	-32.921398
8182.617188	-33.562828
8193.383789	-33.307690
8204.150391	-32.542530
8214.916992	-32.767864
8225.683594	-32.915058
8236.450195	-32.797756
8247.216797	-33.767670
8257.983398	-33.714493
8268.750000	-33.855850
8279.516602	-33.380615
8290.283203	-32.839188
8301.049805	-33.430573
8311.816406	-33.481319
8322.583008	-32.831387
8333.349609	-33.127914
8344.116211	-33.256588
8354.882812	-33.138599
8365.649414	-32.761745
8376.416016	-32.825848
8387.182617	-32.825760
8397.949219	-32.952087
8408.715820	-32.567917
8419.482422	-32.650745
8430.249023	-32.997501
8441.015625	-33.102715
8451.782227	-33.207169
8462.548828	-32.957424
8473.315430	-32.960087
8484.082031	-33.031124
8494.848633	-32.892666
8505.615234	-32.832470
8516.381836	-33.137505
8527.148438	-33.725403
8537.915039	-33.423996
8548.681641	-33.074467
8559.448242	-32.830250
8570.214844	-33.086010
8580.981445	-32.573009
8591.748047	-32.767361
8602.514648	-33.034290
8613.281250	-33.138866
8624.047852	-33.411255
8634.814453	-34.058903
8645.581055	-33.893211
8656.347656	-33.367046
8667.114258	-33.306141
8677.880859	-33.748837
8688.647461	-33.741680
8699.414062	-32.982407
8710.180664	-33.214687
8720.947266	-33.163811
8731.713867	-33.038944
8742.480469	-33.138401
8753.247070	-33.260437
8764.013672	-33.321941
8774.780273	-33.289543
8785.546875	-32.902576
8796.313477	-32.864132
8807.080078	-32.924477
8817.846680	-32.832756
8828.613281	-33.038189
8839.379883	-33.367218
8850.146484	-33.386402
8860.913086	-32.840412
8871.679688	-32.650139
8882.446289	-33.041351
8893.212891	-32.671944
8903.979492	-32.767586
8914.746094	-33.293938
8925.512695	-32.689621
8936.279297	-33.085682
8947.045898	-33.491310
8957.812500	-33.462139
8968.579102	-33.304810
8979.345703	-33.504662
8990.112305	-33.486256
9000.878906	-33.602867
9011.645508	-33.985935
9022.412109	-33.541622
9033.178711	-32.920010
9043.945312	-33.102203
9054.711914	-33.374142
9065.478516	-33.181667
9076.245117	-33.013809
9087.011719	-32.958004
9097.778320	-32.760597
9108.544922	-33.036278
9119.311523	-33.259144
9130.078125	-32.848392
9140.844727	-32.857895
9151.611328	-32.951370
9162.377930	-33.510880
9173.144531	-33.584583
9183.911133	-33.090195
9194.677734	-32.900658
9205.444336	-32.987030
9216.210938	-33.522652
9226.977539	-32.920746
9237.744141	-33.094543
9248.510742	-33.396454
9259.277344	-33.236271
9270.043945	-32.946323
9280.810547	-32.766766
9291.577148	-33.245102
9302.343750	-32.773800
9313.110352	-32.648132
9323.876953	-33.003807
9334.643555	-33.027107
9345.410156	-32.909706
9356.176758	-32.541210
9366.943359	-32.834152
9377.709961	-33.092220
9388.476562	-33.183441
9399.243164	-32.664169
9410.009766	-32.753857
9420.776367	-33.319382
9431.542969	-32.562908
9442.309570	-32.320286
9453.076172	-32.975002
9463.842773	-33.477566
9474.609375	-33.421169
9485.375977	-33.415333
9496.142578	-33.414333
9506.909180	-33.269207
9517.675781	-33.187183
9528.442383	-33.114021
9539.208984	-33.094013
9549.975586	-33.294041
9560.742188	-33.500801
9571.508789	-32.850613
9582.275391	-32.947277
9593.041992	-33.326839
9603.808594	-33.613544
9614.575195	-34.225021
9625.341797	-33.989346
9636.108398	-33.068497
9646.875000	-32.426182
9657.641602	-32.577209
9668.408203	-32.981617
9679.174805	-32.844936
9689.941406	-33.220875
9700.708008	-33.401913
9711.474609	-33.211678
9722.241211	-33.335014
9733.007812	-33.471947
9743.774414	-33.174538
9754.541016	-32.944302
9765.307617	-32.583828
9776.074219	-32.873741
9786.840820	-33.179150
9797.607422	-32.982803
9808.374023	-33.000057
9819.140625	-33.143887
9829.907227	-32.938725
9840.673828	-33.308208
9851.440430	-33.553009
9862.207031	-33.489426
9872.973633	-32.676422
9883.740234	-32.687977
9894.506836	-33.251003
9905.273438	-33.073780
9916.040039	-32.897526
9926.806641	-32.978382
9937.573242	-32.795479
9948.339844	-32.863216
9959.106445	-33.240562
9969.873047	-32.889553
9980.639648	-33.327290
9991.406250	-33.269501
10002.172852	-33.221581
10012.939453	-33.137157
10023.706055	-33.421188
10034.472656	-33.895195
10045.239258	-33.135830
10056.005859	-33.202087
10066.772461	-33.335567
10077.539062	-33.105480
10088.305664	-33.043598
10099.072266	-32.671780
10109.838867	-32.942158
10120.605469	-33.561165
10131.372070	-33.707840
10142.138672	-33.286694
10152.905273	-33.165051
10163.671875	-33.056313
10174.438477	-33.113113
10185.205078	-33.027771
10195.971680	-33.023312
10206.738281	-32.877117
10217.504883	-32.990669
10228.271484	-32.962105
10239.038086	-33.177979
10249.804688	-33.045589
10260.571289	-33.366230
10271.337891	-33.653690
10282.104492	-33.381470
10292.871094	-33.235817
10303.637695	-33.114368
10314.404297	-33.525730
10325.170898	-33.788883
10335.937500	-33.825447
10346.704102	-33.044491
10357.470703	-32.725174
10368.237305	-32.630737
10379.003906	-32.693531
10389.770508	-32.915134
10400.537109	-33.158230
10411.303711	-33.543251
10422.070312	-33.727432
10432.836914	-33.550072
10443.603516	-33.460503
10454.370117	-33.612892
10465.136719	-33.638691
10475.903320	-33.763882
10486.669922	-33.336926
10497.436523	-33.130184
10508.203125	-33.880707
10518.969727	-33.791832
10529.736328	-33.772114
10540.502930	-33.684185
10551.269531	-33.868744
10562.036133	-33.927116
10572.802734	-34.310925
10583.569336	-33.636181
10594.335938	-33.611488
10605.102539	-33.676022
10615.869141	-33.809155
10626.635742	-33.776356
10637.402344	-34.623684
10648.168945	-35.049461
10658.935547	-34.629532
10669.702148	-34.303631
10680.468750	-34.641590
10691.235352	-34.594036
10702.001953	-34.266087
10712.768555	-33.949875
10723.535156	-34.766003
10734.301758	-35.044388
10745.068359	-34.468132
10755.834961	-34.662178
10766.601562	-34.653641
10777.368164	-34.781296
10788.134766	-35.242245
10798.901367	-35.081516
10809.667969	-35.595169
10820.434570	-35.941494
10831.201172	-36.303730
10841.967773	-36.363426
10852.734375	-35.926556
10863.500977	-37.007126
10874.267578	-37.131794
10885.034180	-36.878410
10895.800781	-36.497562
10906.567383	-36.471306
10917.333984	-37.219193
10928.100586	-37.974129
10938.867188	-37.460529
10949.633789	-37.384953
10960.400391	-37.668217
10971.166992	-37.998619
10981.933594	-38.050663
10992.700195	-38.797783
11003.466797	-38.579647
11014.233398	-38.918526
11025.000000	-39.327057
11035.766602	-39.733734
11046.533203	-40.080173
11057.299805	-39.842670
11068.066406	-40.232479
11078.833008	-40.904392
11089.599609	-40.906433
11100.366211	-41.291435
11111.132812	-41.357159
11121.899414	-40.947941
11132.666016	-41.184559
11143.432617	-41.885616
11154.199219	-42.002125
11164.965820	-42.763161
11175.732422	-43.197155
11186.499023	-42.963543
11197.265625	-43.261307
11208.032227	-43.561047
11218.798828	-43.850746
11229.565430	-44.177425
11240.332031	-44.698738
11251.098633	-45.595016
11261.865234	-45.744251
11272.631836	-46.215240
11283.398438	-46.801739
11294.165039	-47.091084
11304.931641	-47.974495
11315.698242	-47.859386
11326.464844	-48.159206
11337.231445	-48.859909
11347.998047	-48.751030
11358.764648	-49.043171
11369.531250	-49.452026
11380.297852	-50.417130
11391.064453	-50.732094
11401.831055	-51.758476
11412.597656	-52.076626
11423.364258	-52.580200
11434.130859	-53.540398
11444.897461	-53.902100
11455.664062	-54.566483
11466.430664	-54.398235
11477.197266	-54.868237
11487.963867	-56.266651
11498.730469	-56.686527
11509.497070	-57.133179
11520.263672	-58.036804
11531.030273	-58.200432
11541.796875	-58.832352
11552.563477	-60.127293
11563.330078	-60.912178
11574.096680	-61.668201
11584.863281	-61.919445
11595.629883	-62.608265
11606.396484	-63.893932
11617.163086	-64.503258
11627.929688	-64.445320
11638.696289	-64.988808
11649.462891	-66.445580
11660.229492	-67.593445
11670.996094	-68.339874
11681.762695	-69.865372
11692.529297	-70.797356
11703.295898	-71.764458
11714.062500	-72.552200
11724.829102	-73.314857
11735.595703	-74.409775
11746.362305	-75.075592
11757.128906	-76.407631
11767.895508	-77.600113
11778.662109	-79.058617
11789.428711	-80.380486
11800.195312	-81.392982
11810.961914	-82.703453
11821.728516	-84.311157
11832.495117	-85.813782
11843.261719	-87.011482
11854.028320	-88.628838
11864.794922	-89.937935
11875.561523	-91.039734
11886.328125	-93.239227
11897.094727	-94.543648
11907.861328	-96.132462
11918.627930	-97.896957
11929.394531	-99.757027
11940.161133	-101.666397
11950.927734	-103.635941
11961.694336	-105.681343
11972.460938	-106.715927
11983.227539	-107.749359
11993.994141	-109.089989
12004.760742	-110.006241
12015.527344	-110.871025
12026.293945	-110.927544
12037.060547	-110.898720
12047.827148	-111.072411
12058.593750	-111.390350
12069.360352	-111.217903
12080.126953	-110.751167
12090.893555	-111.126335
12101.660156	-111.066895
12112.426758	-111.411873
12123.193359	-112.271446
12133.959961	-112.466515
12144.726562	-113.048508
12155.493164	-113.946968
12166.259766	-114.808952
12177.026367	-115.746880
12187.792969	-117.325638
12198.559570	-120.078186
12209.326172	-123.105003
12220.092773	-127.342575
12230.859375	-133.387512
12241.625977	-128.066025
12252.392578	-123.060692
12263.159180	-119.751656
12273.925781	-116.728882
12284.692383	-115.438194
12295.458984	-113.825516
12306.225586	-112.552109
12316.992188	-111.675774
12327.758789	-111.169434
12338.525391	-110.501427
12349.291992	-109.341347
12360.058594	-109.253502
12370.825195	-109.066071
12381.591797	-108.688316
12392.358398	-108.555962
12403.125000	-108.274956
12413.891602	-108.036591
12424.658203	-108.371819
12435.424805	-109.221901
12446.191406	-109.340569
12456.958008	-109.219673
12467.724609	-109.545639
12478.491211	-110.399460
12489.257812	-111.269936
12500.024414	-111.951653
12510.791016	-112.559372
12521.557617	-114.030411
12532.324219	-115.721497
12543.090820	-117.068130
12553.857422	-119.389450
12564.624023	-122.037666
12575.390625	-125.730949
12586.157227	-132.884552
12596.923828	-132.640778
12607.690430	-126.479675
12618.457031	-122.755692
12629.223633	-119.933441
12639.990234	-118.202782
12650.756836	-116.613632
12661.523438	-114.983246
12672.290039	-114.126373
12683.056641	-114.168648
12693.823242	-113.381477
12704.589844	-112.503204
12715.356445	-112.009331
12726.123047	-112.135063
12736.889648	-111.609520
12747.656250	-111.453590
12758.422852	-112.121758
12769.189453	-112.346786
12779.956055	-112.260979
12790.722656	-112.822464
12801.489258	-113.378471
12812.255859	-113.891823
12823.022461	-114.935669
12833.789062	-115.241707
12844.555664	-115.976189
12855.322266	-116.624123
12866.088867	-117.647148
12876.855469	-118.934227
12887.622070	-120.668785
12898.388672	-123.406792
12909.155273	-125.886383
12919.921875	-130.105255
12930.688477	-136.947464
12941.455078	-136.990128
12952.221680	-130.745407
12962.988281	-127.155624
12973.754883	-123.889206
12984.521484	-122.202339
12995.288086	-120.759621
13006.054688	-119.449059
13016.821289	-118.250809
13027.587891	-117.470558
13038.354492	-117.850677
13049.121094	-117.428757
13059.887695	-116.842888
13070.654297	-116.610474
13081.420898	-116.701347
13092.187500	-115.672775
13102.954102	-115.603966
13113.720703	-116.008614
13124.487305	-116.065346
13135.253906	-116.128311
13146.020508	-117.076935
13156.787109	-118.542816
13167.553711	-119.186790
13178.320312	-119.625687
13189.086914	-120.451103
13199.853516	-120.858879
13210.620117	-121.750000
13221.386719	-123.539452
13232.153320	-125.171860
13242.919922	-127.381363
13253.686523	-130.340134
13264.453125	-134.710098
13275.219727	-141.584000
13285.986328	-139.584442
13296.752930	-133.481598
13307.519531	-129.638626
13318.286133	-126.619347
13329.052734	-124.753723
13339.819336	-123.996552
13350.585938	-122.814941
13361.352539	-122.207779
13372.119141	-121.207588
13382.885742	-120.352226
13393.652344	-120.333626
13404.418945	-120.138336
13415.185547	-119.904305
13425.952148	-119.480637
13436.718750	-119.396233
13447.485352	-119.792686
13458.251953	-120.045769
13469.018555	-120.044174
13479.785156	-120.054718
13490.551758	-120.395714
13501.318359	-121.157555
13512.084961	-122.281097
13522.851562	-122.983063
13533.618164	-123.341904
13544.384766	-123.840164
13555.151367	-125.344414
13565.917969	-127.077667
13576.684570	-128.362259
13587.451172	-130.668045
13598.217773	-134.657074
13608.984375	-139.169861
13619.750977	-145.571701
13630.517578	-142.191620
13641.284180	-136.445694
13652.050781	-132.172211
13662.817383	-129.588211
13673.583984	-128.743576
13684.350586	-127.814537
13695.117188	-126.140518
13705.883789	-124.955322
13716.650391	-123.906799
13727.416992	-123.269066
13738.183594	-123.191429
13748.950195	-123.268173
13759.716797	-123.245323
13770.483398	-122.653839
13781.250000	-122.480942
13792.016602	-122.590912
13802.783203	-123.165138
13813.549805	-123.301170
13824.316406	-123.192825
13835.083008	-123.753021
13845.849609	-124.265236
13856.616211	-124.493408
13867.382812	-125.356865
13878.149414	-126.585892
13888.916016	-128.030975
13899.682617	-128.902435
13910.449219	-129.936386
13921.215820	-132.083755
13931.982422	-134.286545
13942.749023	-137.495834
13953.515625	-142.248734
13964.282227	-148.806488
13975.048828	-143.936340
13985.815430	-138.555145
13996.582031	-135.284744
14007.348633	-132.759140
14018.115234	-130.750626
14028.881836	-129.804718
14039.648438	-129.423218
14050.415039	-128.398209
14061.181641	-127.513977
14071.948242	-127.102020
14082.714844	-126.410156
14093.481445	-126.025795
14104.248047	-126.170952
14115.014648	-125.701805
14125.781250	-125.755714
14136.547852	-126.158607
14147.314453	-125.824043
14158.081055	-125.827728
14168.847656	-126.534233
14179.614258	-126.500259
14190.380859	-127.163147
14201.147461	-127.972771
14211.914062	-128.127182
14222.680664	-128.945908
14233.447266	-130.451981
14244.213867	-132.098175
14254.980469	-133.115707
14265.747070	-135.161148
14276.513672	-138.308655
14287.280273	-141.550156
14298.046875	-146.119476
14308.813477	-151.588516
14319.580078	-145.938553
14330.346680	-141.155624
14341.113281	-137.504028
14351.879883	-135.428986
14362.646484	-134.123367
14373.413086	-132.875458
14384.179688	-131.368408
14394.946289	-130.573227
14405.712891	-130.244980
14416.479492	-129.497482
14427.246094	-129.300491
14438.012695	-129.570938
14448.779297	-128.895584
14459.545898	-128.548920
14470.312500	-128.421768
14481.079102	-127.966354
14491.845703	-128.710068
14502.612305	-128.962677
14513.378906	-128.918594
14524.145508	-129.439056
14534.912109	-129.625076
14545.678711	-129.966522
14556.445312	-131.267639
14567.211914	-132.584946
14577.978516	-133.239944
14588.745117	-134.024628
14599.511719	-135.935287
14610.278320	-137.787903
14621.044922	-140.000275
14631.811523	-143.332428
14642.578125	-148.864441
14653.344727	-154.389252
14664.111328	-148.081223
14674.877930	-143.293442
14685.644531	-140.537933
14696.411133	-137.843842
14707.177734	-135.573990
14717.944336	-134.815155
14728.710938	-133.838867
14739.477539	-132.600372
14750.244141	-131.604095
14761.010742	-131.134506
14771.777344	-130.896545
14782.543945	-131.066269
14793.310547	-130.907608
14804.077148	-130.819946
14814.843750	-131.083145
14825.610352	-130.810196
14836.376953	-130.591919
14847.143555	-130.983978
14857.910156	-131.526321
14868.676758	-131.569260
14879.443359	-131.946976
14890.209961	-132.372314
14900.976562	-133.603149
14911.743164	-134.214508
14922.509766	-135.500092
14933.276367	-136.638596
14944.042969	-137.979492
14954.809570	-140.417892
14965.576172	-142.933594
14976.342773	-146.331924
14987.109375	-152.279938
14997.875977	-156.515747
15008.642578	-149.540085
15019.409180	-144.864777
15030.175781	-142.103348
15040.942383	-140.137924
15051.708984	-138.511002
15062.475586	-137.299652
15073.242188	-136.435394
15084.008789	-135.840546
15094.775391	-135.179337
15105.541992	-133.810959
15116.308594	-133.172211
15127.075195	-133.230942
15137.841797	-133.307144
15148.608398	-133.222153
15159.375000	-132.778717
15170.141602	-133.230988
15180.908203	-132.973434
15191.674805	-133.363281
15202.441406	-133.388931
15213.208008	-133.769455
15223.974609	-135.099060
15234.741211	-135.375259
15245.507812	-135.493225
15256.274414	-136.463272
15267.041016	-138.447815
15277.807617	-139.230957
15288.574219	-140.834259
15299.340820	-143.032043
15310.107422	-144.988831
15320.874023	-148.759521
15331.640625	-154.731171
15342.407227	-158.048767
15353.173828	-151.587662
15363.940430	-147.066330
15374.707031	-144.315613
15385.473633	-141.784805
15396.240234	-140.074570
15407.006836	-139.112930
15417.773438	-138.308578
15428.540039	-137.427795
15439.306641	-136.952789
15450.073242	-136.138672
15460.839844	-135.076767
15471.606445	-135.334900
15482.373047	-135.279694
15493.139648	-135.114136
15503.906250	-134.725967
15514.672852	-134.488586
15525.439453	-134.602661
15536.206055	-135.180542
15546.972656	-135.441757
15557.739258	-135.760010
15568.505859	-136.436020
15579.272461	-136.921585
15590.039062	-137.723450
15600.805664	-138.752625
15611.572266	-139.464523
15622.338867	-141.019958
15633.105469	-142.515656
15643.872070	-144.221985
15654.638672	-147.369720
15665.405273	-151.185410
15676.171875	-157.034515
15686.938477	-159.346283
15697.705078	-152.484711
15708.471680	-148.832962
15719.238281	-146.294052
15730.004883	-143.874268
15740.771484	-142.549850
15751.538086	-141.441605
15762.304688	-140.686111
15773.071289	-139.695663
15783.837891	-137.844223
15794.604492	-137.240128
15805.371094	-136.932617
15816.137695	-136.754181
15826.904297	-136.831024
15837.670898	-137.370209
15848.437500	-136.557373
15859.204102	-136.734756
15869.970703	-137.682755
15880.737305	-137.501877
15891.503906	-137.549759
15902.270508	-137.567551
15913.037109	-138.142212
15923.803711	-138.752380
15934.570312	-140.156326
15945.336914	-140.990570
15956.103516	-141.832428
15966.870117	-143.209686
15977.636719	-144.696594
15988.403320	-146.698532
15999.169922	-149.291718
16009.936523	-152.789352
16020.703125	-158.910492
16031.469727	-160.609726
16042.236328	-154.355499
16053.002930	-150.229050
16063.769531	-147.666977
16074.536133	-145.736877
16085.302734	-144.590958
16096.069336	-142.643234
16106.835938	-141.353104
16117.602539	-141.007111
16128.369141	-140.613342
16139.135742	-139.377258
16149.902344	-138.933090
16160.668945	-138.873901
16171.435547	-138.861084
16182.202148	-138.887451
16192.968750	-139.347153
16203.735352	-138.580215
16214.501953	-139.176605
16225.268555	-139.343079
16236.035156	-139.293442
16246.801758	-139.415054
16257.568359	-140.005905
16268.334961	-140.633575
16279.101562	-141.175430
16289.868164	-142.273148
16300.634766	-143.007797
16311.401367	-144.639191
16322.167969	-146.638855
16332.934570	-148.098297
16343.701172	-150.059723
16354.467773	-154.109940
16365.234375	-160.532486
16376.000977	-161.218369
16386.767578	-155.220062
16397.534180	-151.351578
16408.300781	-148.713715
16419.067383	-146.741638
16429.833984	-145.120392
16440.600586	-144.185455
16451.367188	-142.836609
16462.133789	-142.060257
16472.900391	-141.886215
16483.666992	-141.565063
16494.433594	-140.558716
16505.200195	-140.402786
16515.966797	-140.549576
16526.733398	-140.051376
16537.500000	-140.015930
16548.266602	-140.592682
16559.033203	-140.379562
16569.799805	-140.255447
16580.566406	-140.283981
16591.333008	-140.491150
16602.099609	-141.101974
16612.866211	-141.820938
16623.632812	-142.505936
16634.399414	-143.407013
16645.166016	-144.767548
16655.932617	-146.578049
16666.699219	-147.445236
16677.465820	-149.576920
16688.232422	-152.735229
16698.999023	-156.125961
16709.765625	-162.539383
16720.532227	-163.351410
16731.298828	-157.265778
16742.065430	-153.347015
16752.832031	-150.860855
16763.598633	-149.042160
16774.365234	-146.857117
16785.131836	-145.639053
16795.898438	-144.467545
16806.665039	-143.778259
16817.431641	-143.751358
16828.198242	-143.067459
16838.964844	-142.230270
16849.731445	-142.005280
16860.498047	-141.930176
16871.264648	-142.362732
16882.031250	-141.868454
16892.797852	-141.446976
16903.564453	-141.563217
16914.331055	-141.181946
16925.097656	-141.817795
16935.864258	-142.295761
16946.630859	-142.652649
16957.397461	-143.349747
16968.164062	-144.657700
16978.930664	-145.783401
16989.697266	-146.444748
17000.463867	-147.715988
17011.230469	-149.327560
17021.997070	-151.397308
17032.763672	-154.265793
17043.530273	-157.809982
17054.296875	-163.367096
17065.063477	-163.169434
17075.830078	-158.178757
17086.596680	-155.073044
17097.363281	-151.902374
17108.129883	-149.583160
17118.896484	-148.102661
17129.663086	-147.156570
17140.429688	-145.997147
17151.196289	-145.000351
17161.962891	-144.694443
17172.729492	-143.609024
17183.496094	-143.621338
17194.262695	-143.801254
17205.029297	-143.269287
17215.795898	-142.821182
17226.562500	-142.779526
17237.329102	-142.824860
17248.095703	-142.833405
17258.862305	-143.460953
17269.628906	-143.841980
17280.395508	-144.125076
17291.162109	-144.966660
17301.928711	-145.368286
17312.695312	-145.647491
17323.461914	-146.345398
17334.228516	-147.859787
17344.995117	-149.081879
17355.761719	-150.525101
17366.528320	-152.446274
17377.294922	-155.285599
17388.061523	-159.212387
17398.828125	-164.086975
17409.594727	-165.057388
17420.361328	-159.708786
17431.127930	-155.845108
17441.894531	-152.722809
17452.661133	-151.220001
17463.427734	-150.066956
17474.194336	-148.222488
17484.960938	-147.194641
17495.727539	-146.864090
17506.494141	-146.109512
17517.260742	-145.197586
17528.027344	-144.612076
17538.793945	-144.496384
17549.560547	-143.937790
17560.327148	-143.848251
17571.093750	-144.128510
17581.860352	-144.189133
17592.626953	-144.236771
17603.393555	-143.974792
17614.160156	-144.577652
17624.926758	-145.568802
17635.693359	-146.308990
17646.459961	-146.453903
17657.226562	-147.129959
17667.993164	-147.864914
17678.759766	-149.176254
17689.526367	-150.612885
17700.292969	-151.876877
17711.059570	-154.171661
17721.826172	-157.053085
17732.592773	-160.819656
17743.359375	-165.618347
17754.125977	-164.848724
17764.892578	-160.022354
17775.659180	-156.413223
17786.425781	-153.913208
17797.192383	-151.949219
17807.958984	-150.373520
17818.725586	-149.327820
17829.492188	-148.271790
17840.258789	-147.405853
17851.025391	-146.386063
17861.791992	-146.624115
17872.558594	-146.253311
17883.325195	-145.646378
17894.091797	-144.942902
17904.858398	-145.233063
17915.625000	-145.030502
17926.391602	-145.506454
17937.158203	-145.946320
17947.924805	-145.681290
17958.691406	-145.876648
17969.458008	-146.268738
17980.224609	-147.231430
17990.991211	-148.155457
18001.757812	-148.543167
18012.524414	-149.434418
18023.291016	-150.555649
18034.057617	-151.988922
18044.824219	-152.999603
18055.590820	-154.996216
18066.357422	-157.831406
18077.124023	-161.782501
18087.890625	-167.084976
18098.657227	-165.813354
18109.423828	-161.241287
18120.190430	-157.548264
18130.957031	-155.160385
18141.723633	-153.380920
18152.490234	-151.574554
18163.256836	-150.346451
18174.023438	-149.187241
18184.790039	-148.632721
18195.556641	-148.406128
18206.323242	-147.762436
18217.089844	-147.230057
18227.856445	-147.340866
18238.623047	-146.331070
18249.389648	-146.136703
18260.156250	-145.901779
18270.922852	-145.885284
18281.689453	-146.469467
18292.456055	-146.528961
18303.222656	-146.573914
18313.989258	-147.138748
18324.755859	-148.130524
18335.522461	-149.200607
18346.289062	-149.487717
18357.055664	-150.428314
18367.822266	-151.579086
18378.588867	-153.033875
18389.355469	-154.118607
18400.122070	-156.318878
18410.888672	-159.231033
18421.655273	-162.882584
18432.421875	-167.442657
18443.188477	-166.808899
18453.955078	-161.364746
18464.721680	-158.376328
18475.488281	-155.987091
18486.254883	-154.110657
18497.021484	-152.807449
18507.788086	-151.542053
18518.554688	-150.518280
18529.321289	-149.566284
18540.087891	-149.209946
18550.854492	-148.811356
18561.621094	-148.107330
18572.387695	-147.914474
18583.154297	-147.814041
18593.920898	-147.042053
18604.687500	-147.424728
18615.454102	-147.887665
18626.220703	-148.260315
18636.987305	-148.787033
18647.753906	-149.023468
18658.520508	-149.127289
18669.287109	-149.700348
18680.053711	-150.033295
18690.820312	-150.287323
18701.586914	-150.994888
18712.353516	-152.717316
18723.120117	-154.050308
18733.886719	-155.475754
18744.653320	-157.412064
18755.419922	-159.662018
18766.186523	-163.247864
18776.953125	-167.317627
18787.719727	-167.121552
18798.486328	-163.391373
18809.252930	-159.308746
18820.019531	-156.808228
18830.786133	-155.057739
18841.552734	-153.774750
18852.319336	-152.631989
18863.085938	-151.365936
18873.852539	-150.815475
18884.619141	-150.306015
18895.385742	-149.422302
18906.152344	-148.682480
18916.918945	-148.255402
18927.685547	-148.613815
18938.452148	-148.607193
18949.218750	-148.540405
18959.985352	-148.224686
18970.751953	-148.388046
18981.518555	-148.942764
18992.285156	-150.111954
19003.051758	-150.131317
19013.818359	-150.429764
19024.584961	-150.786102
19035.351562	-150.781250
19046.118164	-152.140579
19056.884766	-153.107712
19067.651367	-154.247971
19078.417969	-156.145447
19089.184570	-158.343292
19099.951172	-161.054947
19110.717773	-164.593918
19121.484375	-167.596970
19132.250977	-166.361374
19143.017578	-162.725647
19153.784180	-159.057678
19164.550781	-157.076477
19175.317383	-155.516647
19186.083984	-154.153229
19196.850586	-152.953003
19207.617188	-151.859741
19218.383789	-150.947891
19229.150391	-150.397766
19239.916992	-150.099243
19250.683594	-149.612991
19261.450195	-149.575592
19272.216797	-149.923569
19282.983398	-149.402466
19293.750000	-148.675400
19304.516602	-148.585754
19315.283203	-149.214767
19326.049805	-149.869415
19336.816406	-149.807312
19347.583008	-150.150986
19358.349609	-150.764847
19369.116211	-151.327133
19379.882812	-151.925171
19390.649414	-152.492203
19401.416016	-154.026703
19412.182617	-155.196365
19422.949219	-156.403290
19433.715820	-158.700348
19444.482422	-161.482315
19455.249023	-165.248444
19466.015625	-167.971741
19476.782227	-167.771973
19487.548828	-164.314743
19498.315430	-161.417786
19509.082031	-158.767319
19519.848633	-156.517395
19530.615234	-154.754501
19541.381836	-153.810028
19552.148438	-153.159500
19562.915039	-152.269623
19573.681641	-151.967911
19584.448242	-151.829559
19595.214844	-150.536041
19605.981445	-150.000229
19616.748047	-150.308060
19627.514648	-150.127029
19638.281250	-150.188965
19649.047852	-150.637482
19659.814453	-149.922760
19670.581055	-149.831161
19681.347656	-150.880142
19692.114258	-151.699524
19702.880859	-151.938065
19713.647461	-152.524460
19724.414062	-153.226776
19735.180664	-153.997864
19745.947266	-154.806946
19756.713867	-156.390823
19767.480469	-158.286087
19778.247070	-160.094711
19789.013672	-162.535278
19799.780273	-165.632202
19810.546875	-168.678497
19821.313477	-166.879486
19832.080078	-164.160828
19842.846680	-161.373901
19853.613281	-158.329193
19864.379883	-156.526108
19875.146484	-155.424820
19885.913086	-154.723419
19896.679688	-153.947571
19907.446289	-152.395584
19918.212891	-152.017136
19928.979492	-151.826538
19939.746094	-151.443680
19950.512695	-151.115692
19961.279297	-151.201752
19972.045898	-151.146164
19982.812500	-151.245422
19993.579102	-151.053391
20004.345703	-150.948151
20015.112305	-151.328552
20025.878906	-151.627960
20036.645508	-151.811142
20047.412109	-151.405426
20058.178711	-152.228317
20068.945312	-153.220032
20079.711914	-154.191833
20090.478516	-154.960892
20101.245117	-156.361221
20112.011719	-158.405060
20122.778320	-160.483124
20133.544922	-162.594376
20144.311523	-165.904251
20155.078125	-168.969421
20165.844727	-166.962936
20176.611328	-164.629517
20187.377930	-161.495697
20198.144531	-159.226654
20208.911133	-157.739517
20219.677734	-156.139847
20230.444336	-155.018173
20241.210938	-154.108521
20251.977539	-153.596909
20262.744141	-152.587967
20273.510742	-152.259277
20284.277344	-152.242325
20295.043945	-151.858093
20305.810547	-151.454559
20316.577148	-151.369415
20327.343750	-151.575104
20338.110352	-151.609131
20348.876953	-151.558746
20359.643555	-151.668823
20370.410156	-151.926270
20381.176758	-151.965454
20391.943359	-152.664078
20402.709961	-153.548538
20413.476562	-153.894028
20424.243164	-155.213013
20435.009766	-156.409470
20445.776367	-157.869720
20456.542969	-159.576523
20467.309570	-161.686890
20478.076172	-163.601379
20488.842773	-166.437988
20499.609375	-169.000854
20510.375977	-167.061981
20521.142578	-164.106262
20531.909180	-162.345932
20542.675781	-160.029633
20553.442383	-157.680817
20564.208984	-156.824692
20574.975586	-155.803299
20585.742188	-154.548355
20596.508789	-153.584778
20607.275391	-153.125427
20618.041992	-153.079025
20628.808594	-152.469345
20639.575195	-152.396652
20650.341797	-152.191849
20661.108398	-151.784988
20671.875000	-152.961823
20682.641602	-151.995285
20693.408203	-151.809219
20704.174805	-151.821655
20714.941406	-151.784302
20725.708008	-153.008789
20736.474609	-153.420074
20747.241211	-154.336090
20758.007812	-154.564575
20768.774414	-154.949081
20779.541016	-156.197281
20790.307617	-158.005768
20801.074219	-160.007889
20811.840820	-161.344315
20822.607422	-163.488739
20833.374023	-166.190216
20844.140625	-168.859085
20854.907227	-167.969757
20865.673828	-164.731506
20876.440430	-162.066727
20887.207031	-160.083221
20897.973633	-158.752533
20908.740234	-157.185776
20919.506836	-156.112183
20930.273438	-155.485352
20941.040039	-154.628586
20951.806641	-154.295105
20962.573242	-153.478989
20973.339844	-153.162140
20984.106445	-153.135544
20994.873047	-153.139954
21005.639648	-152.654984
21016.406250	-152.179337
21027.172852	-151.934937
21037.939453	-152.373108
21048.706055	-152.495514
21059.472656	-152.510269
21070.239258	-153.257782
21081.005859	-153.273056
21091.772461	-153.771240
21102.539062	-154.672195
21113.305664	-155.787170
21124.072266	-157.225418
21134.838867	-158.702408
21145.605469	-160.345261
21156.372070	-161.757095
21167.138672	-164.634201
21177.905273	-166.598892
21188.671875	-169.225891
21199.438477	-167.713272
21210.205078	-164.834717
21220.971680	-162.070618
21231.738281	-160.148758
21242.504883	-158.911163
21253.271484	-157.335678
21264.038086	-155.939926
21274.804688	-154.541016
21285.571289	-153.710907
21296.337891	-152.790665
21307.104492	-152.983963
21317.871094	-152.851334
21328.637695	-152.883682
21339.404297	-152.537003
21350.170898	-152.126190
21360.937500	-152.426651
21371.704102	-152.528809
21382.470703	-152.267410
21393.237305	-152.736145
21404.003906	-153.198471
21414.770508	-153.797348
21425.537109	-154.085419
21436.303711	-154.603607
21447.070312	-154.924057
21457.836914	-155.765274
21468.603516	-156.723846
21479.370117	-158.084290
21490.136719	-160.040436
21500.903320	-161.907562
21511.669922	-164.305908
21522.436523	-167.124161
21533.203125	-169.446487
21543.969727	-167.962753
21554.736328	-165.158386
21565.502930	-162.997711
21576.269531	-160.890640
21587.036133	-158.881790
21597.802734	-158.268433
21608.569336	-156.773804
21619.335938	-155.309479
21630.102539	-154.578842
21640.869141	-154.042557
21651.635742	-153.670181
21662.402344	-152.768661
21673.168945	-152.723145
21683.935547	-152.952560
21694.702148	-152.750687
21705.468750	-153.192978
21716.235352	-152.735260
21727.001953	-152.639114
21737.768555	-152.702774
21748.535156	-152.956024
21759.301758	-153.361511
21770.068359	-154.756546
21780.834961	-154.650620
21791.601562	-155.530243
21802.368164	-156.055527
21813.134766	-157.277054
21823.901367	-158.744965
21834.667969	-160.260605
21845.434570	-162.000351
21856.201172	-165.130493
21866.967773	-167.562042
21877.734375	-169.092392
21888.500977	-167.709259
21899.267578	-164.753311
21910.034180	-162.343948
21920.800781	-160.391266
21931.567383	-158.900986
21942.333984	-157.610138
21953.100586	-156.496506
21963.867188	-155.254181
21974.633789	-154.655762
21985.400391	-154.029724
21996.166992	-153.754440
22006.933594	-153.044586
22017.700195	-153.160767
22028.466797	-152.675247
22039.233398	-151.784653
