Frequency (Hz)	Level (dB)
21.533203	-32.797821
43.066406	-32.866753
64.599609	-32.867107
86.132812	-32.997494
107.666016	-33.028324
129.199219	-32.888538
150.732422	-33.094395
172.265625	-33.005882
193.798828	-32.938381
215.332031	-33.148277
236.865234	-33.147720
258.398438	-33.077141
279.931641	-33.115036
301.464844	-33.321678
322.998047	-33.231190
344.531250	-33.063519
366.064453	-33.064739
387.597656	-33.366650
409.130859	-33.133484
430.664062	-33.095051
452.197266	-33.353748
473.730469	-32.972450
495.263672	-32.862778
516.796875	-33.310329
538.330078	-33.380177
559.863281	-33.178104
581.396484	-33.078072
602.929688	-32.872841
624.462891	-33.147102
645.996094	-33.133106
667.529297	-33.175240
689.062500	-33.251202
710.595703	-33.080757
732.128906	-33.149765
753.662109	-33.230556
775.195312	-33.132942
796.728516	-33.118988
818.261719	-33.208687
839.794922	-33.056019
861.328125	-33.273651
882.861328	-33.016731
904.394531	-33.207153
925.927734	-33.234142
947.460938	-32.917828
968.994141	-33.179665
990.527344	-33.004745
1012.060547	-32.659573
1033.593750	-32.946781
1055.126953	-33.078037
1076.660156	-33.187294
1098.193359	-33.195049
1119.726562	-32.989120
1141.259766	-32.880527
1162.792969	-32.812962
1184.326172	-32.889252
1205.859375	-32.757111
1227.392578	-32.980034
1248.925781	-32.734833
1270.458984	-32.910965
1291.992188	-33.231602
1313.525391	-33.086712
1335.058594	-33.264015
1356.591797	-33.215431
1378.125000	-33.394669
1399.658203	-33.287121
1421.191406	-33.175270
1442.724609	-33.117905
1464.257812	-32.948620
1485.791016	-33.022358
1507.324219	-32.970501
1528.857422	-33.091461
1550.390625	-33.211170
1571.923828	-33.071220
1593.457031	-33.194164
1614.990234	-33.022732
1636.523438	-33.072933
1658.056641	-33.286190
1679.589844	-33.174297
1701.123047	-33.296841
1722.656250	-33.220242
1744.189453	-32.944935
1765.722656	-32.985733
1787.255859	-33.178493
1808.789062	-33.456867
1830.322266	-33.239418
1851.855469	-33.354424
1873.388672	-33.321629
1894.921875	-32.908901
1916.455078	-32.861900
1937.988281	-32.913429
1959.521484	-33.018284
1981.054688	-32.784637
2002.587891	-32.839470
2024.121094	-33.277534
2045.654297	-33.225090
2067.187500	-32.958233
2088.720703	-33.051788
2110.253906	-33.279690
2131.787109	-33.455597
2153.320312	-33.388096
2174.853516	-33.146961
2196.386719	-32.871429
2217.919922	-32.876118
2239.453125	-33.050400
2260.986328	-33.154026
2282.519531	-33.329639
2304.052734	-33.218277
2325.585938	-32.692467
2347.119141	-32.790855
2368.652344	-33.255306
2390.185547	-33.305111
2411.718750	-33.412468
2433.251953	-33.207024
2454.785156	-33.257191
2476.318359	-33.253525
2497.851562	-33.315117
2519.384766	-32.963505
2540.917969	-33.155956
2562.451172	-33.071209
2583.984375	-32.908291
2605.517578	-33.143738
2627.050781	-33.049297
2648.583984	-33.162052
2670.117188	-32.973557
2691.650391	-33.094540
2713.183594	-33.028229
2734.716797	-32.937927
2756.250000	-32.992741
2777.783203	-32.983932
2799.316406	-33.209595
2820.849609	-32.811481
2842.382812	-32.912605
2863.916016	-32.977459
2885.449219	-33.029072
2906.982422	-33.205608
2928.515625	-33.207336
2950.048828	-33.175480
2971.582031	-33.183113
2993.115234	-33.372673
3014.648438	-32.956638
3036.181641	-32.716816
3057.714844	-32.992611
3079.248047	-32.969582
3100.781250	-33.039192
3122.314453	-33.185493
3143.847656	-33.202274
3165.380859	-32.686134
3186.914062	-32.940598
3208.447266	-32.877659
3229.980469	-33.097309
3251.513672	-32.950390
3273.046875	-33.113571
3294.580078	-33.148293
3316.113281	-33.140087
3337.646484	-33.068645
3359.179688	-33.101036
3380.712891	-33.206745
3402.246094	-33.193695
3423.779297	-33.145729
3445.312500	-33.050117
3466.845703	-33.223843
3488.378906	-33.264057
3509.912109	-33.115929
3531.445312	-32.853386
3552.978516	-32.739838
3574.511719	-32.742268
3596.044922	-32.842510
3617.578125	-33.104263
3639.111328	-33.298767
3660.644531	-33.225357
3682.177734	-33.059551
3703.710938	-33.223488
3725.244141	-32.788830
3746.777344	-33.086128
3768.310547	-33.200764
3789.843750	-33.213753
3811.376953	-33.168629
3832.910156	-33.520374
3854.443359	-33.371014
3875.976562	-33.299141
3897.509766	-33.148651
3919.042969	-33.320168
3940.576172	-33.344635
3962.109375	-33.242489
3983.642578	-33.131203
4005.175781	-33.120209
4026.708984	-33.092167
4048.242188	-33.092579
4069.775391	-33.097115
4091.308594	-33.123188
4112.841797	-33.056316
4134.375000	-33.014172
4155.908203	-32.866913
4177.441406	-32.969154
4198.974609	-33.025528
4220.507812	-32.998306
4242.041016	-32.773464
4263.574219	-33.090691
4285.107422	-33.477287
4306.640625	-33.263428
4328.173828	-33.207283
4349.707031	-32.943470
4371.240234	-32.999367
4392.773438	-33.059086
4414.306641	-33.382061
4435.839844	-33.160770
4457.373047	-33.217548
4478.906250	-33.107533
4500.439453	-32.778400
4521.972656	-32.934574
4543.505859	-32.937222
4565.039062	-32.790943
4586.572266	-33.193871
4608.105469	-33.276649
4629.638672	-32.989834
4651.171875	-33.043186
4672.705078	-32.990070
4694.238281	-32.819500
4715.771484	-33.110012
4737.304688	-33.139687
4758.837891	-33.207314
4780.371094	-33.245518
4801.904297	-33.180004
4823.437500	-33.094425
4844.970703	-33.077263
4866.503906	-33.121517
4888.037109	-33.078606
4909.570312	-33.234489
4931.103516	-33.002689
4952.636719	-33.087696
4974.169922	-33.032330
4995.703125	-32.964020
5017.236328	-32.993217
5038.769531	-33.141697
5060.302734	-33.143639
5081.835938	-33.319851
5103.369141	-33.286667
5124.902344	-33.121620
5146.435547	-33.157978
5167.968750	-33.392635
5189.501953	-33.377701
5211.035156	-33.113041
5232.568359	-32.856232
5254.101562	-33.353790
5275.634766	-33.193539
5297.167969	-33.366184
5318.701172	-33.179821
5340.234375	-32.800785
5361.767578	-32.935097
5383.300781	-33.282654
5404.833984	-33.110550
5426.367188	-33.475796
5447.900391	-33.029560
5469.433594	-32.913315
5490.966797	-33.010521
5512.500000	-33.190540
5534.033203	-33.388496
5555.566406	-33.040577
5577.099609	-32.786068
5598.632812	-33.034870
5620.166016	-33.240616
5641.699219	-32.954563
5663.232422	-32.792496
5684.765625	-32.975555
5706.298828	-33.306320
5727.832031	-33.501842
5749.365234	-33.369453
5770.898438	-33.234150
5792.431641	-33.145863
5813.964844	-33.129635
5835.498047	-33.031570
5857.031250	-33.019447
5878.564453	-32.983154
5900.097656	-33.130642
5921.630859	-33.081619
5943.164062	-33.064247
5964.697266	-33.003426
5986.230469	-33.105381
6007.763672	-32.977009
6029.296875	-32.988884
6050.830078	-33.094238
6072.363281	-32.996716
6093.896484	-33.125530
6115.429688	-32.840214
6136.962891	-32.973408
6158.496094	-32.992519
6180.029297	-33.181606
6201.562500	-32.905453
6223.095703	-32.609440
6244.628906	-32.977840
6266.162109	-33.333935
6287.695312	-33.506069
6309.228516	-33.240074
6330.761719	-33.077339
6352.294922	-33.093845
6373.828125	-33.252838
6395.361328	-33.218868
6416.894531	-32.949074
6438.427734	-33.011494
6459.960938	-32.919010
6481.494141	-32.907955
6503.027344	-32.928978
6524.560547	-33.107388
6546.093750	-33.090302
6567.626953	-33.015385
6589.160156	-32.837170
6610.693359	-32.938919
6632.226562	-33.001904
6653.759766	-32.862171
6675.292969	-33.088585
6696.826172	-33.284988
6718.359375	-33.117428
6739.892578	-32.990055
6761.425781	-33.180450
6782.958984	-33.197765
6804.492188	-33.134235
6826.025391	-33.582699
6847.558594	-33.683212
6869.091797	-33.410736
6890.625000	-33.106983
6912.158203	-33.140503
6933.691406	-33.038818
6955.224609	-33.137520
6976.757812	-33.092628
6998.291016	-33.114666
7019.824219	-33.239346
7041.357422	-33.231407
7062.890625	-33.185764
7084.423828	-33.369015
7105.957031	-33.282543
7127.490234	-33.009426
7149.023438	-32.888119
7170.556641	-33.072021
7192.089844	-33.533752
7213.623047	-33.384727
7235.156250	-32.979557
7256.689453	-33.298683
7278.222656	-32.935959
7299.755859	-33.012165
7321.289062	-33.227425
7342.822266	-33.111824
7364.355469	-32.990829
7385.888672	-33.022518
7407.421875	-33.095940
7428.955078	-33.105709
7450.488281	-33.135632
7472.021484	-33.255585
7493.554688	-33.444012
7515.087891	-33.204109
7536.621094	-33.328884
7558.154297	-33.151287
7579.687500	-33.247215
7601.220703	-33.108204
7622.753906	-33.328522
7644.287109	-33.502693
7665.820312	-33.400826
7687.353516	-33.350430
7708.886719	-33.330357
7730.419922	-33.333057
7751.953125	-33.258095
7773.486328	-33.297192
7795.019531	-33.498775
7816.552734	-33.234581
7838.085938	-32.683346
7859.619141	-32.955719
7881.152344	-32.946571
7902.685547	-32.940727
7924.218750	-33.307285
7945.751953	-32.982510
7967.285156	-33.018532
7988.818359	-33.249466
8010.351562	-33.318222
8031.884766	-33.263401
8053.417969	-32.835331
8074.951172	-32.894051
8096.484375	-32.881329
8118.017578	-32.855656
8139.550781	-33.032700
8161.083984	-33.217186
8182.617188	-33.238293
8204.150391	-32.953793
8225.683594	-32.804852
8247.216797	-33.192101
8268.750000	-33.522911
8290.283203	-33.371822
8311.816406	-32.979507
8333.349609	-33.063805
8354.882812	-33.416279
8376.416016	-33.244076
8397.949219	-33.079262
8419.482422	-33.096230
8441.015625	-33.390007
8462.548828	-33.344570
8484.082031	-33.284103
8505.615234	-32.882065
8527.148438	-33.197708
8548.681641	-33.038216
8570.214844	-32.912144
8591.748047	-32.857159
8613.281250	-33.030403
8634.814453	-33.168446
8656.347656	-33.331833
8677.880859	-33.474869
8699.414062	-33.301559
8720.947266	-32.973732
8742.480469	-33.262161
8764.013672	-33.328552
8785.546875	-33.344398
8807.080078	-33.191128
8828.613281	-33.188347
8850.146484	-33.066990
8871.679688	-33.221649
8893.212891	-33.397430
8914.746094	-33.368736
8936.279297	-33.121056
8957.812500	-32.989582
8979.345703	-33.069019
9000.878906	-32.967472
9022.412109	-33.064266
9043.945312	-33.147766
9065.478516	-33.209614
9087.011719	-33.258698
9108.544922	-33.218674
9130.078125	-32.876163
9151.611328	-33.179276
9173.144531	-33.415676
9194.677734	-33.134907
9216.210938	-33.134418
9237.744141	-33.330288
9259.277344	-33.135250
9280.810547	-33.151436
9302.343750	-33.125607
9323.876953	-33.123047
9345.410156	-33.040894
9366.943359	-33.115799
9388.476562	-32.938644
9410.009766	-33.102509
9431.542969	-33.687912
9453.076172	-33.494411
9474.609375	-33.484379
9496.142578	-33.641556
9517.675781	-33.825329
9539.208984	-33.742649
9560.742188	-33.765263
9582.275391	-33.555168
9603.808594	-33.648914
9625.341797	-33.877628
9646.875000	-33.801346
9668.408203	-33.618111
9689.941406	-33.671093
9711.474609	-33.903824
9733.007812	-33.784069
9754.541016	-33.760746
9776.074219	-34.152855
9797.607422	-34.153126
9819.140625	-34.137794
9840.673828	-34.402748
9862.207031	-34.307514
9883.740234	-34.607765
9905.273438	-34.722759
9926.806641	-34.453156
9948.339844	-34.530663
9969.873047	-35.062447
9991.406250	-35.053192
10012.939453	-34.944653
10034.472656	-34.864433
10056.005859	-34.866680
10077.539062	-35.286728
10099.072266	-35.670143
10120.605469	-35.630100
10142.138672	-35.677052
10163.671875	-35.767643
10185.205078	-35.563923
10206.738281	-35.746216
10228.271484	-36.121944
10249.804688	-36.147587
10271.337891	-36.356258
10292.871094	-36.452942
10314.404297	-37.015095
10335.937500	-36.934898
10357.470703	-37.152000
10379.003906	-37.483238
10400.537109	-37.575058
10422.070312	-37.473454
10443.603516	-37.722221
10465.136719	-38.105900
10486.669922	-38.213486
10508.203125	-38.399048
10529.736328	-38.460663
10551.269531	-38.586212
10572.802734	-38.885368
10594.335938	-39.260181
10615.869141	-39.433372
10637.402344	-39.607048
10658.935547	-40.051601
10680.468750	-40.192020
10702.001953	-40.076481
10723.535156	-40.327057
10745.068359	-41.108315
10766.601562	-41.075317
10788.134766	-41.734715
10809.667969	-42.060730
10831.201172	-42.232841
10852.734375	-42.416489
10874.267578	-42.946140
10895.800781	-43.237423
10917.333984	-43.602787
10938.867188	-43.869873
10960.400391	-43.945709
10981.933594	-44.293175
11003.466797	-44.838158
11025.000000	-45.104282
11046.533203	-45.554951
11068.066406	-45.960350
11089.599609	-46.264530
11111.132812	-46.961384
11132.666016	-47.385109
11154.199219	-47.984188
11175.732422	-48.104374
11197.265625	-48.657604
11218.798828	-48.759560
11240.332031	-49.718769
11261.865234	-50.155045
11283.398438	-50.145531
11304.931641	-50.294872
11326.464844	-51.056778
11347.998047	-51.701107
11369.531250	-52.366726
11391.064453	-52.790504
11412.597656	-53.401707
11434.130859	-53.929752
11455.664062	-54.387905
11477.197266	-54.909874
11498.730469	-55.610718
11520.263672	-56.253223
11541.796875	-56.615807
11563.330078	-57.642036
11584.863281	-58.260036
11606.396484	-59.095322
11627.929688	-59.737690
11649.462891	-60.292496
11670.996094	-61.040306
11692.529297	-61.580990
11714.062500	-62.163139
11735.595703	-62.963982
11757.128906	-64.004494
11778.662109	-65.206909
11800.195312	-65.872284
11821.728516	-66.686592
11843.261719	-67.597633
11864.794922	-68.205582
11886.328125	-69.016541
11907.861328	-69.980499
11929.394531	-70.940819
11950.927734	-72.190331
11972.460938	-73.052811
11993.994141	-74.123512
12015.527344	-75.280060
12037.060547	-76.550812
12058.593750	-77.214706
12080.126953	-78.268906
12101.660156	-79.772568
12123.193359	-80.942490
12144.726562	-82.141594
12166.259766	-83.273132
12187.792969	-84.668434
12209.326172	-86.376953
12230.859375	-87.527847
12252.392578	-88.718468
12273.925781	-90.519379
12295.458984	-92.157616
12316.992188	-93.871864
12338.525391	-95.630478
12360.058594	-97.217087
12381.591797	-98.738251
12403.125000	-100.704117
12424.658203	-102.687508
12446.191406	-104.160736
12467.724609	-105.722420
12489.257812	-107.521675
12510.791016	-108.363708
12532.324219	-109.187820
12553.857422	-110.061172
12575.390625	-110.743469
12596.923828	-111.420250
12618.457031	-111.526390
12639.990234	-111.213417
12661.523438	-111.231544
12683.056641	-111.309555
12704.589844	-111.284462
12726.123047	-111.581535
12747.656250	-111.620834
12769.189453	-111.595024
12790.722656	-112.094559
12812.255859	-112.901794
12833.789062	-113.525299
12855.322266	-114.144089
12876.855469	-115.240852
12898.388672	-116.419739
12919.921875	-118.123352
12941.455078	-121.032150
12962.988281	-124.812454
12984.521484	-130.980331
13006.054688	-131.360382
13027.587891	-125.001984
13049.121094	-121.141579
13070.654297	-118.225723
13092.187500	-116.148849
13113.720703	-114.493065
13135.253906	-113.008919
13156.787109	-112.157700
13178.320312	-111.218330
13199.853516	-110.342949
13221.386719	-109.538460
13242.919922	-108.967964
13264.453125	-108.788551
13285.986328	-108.887291
13307.519531	-108.785423
13329.052734	-108.645599
13350.585938	-108.144165
13372.119141	-108.373650
13393.652344	-108.816833
13415.185547	-108.948524
13436.718750	-109.201714
13458.251953	-109.443367
13479.785156	-110.067238
13501.318359	-111.075409
13522.851562	-111.838036
13544.384766	-112.686089
13565.917969	-113.517799
13587.451172	-114.865196
13608.984375	-116.190414
13630.517578	-118.137550
13652.050781	-120.763016
13673.583984	-124.047035
13695.117188	-129.052322
13716.650391	-135.571121
13738.183594	-129.859344
13759.716797	-124.604706
13781.250000	-121.173256
13802.783203	-118.973770
13824.316406	-117.591988
13845.849609	-116.529213
13867.382812	-115.312164
13888.916016	-114.173653
13910.449219	-113.483170
13931.982422	-113.040321
13953.515625	-112.788918
13975.048828	-112.809982
13996.582031	-112.419334
14018.115234	-112.341591
14039.648438	-112.049004
14061.181641	-112.585197
14082.714844	-112.838547
14104.248047	-112.947800
14125.781250	-112.899437
14147.314453	-113.364334
14168.847656	-113.576248
14190.380859	-114.498985
14211.914062	-115.172577
14233.447266	-116.231880
14254.980469	-117.540619
14276.513672	-118.564270
14298.046875	-120.093147
14319.580078	-121.948433
14341.113281	-124.449173
14362.646484	-127.970848
14384.179688	-132.854202
14405.712891	-138.742325
14427.246094	-133.313049
14448.779297	-128.281677
14470.312500	-124.976189
14491.845703	-122.974655
14513.378906	-121.494095
14534.912109	-119.890083
14556.445312	-118.993820
14577.978516	-118.594620
14599.511719	-117.940453
14621.044922	-117.177513
14642.578125	-116.473190
14664.111328	-116.282707
14685.644531	-116.249931
14707.177734	-116.071854
14728.710938	-115.997932
14750.244141	-116.051025
14771.777344	-116.268066
14793.310547	-116.605850
14814.843750	-116.921867
14836.376953	-117.196327
14857.910156	-117.987343
14879.443359	-118.592262
14900.976562	-119.243935
14922.509766	-119.886650
14944.042969	-120.936005
14965.576172	-122.479347
14987.109375	-123.937393
15008.642578	-126.022346
15030.175781	-128.488480
15051.708984	-131.985916
15073.242188	-137.407913
15094.775391	-142.569855
15116.308594	-136.436783
15137.841797	-131.776657
15159.375000	-128.613998
15180.908203	-126.737602
15202.441406	-125.145729
15223.974609	-123.545738
15245.507812	-122.557701
15267.041016	-122.036263
15288.574219	-121.227966
15310.107422	-120.594795
15331.640625	-120.243690
15353.173828	-120.034096
15374.707031	-120.063919
15396.240234	-119.914230
15417.773438	-119.378174
15439.306641	-119.549232
15460.839844	-119.921837
15482.373047	-120.233612
15503.906250	-120.535233
15525.439453	-120.875496
15546.972656	-121.332115
15568.505859	-122.168365
15590.039062	-123.000877
15611.572266	-123.622391
15633.105469	-124.666611
15654.638672	-126.236565
15676.171875	-127.524368
15697.705078	-129.528793
15719.238281	-132.374313
15740.771484	-136.050888
15762.304688	-141.641953
15783.837891	-145.636826
15805.371094	-138.947357
15826.904297	-134.395752
15848.437500	-131.631485
15869.970703	-129.423370
15891.503906	-128.000748
15913.037109	-126.777077
15934.570312	-125.981400
15956.103516	-125.149811
15977.636719	-124.471191
15999.169922	-123.796532
16020.703125	-123.669319
16042.236328	-123.325768
16063.769531	-123.182869
16085.302734	-122.982780
16106.835938	-122.671448
16128.369141	-122.934822
16149.902344	-122.930893
16171.435547	-123.057129
16192.968750	-123.401657
16214.501953	-124.271355
16236.035156	-124.544075
16257.568359	-125.168686
16279.101562	-126.147980
16300.634766	-127.141006
16322.167969	-128.107254
16343.701172	-129.299606
16365.234375	-130.876801
16386.767578	-133.180145
16408.300781	-135.963531
16429.833984	-139.478256
16451.367188	-145.382004
16472.900391	-148.507782
16494.433594	-141.672272
16515.966797	-137.090271
16537.500000	-134.258987
16559.033203	-132.460114
16580.566406	-131.045227
16602.099609	-129.777069
16623.632812	-128.717316
16645.166016	-127.614876
16666.699219	-127.099983
16688.232422	-126.880142
16709.765625	-126.329597
16731.298828	-125.848396
16752.832031	-125.532448
16774.365234	-125.349953
16795.898438	-125.420692
16817.431641	-125.571083
16838.964844	-125.304344
16860.498047	-125.713791
16882.031250	-126.711914
16903.564453	-127.287178
16925.097656	-127.433403
16946.630859	-128.314133
16968.164062	-129.095612
16989.697266	-129.875458
17011.230469	-130.913773
17032.763672	-132.458328
17054.296875	-134.239456
17075.830078	-136.106033
17097.363281	-138.708084
17118.896484	-142.573746
17140.429688	-148.976746
17161.962891	-150.852036
17183.496094	-143.881439
17205.029297	-139.484497
17226.562500	-136.938507
17248.095703	-134.895844
17269.628906	-133.154251
17291.162109	-132.071228
17312.695312	-131.161072
17334.228516	-130.537384
17355.761719	-129.923721
17377.294922	-129.512253
17398.828125	-128.694046
17420.361328	-128.035263
17441.894531	-128.435974
17463.427734	-128.749222
17484.960938	-128.559555
17506.494141	-128.632248
17528.027344	-128.442581
17549.560547	-128.664169
17571.093750	-128.845718
17592.626953	-129.353745
17614.160156	-130.258530
17635.693359	-131.204315
17657.226562	-131.689362
17678.759766	-132.616379
17700.292969	-133.911346
17721.826172	-135.179581
17743.359375	-136.718750
17764.892578	-138.614609
17786.425781	-141.221069
17807.958984	-145.101166
17829.492188	-151.653290
17851.025391	-152.349518
17872.558594	-145.970398
17894.091797	-141.795670
17915.625000	-139.109940
17937.158203	-137.426682
17958.691406	-135.995697
17980.224609	-134.561203
18001.757812	-133.364944
18023.291016	-132.747223
18044.824219	-132.105148
18066.357422	-131.568451
18087.890625	-131.166245
18109.423828	-130.992798
18130.957031	-130.842987
18152.490234	-130.545120
18174.023438	-130.471405
18195.556641	-130.770782
18217.089844	-131.122574
18238.623047	-131.110703
18260.156250	-131.352036
18281.689453	-131.823410
18303.222656	-132.607635
18324.755859	-133.177734
18346.289062	-133.908279
18367.822266	-134.860214
18389.355469	-136.152771
18410.888672	-137.421616
18432.421875	-138.867615
18453.955078	-140.845184
18475.488281	-143.961761
18497.021484	-147.861496
18518.554688	-154.353287
18540.087891	-153.938690
18561.621094	-147.689972
18583.154297	-143.915039
18604.687500	-141.611298
18626.220703	-139.473923
18647.753906	-138.135498
18669.287109	-136.772751
18690.820312	-135.868698
18712.353516	-135.165924
18733.886719	-134.552780
18755.419922	-134.006592
18776.953125	-133.754944
18798.486328	-133.283569
18820.019531	-132.933655
18841.552734	-133.024124
18863.085938	-132.842636
18884.619141	-133.082916
18906.152344	-133.124969
18927.685547	-133.362808
18949.218750	-133.524643
18970.751953	-134.042908
18992.285156	-134.977951
19013.818359	-135.340820
19035.351562	-136.018921
19056.884766	-137.072388
19078.417969	-138.033295
19099.951172	-139.288834
19121.484375	-141.120560
19143.017578	-143.675201
19164.550781	-146.218750
19186.083984	-150.463959
19207.617188	-157.049240
19229.150391	-155.981567
19250.683594	-150.068954
19272.216797	-146.201920
19293.750000	-143.486572
19315.283203	-141.256165
19336.816406	-139.892838
19358.349609	-138.819977
19379.882812	-137.818588
19401.416016	-136.795471
19422.949219	-136.121155
19444.482422	-135.954147
19466.015625	-135.232025
19487.548828	-134.650879
19509.082031	-135.061798
19530.615234	-134.994873
19552.148438	-134.819733
19573.681641	-134.861450
19595.214844	-135.120682
19616.748047	-135.400101
19638.281250	-135.669830
19659.814453	-136.065292
19681.347656	-136.732437
19702.880859	-137.296188
19724.414062	-137.888382
19745.947266	-138.694885
19767.480469	-140.194427
19789.013672	-141.599014
19810.546875	-143.221069
19832.080078	-145.134888
19853.613281	-147.962585
19875.146484	-152.109421
19896.679688	-158.631668
19918.212891	-157.657806
19939.746094	-151.819809
19961.279297	-148.033234
19982.812500	-144.955017
20004.345703	-143.159546
20025.878906	-142.055862
20047.412109	-140.817719
20068.945312	-139.840027
20090.478516	-139.000778
20112.011719	-138.497757
20133.544922	-138.132797
20155.078125	-137.551727
20176.611328	-136.895401
20198.144531	-136.970673
20219.677734	-136.623459
20241.210938	-136.614197
20262.744141	-136.666061
20284.277344	-137.181656
20305.810547	-137.309341
20327.343750	-137.301331
20348.876953	-138.011414
20370.410156	-138.621765
20391.943359	-139.190170
20413.476562	-140.151917
20435.009766	-140.923889
20456.542969	-142.083176
20478.076172	-143.147049
20499.609375	-144.784271
20521.142578	-147.298233
20542.675781	-150.245712
20564.208984	-154.118881
20585.742188	-160.997131
20607.275391	-159.295425
20628.808594	-153.399780
20650.341797	-149.577911
20671.875000	-147.148895
20693.408203	-145.447388
20714.941406	-143.627075
20736.474609	-142.267639
20758.007812	-141.504257
20779.541016	-140.521072
20801.074219	-140.399841
20822.607422	-139.842590
20844.140625	-139.219193
20865.673828	-138.818359
20887.207031	-138.523819
20908.740234	-138.572845
20930.273438	-138.742432
20951.806641	-138.679688
20973.339844	-138.715103
20994.873047	-138.954437
21016.406250	-139.316422
21037.939453	-139.636368
21059.472656	-140.051682
21081.005859	-140.948822
21102.539062	-141.591965
21124.072266	-142.607071
21145.605469	-143.833389
21167.138672	-144.959839
21188.671875	-146.485947
21210.205078	-148.496582
21231.738281	-151.272354
21253.271484	-155.682571
21274.804688	-162.067230
21296.337891	-160.752930
21317.871094	-154.989136
21339.404297	-151.519974
21360.937500	-148.783829
21382.470703	-146.845200
21404.003906	-145.400314
21425.537109	-144.061111
21447.070312	-142.934570
21468.603516	-142.552444
21490.136719	-142.169724
21511.669922	-141.575943
21533.203125	-140.686417
21554.736328	-140.109772
21576.269531	-140.097153
21597.802734	-140.088745
21619.335938	-140.429291
21640.869141	-140.251968
21662.402344	-140.437027
21683.935547	-140.576309
21705.468750	-140.848679
21727.001953	-141.463684
21748.535156	-142.099075
21770.068359	-142.937836
21791.601562	-143.452148
21813.134766	-144.315750
21834.667969	-145.331848
21856.201172	-146.412537
21877.734375	-148.086227
21899.267578	-150.443039
21920.800781	-153.266068
21942.333984	-157.471771
21963.867188	-163.693069
21985.400391	-161.988708
22006.933594	-156.381927
22028.466797	-152.842041
22050.000000	-150.250946
22071.533203	-148.283890
22093.066406	-146.952789
22114.599609	-145.447006
22136.132812	-144.466980
22157.666016	-143.883514
22179.199219	-143.261963
22200.732422	-142.753189
22222.265625	-142.252991
22243.798828	-141.968323
22265.332031	-142.211014
22286.865234	-142.179901
22308.398438	-142.017181
22329.931641	-141.858246
22351.464844	-141.670166
22372.998047	-142.061432
22394.531250	-142.388885
22416.064453	-143.039749
22437.597656	-143.476105
22459.130859	-143.978622
22480.664062	-144.741516
22502.197266	-145.454971
22523.730469	-146.726181
22545.263672	-148.110733
22566.796875	-149.739288
22588.330078	-151.713989
22609.863281	-154.678101
22631.396484	-159.142700
22652.929688	-164.735046
22674.462891	-163.714966
22695.996094	-157.885971
22717.529297	-154.128723
22739.062500	-151.539078
22760.595703	-149.321121
22782.128906	-148.090042
22803.662109	-147.177017
22825.195312	-146.061096
22846.728516	-145.161087
22868.261719	-144.767105
22889.794922	-144.169617
22911.328125	-143.874573
22932.861328	-143.792709
22954.394531	-143.435593
22975.927734	-143.375748
22997.460938	-143.306549
23018.994141	-143.202164
23040.527344	-143.253464
23062.060547	-143.666992
23083.593750	-143.764267
23105.126953	-144.557632
23126.660156	-145.064621
23148.193359	-145.613632
23169.726562	-145.994888
23191.259766	-146.767761
23212.792969	-148.158844
23234.326172	-149.785034
23255.859375	-151.393661
23277.392578	-153.439636
23298.925781	-156.414047
23320.458984	-160.366714
23341.992188	-166.013016
23363.525391	-164.125793
23385.058594	-159.129013
23406.591797	-155.329437
23428.125000	-152.887177
23449.658203	-151.283981
23471.191406	-149.430038
23492.724609	-148.193161
23514.257812	-147.398544
23535.791016	-146.831299
23557.324219	-146.124313
23578.857422	-145.522919
23600.390625	-145.124344
23621.923828	-145.123535
23643.457031	-145.259735
23664.990234	-144.765747
23686.523438	-144.724777
23708.056641	-144.568893
23729.589844	-144.576859
23751.123047	-144.734039
23772.656250	-145.239105
23794.189453	-145.988831
23815.722656	-146.405640
23837.255859	-147.021011
23858.789062	-147.711319
23880.322266	-148.154510
23901.855469	-149.257431
23923.388672	-150.678543
23944.921875	-152.650772
23966.455078	-154.585693
23987.988281	-157.349030
24009.521484	-161.077774
24031.054688	-166.527359
24052.587891	-165.349411
24074.121094	-160.395462
24095.654297	-157.063736
24117.187500	-154.315292
24138.720703	-152.340866
24160.253906	-150.709778
24181.787109	-149.427322
24203.320312	-148.618210
24224.853516	-148.010208
24246.386719	-147.337311
24267.919922	-146.431274
24289.453125	-146.213120
24310.986328	-146.169373
24332.519531	-146.117218
24354.052734	-146.374329
24375.585938	-145.810410
24397.119141	-145.947037
24418.652344	-146.247009
24440.185547	-146.139877
24461.718750	-146.646469
24483.251953	-147.365982
24504.785156	-147.367783
24526.318359	-148.006577
24547.851562	-148.906189
24569.384766	-149.909653
24590.917969	-150.745834
24612.451172	-151.923004
24633.984375	-153.806152
24655.517578	-155.938858
24677.050781	-158.706009
24698.583984	-162.823608
24720.117188	-167.999313
24741.650391	-165.861542
24763.183594	-161.449738
24784.716797	-157.943130
24806.250000	-155.308594
24827.783203	-153.669067
24849.316406	-152.214630
24870.849609	-150.973923
24892.382812	-150.161728
24913.916016	-149.073502
24935.449219	-148.366898
24956.982422	-147.932449
24978.515625	-147.733124
25000.048828	-147.323914
25021.582031	-147.267715
25043.115234	-147.137436
25064.648438	-147.527420
25086.181641	-147.121414
25107.714844	-147.104355
25129.248047	-147.551422
25150.781250	-147.806763
25172.314453	-148.336136
25193.847656	-148.848846
25215.380859	-149.584564
25236.914062	-150.385086
25258.447266	-150.975540
25279.980469	-151.965927
25301.513672	-153.556168
25323.046875	-155.055984
25344.580078	-157.475433
25366.113281	-160.185852
25387.646484	-163.449402
25409.179688	-168.102982
25430.712891	-167.426895
25452.246094	-162.810013
25473.779297	-159.634171
25495.312500	-156.750809
25516.845703	-154.930435
25538.378906	-153.495300
25559.912109	-151.993073
25581.445312	-151.327499
25602.978516	-150.191025
25624.511719	-149.614517
25646.044922	-149.372742
25667.578125	-148.661118
25689.111328	-148.411560
25710.644531	-148.402115
25732.177734	-148.124283
25753.710938	-148.164719
25775.244141	-147.986679
25796.777344	-147.991394
25818.310547	-148.476349
25839.843750	-148.937286
25861.376953	-149.395767
25882.910156	-150.183472
25904.443359	-150.661148
25925.976562	-151.263138
25947.509766	-152.101334
25969.042969	-153.059174
25990.576172	-154.548141
26012.109375	-156.368225
26033.642578	-158.408936
26055.175781	-161.231094
26076.708984	-164.614944
26098.242188	-169.182083
26119.775391	-167.739868
26141.308594	-163.578568
26162.841797	-160.174057
26184.375000	-157.747482
26205.908203	-156.115463
26227.441406	-154.972092
26248.974609	-153.741196
26270.507812	-152.733871
26292.041016	-151.744171
26313.574219	-151.004150
26335.107422	-150.502396
26356.640625	-150.034470
26378.173828	-149.700958
26399.707031	-149.678680
26421.240234	-149.460556
26442.773438	-149.636810
26464.306641	-149.857056
26485.839844	-149.775452
26507.373047	-149.711136
26528.906250	-150.152313
26550.439453	-150.609695
26571.972656	-151.280777
26593.505859	-151.929825
26615.039062	-152.641464
26636.572266	-153.309464
26658.105469	-154.213531
26679.638672	-155.375977
26701.171875	-156.990311
26722.705078	-159.024185
26744.238281	-161.864944
26765.771484	-165.998718
26787.304688	-169.613678
26808.837891	-168.504059
26830.371094	-164.329727
26851.904297	-161.040070
26873.437500	-158.790863
26894.970703	-156.999084
26916.503906	-155.788040
26938.037109	-154.782867
26959.570312	-153.795349
26981.103516	-152.821442
27002.636719	-152.380569
27024.169922	-151.662735
27045.703125	-151.242264
27067.236328	-151.222260
27088.769531	-150.842102
27110.302734	-150.523224
27131.835938	-150.497330
27153.369141	-150.504807
27174.902344	-150.523575
27196.435547	-150.733185
27217.968750	-151.222870
27239.501953	-152.044952
27261.035156	-152.312119
27282.568359	-152.628342
27304.101562	-153.361954
27325.634766	-154.050476
27347.167969	-155.396423
27368.701172	-156.856461
27390.234375	-158.621552
27411.767578	-160.537857
27433.300781	-162.767792
27454.833984	-166.078659
27476.367188	-169.692154
27497.900391	-168.778610
27519.433594	-164.951706
27540.966797	-162.111694
27562.500000	-159.939774
27584.033203	-158.191940
27605.566406	-156.677124
27627.099609	-155.313721
27648.632812	-154.308319
27670.166016	-153.788712
27691.699219	-153.299316
27713.232422	-152.749954
27734.765625	-152.308929
27756.298828	-152.360931
27777.832031	-151.897171
27799.365234	-151.630936
27820.898438	-151.564117
27842.431641	-151.590378
27863.964844	-151.800812
27885.498047	-152.033813
27907.031250	-152.516815
27928.564453	-153.090500
27950.097656	-153.483093
27971.630859	-153.826553
27993.164062	-154.602692
28014.697266	-155.522522
28036.230469	-156.666580
28057.763672	-158.020477
28079.296875	-159.475769
28100.830078	-161.427811
28122.363281	-163.958755
28143.896484	-167.224243
28165.429688	-170.259415
28186.962891	-169.287003
28208.496094	-165.892838
28230.029297	-163.157242
28251.562500	-160.616745
28273.095703	-158.632736
28294.628906	-157.485596
28316.162109	-156.456482
28337.695312	-155.503448
28359.228516	-154.781723
28380.761719	-154.209457
28402.294922	-153.667068
28423.828125	-153.253311
28445.361328	-152.929657
28466.894531	-152.587372
28488.427734	-152.585968
28509.960938	-152.705841
28531.494141	-152.544815
28553.027344	-152.783386
28574.560547	-152.964981
28596.093750	-153.295059
28617.626953	-153.892044
28639.160156	-154.505768
28660.693359	-155.038589
28682.226562	-155.928360
28703.759766	-156.798035
28725.292969	-157.890793
28746.826172	-159.123886
28768.359375	-160.573517
28789.892578	-162.771957
28811.425781	-165.302048
28832.958984	-168.224533
28854.492188	-170.284424
28876.025391	-169.257492
28897.558594	-166.253418
28919.091797	-163.585693
28940.625000	-161.700562
28962.158203	-160.012299
28983.691406	-158.734467
29005.224609	-157.718124
29026.757812	-156.534256
29048.291016	-156.046860
29069.824219	-155.279327
29091.357422	-154.753235
29112.890625	-154.369751
29134.423828	-153.948181
29155.957031	-153.596573
29177.490234	-153.684479
29199.023438	-153.578888
29220.556641	-153.728851
29242.089844	-153.639542
29263.623047	-153.912247
29285.156250	-154.267639
29306.689453	-154.998825
29328.222656	-155.253922
29349.755859	-155.817398
29371.289062	-156.652313
29392.822266	-157.678909
29414.355469	-158.829498
29435.888672	-159.903000
29457.421875	-161.497314
29478.955078	-163.504379
29500.488281	-165.602646
29522.021484	-168.329544
29543.554688	-170.719299
29565.087891	-169.585587
29586.621094	-167.254837
29608.154297	-164.720154
29629.687500	-162.693893
29651.220703	-160.763321
29672.753906	-159.446854
29694.287109	-158.511520
29715.820312	-157.847702
29737.353516	-156.824768
29758.886719	-156.015579
29780.419922	-155.779129
29801.953125	-155.430832
29823.486328	-155.315247
29845.019531	-154.697098
29866.552734	-154.630371
29888.085938	-154.787262
29909.619141	-154.897018
29931.152344	-154.796036
29952.685547	-154.661224
29974.218750	-155.015610
29995.751953	-155.707214
30017.285156	-155.838531
30038.818359	-156.655121
30060.351562	-157.492859
30081.884766	-158.590820
30103.417969	-159.624466
30124.951172	-160.918457
30146.484375	-162.145386
30168.017578	-164.068771
30189.550781	-166.167770
30211.083984	-168.853882
30232.617188	-171.149521
30254.150391	-169.820129
30275.683594	-167.294235
30297.216797	-165.046570
30318.750000	-163.292740
30340.283203	-161.361389
30361.816406	-160.126999
30383.349609	-159.239334
30404.882812	-158.637817
30426.416016	-157.780060
30447.949219	-157.047913
30469.482422	-156.692108
30491.015625	-156.418167
30512.548828	-155.834381
30534.082031	-155.425278
30555.615234	-155.670578
30577.148438	-155.571991
30598.681641	-155.551193
30620.214844	-155.850113
30641.748047	-156.038223
30663.281250	-156.346771
30684.814453	-156.900085
30706.347656	-157.131180
30727.880859	-157.778305
30749.414062	-158.621826
30770.947266	-159.181030
30792.480469	-160.420242
30814.013672	-161.602112
30835.546875	-163.548157
30857.080078	-165.012909
30878.613281	-167.410751
30900.146484	-169.893387
30921.679688	-171.023346
30943.212891	-170.368958
30964.746094	-167.845581
30986.279297	-165.923523
31007.812500	-164.154678
31029.345703	-162.829849
31050.878906	-161.459412
31072.412109	-160.126862
31093.945312	-159.044235
31115.478516	-158.366226
31137.011719	-157.721268
31158.544922	-157.327362
31180.078125	-156.888977
31201.611328	-156.601410
31223.144531	-156.486633
31244.677734	-156.514297
31266.210938	-156.310699
31287.744141	-156.281891
31309.277344	-156.525772
31330.810547	-156.893799
31352.343750	-157.376251
31373.876953	-157.774323
31395.410156	-158.140427
31416.943359	-158.416260
31438.476562	-159.473953
31460.009766	-160.317398
31481.542969	-161.170074
31503.076172	-162.259995
31524.609375	-163.698700
31546.142578	-165.713242
31567.675781	-167.787491
31589.208984	-169.778488
31610.742188	-171.026764
31632.275391	-170.398987
31653.808594	-168.509460
31675.341797	-166.845627
31696.875000	-164.972076
31718.408203	-163.619278
31739.941406	-162.095276
31761.474609	-161.127823
31783.007812	-160.429077
31804.541016	-159.844681
31826.074219	-158.963669
31847.607422	-158.487686
31869.140625	-158.096420
31890.673828	-157.718842
31912.207031	-157.464706
31933.740234	-157.516495
31955.273438	-157.452469
31976.806641	-157.620270
31998.339844	-158.078156
32019.873047	-158.273224
32041.406250	-158.326706
32062.939453	-158.856155
32084.472656	-159.416443
32106.005859	-159.807678
32127.539062	-160.260971
32149.072266	-161.490524
32170.605469	-162.718323
32192.138672	-163.806091
32213.671875	-165.346497
32235.205078	-167.028595
32256.738281	-169.408722
32278.271484	-170.797165
32299.804688	-171.628067
32321.337891	-170.430313
32342.871094	-168.474579
32364.404297	-166.634140
32385.937500	-165.174652
32407.470703	-163.456985
32429.003906	-162.620407
32450.537109	-161.390732
32472.070312	-160.540085
32493.603516	-159.699966
32515.136719	-159.162949
32536.669922	-158.916580
32558.203125	-158.562347
32579.736328	-158.556198
32601.269531	-158.542831
32622.802734	-158.127609
32644.335938	-158.030167
32665.869141	-158.016388
32687.402344	-158.115555
32708.935547	-158.514755
32730.468750	-158.833176
32752.001953	-159.409119
32773.535156	-160.279938
32795.068359	-160.745789
32816.601562	-161.192459
32838.134766	-161.969559
32859.667969	-162.918671
32881.201172	-163.989838
32902.734375	-165.285080
32924.267578	-167.308884
32945.800781	-169.016739
32967.333984	-170.712433
32988.867188	-171.556396
33010.400391	-171.081161
33031.933594	-169.650787
33053.466797	-167.760422
33075.000000	-166.250320
33096.533203	-165.075272
33118.066406	-163.517334
33139.599609	-162.563568
33161.132812	-161.704620
33182.666016	-161.331100
33204.199219	-160.838531
33225.732422	-160.119354
33247.265625	-159.811066
33268.798828	-159.528992
33290.332031	-159.589188
33311.865234	-159.423950
33333.398438	-159.539078
33354.931641	-159.914795
33376.464844	-159.893692
33397.998047	-159.763977
33419.531250	-160.092972
33441.064453	-160.367493
33462.597656	-160.976501
33484.130859	-161.684082
33505.664062	-162.475220
33527.197266	-163.558777
33548.730469	-164.812424
33570.263672	-165.646423
33591.796875	-166.863022
33613.330078	-168.279297
33634.863281	-170.372452
33656.396484	-171.145981
33677.929688	-171.700928
33699.462891	-170.346375
33720.996094	-168.836472
33742.529297	-167.340530
33764.062500	-165.974716
33785.595703	-164.773102
33807.128906	-163.803543
33828.662109	-162.891998
33850.195312	-162.188797
33871.728516	-161.614578
33893.261719	-161.120544
33914.794922	-160.573151
33936.328125	-160.561752
33957.861328	-160.412735
33979.394531	-160.039734
34000.927734	-159.510071
34022.460938	-159.529266
34043.994141	-159.921097
34065.527344	-160.455765
34087.060547	-160.515396
34108.593750	-160.929138
34130.126953	-161.215561
34151.660156	-161.709259
34173.193359	-162.378769
34194.726562	-162.733231
34216.259766	-163.457733
34237.792969	-164.654266
34259.326172	-165.698074
34280.859375	-166.919571
34302.392578	-168.606964
34323.925781	-169.710098
34345.458984	-170.894211
34366.992188	-171.290741
34388.525391	-170.265976
34410.058594	-169.248795
34431.591797	-168.145828
34453.125000	-167.330048
34474.658203	-166.022659
34496.191406	-164.704941
34517.724609	-164.068542
34539.257812	-163.146698
34560.791016	-162.730835
34582.324219	-162.224670
34603.857422	-161.523621
34625.390625	-161.429443
34646.923828	-161.484497
34668.457031	-161.287567
34689.990234	-161.036667
34711.523438	-161.102448
34733.056641	-161.336594
34754.589844	-161.536285
34776.123047	-161.643509
34797.656250	-161.680756
34819.189453	-161.870422
34840.722656	-162.776108
34862.255859	-163.673981
34883.789062	-164.263794
34905.322266	-165.011658
34926.855469	-165.864304
34948.388672	-167.045639
34969.921875	-168.348465
34991.455078	-169.488373
35012.988281	-170.327469
35034.521484	-171.017319
35056.054688	-170.446686
35077.587891	-170.167786
35099.121094	-168.805801
35120.654297	-167.714249
35142.187500	-166.461761
35163.720703	-165.927170
35185.253906	-165.147568
35206.787109	-164.391891
35228.320312	-163.619934
35249.853516	-162.870056
35271.386719	-162.134903
35292.919922	-161.884949
35314.453125	-162.152420
35335.986328	-161.487885
35357.519531	-161.494827
35379.052734	-161.581207
35400.585938	-161.478287
35422.119141	-161.531570
35443.652344	-161.499969
35465.185547	-162.134232
35486.718750	-162.284637
35508.251953	-162.685989
35529.785156	-163.612045
35551.318359	-163.560593
35572.851562	-164.329071
35594.384766	-165.072495
35615.917969	-166.212372
35637.451172	-167.303360
35658.984375	-168.346664
35680.517578	-169.289993
35702.050781	-170.121506
35723.583984	-170.758118
35745.117188	-171.072037
35766.650391	-170.538376
35788.183594	-169.641083
35809.716797	-168.692642
35831.250000	-168.120422
35852.783203	-166.839005
35874.316406	-166.002625
35895.849609	-164.919891
35917.382812	-164.427246
35938.916016	-164.100082
35960.449219	-163.280045
35981.982422	-163.366608
36003.515625	-162.743378
36025.048828	-162.705353
36046.582031	-162.554428
36068.115234	-162.396271
36089.648438	-162.641159
36111.181641	-163.022339
36132.714844	-163.134781
36154.248047	-163.268951
36175.781250	-163.453125
36197.314453	-163.930710
36218.847656	-164.660431
36240.380859	-165.366669
36261.914062	-165.937119
36283.447266	-166.837494
36304.980469	-167.708664
36326.513672	-168.451889
36348.046875	-169.763000
36369.580078	-170.550262
36391.113281	-171.120560
36412.646484	-171.092834
36434.179688	-170.612198
36455.712891	-169.718216
36477.246094	-168.809143
36498.779297	-167.996307
36520.312500	-167.076965
36541.845703	-166.471527
36563.378906	-165.639526
36584.912109	-164.954086
36606.445312	-164.424088
36627.978516	-163.765289
36649.511719	-163.352661
36671.044922	-163.310471
36692.578125	-163.152527
36714.111328	-162.604462
36735.644531	-162.688507
36757.177734	-162.638016
36778.710938	-162.450836
36800.244141	-162.645889
36821.777344	-163.131424
36843.310547	-163.344193
36864.843750	-163.659103
36886.376953	-164.018951
36907.910156	-164.562546
36929.443359	-165.450867
36950.976562	-166.148209
36972.509766	-166.433716
36994.042969	-167.444366
37015.576172	-168.255981
37037.109375	-169.124329
37058.642578	-169.777191
37080.175781	-170.189728
37101.708984	-170.359039
37123.242188	-171.007507
37144.775391	-170.474533
37166.308594	-170.066986
37187.841797	-169.402786
37209.375000	-168.482132
37230.908203	-167.747467
37252.441406	-167.169296
37273.974609	-166.593307
37295.507812	-166.124130
37317.041016	-165.800644
37338.574219	-165.592316
37360.107422	-164.878632
37381.640625	-164.746811
37403.173828	-164.911148
37424.707031	-164.658981
37446.240234	-164.304688
37467.773438	-164.415146
37489.306641	-164.584290
37510.839844	-165.029083
37532.373047	-165.245270
37553.906250	-165.568527
37575.439453	-166.107712
37596.972656	-166.743134
37618.505859	-167.035629
37640.039062	-167.915421
37661.572266	-168.725540
37683.105469	-169.423004
37704.638672	-170.098419
37726.171875	-170.453705
37747.705078	-170.851303
37769.238281	-170.623962
37790.771484	-170.695602
37812.304688	-170.215179
37833.837891	-169.410797
37855.371094	-168.697037
37876.904297	-167.701874
37898.437500	-167.511963
37919.970703	-167.057220
37941.503906	-166.697647
37963.037109	-166.127869
37984.570312	-165.484604
38006.103516	-165.064346
38027.636719	-164.730408
38049.169922	-163.991699
38070.703125	-163.856354
38092.236328	-164.115692
38113.769531	-163.923447
38135.302734	-163.884521
38156.835938	-164.205017
38178.369141	-164.316055
38199.902344	-164.611206
38221.435547	-165.007553
38242.968750	-165.149017
38264.501953	-165.374451
38286.035156	-165.726562
38307.568359	-166.500565
38329.101562	-167.099655
38350.634766	-167.858505
38372.167969	-168.677704
38393.701172	-169.249634
38415.234375	-169.746231
38436.767578	-170.042313
38458.300781	-170.496872
38479.833984	-171.099548
38501.367188	-170.799973
38522.900391	-170.413742
38544.433594	-169.744949
38565.966797	-169.744827
38587.500000	-169.343781
38609.033203	-168.758820
38630.566406	-168.193283
38652.099609	-167.577393
38673.632812	-167.206635
38695.166016	-166.983765
38716.699219	-166.494202
38738.232422	-166.112213
38759.765625	-166.120178
38781.298828	-166.085205
38802.832031	-166.015198
38824.365234	-166.336212
38845.898438	-166.294891
38867.431641	-166.002289
38888.964844	-166.675018
38910.498047	-167.351242
38932.031250	-167.509628
38953.564453	-167.954895
38975.097656	-168.652512
38996.630859	-169.312607
39018.164062	-169.564362
39039.697266	-169.920837
39061.230469	-170.399063
39082.763672	-170.546265
39104.296875	-171.366287
39125.830078	-170.998001
39147.363281	-170.488190
39168.896484	-170.185776
39190.429688	-169.919312
39211.962891	-169.152710
39233.496094	-168.860840
39255.029297	-168.623505
39276.562500	-168.094254
39298.095703	-167.365082
39319.628906	-166.791763
39341.162109	-166.353409
39362.695312	-165.895065
39384.228516	-166.051544
39405.761719	-165.557220
39427.294922	-165.702133
39448.828125	-165.321091
39470.361328	-165.256470
39491.894531	-165.397675
39513.427734	-165.183243
39534.960938	-165.284470
39556.494141	-165.636292
39578.027344	-166.125854
39599.560547	-166.112350
39621.093750	-166.804520
39642.626953	-166.778519
39664.160156	-167.281860
39685.693359	-168.061447
39707.226562	-168.545761
39728.759766	-169.099625
39750.292969	-169.433807
39771.826172	-170.046890
39793.359375	-170.554138
39814.892578	-170.746140
39836.425781	-170.955795
39857.958984	-170.881851
39879.492188	-170.710052
39901.025391	-170.281342
39922.558594	-169.941071
39944.091797	-170.034973
39965.625000	-169.554718
39987.158203	-169.081284
40008.691406	-168.996384
40030.224609	-168.564987
40051.757812	-168.256027
40073.291016	-167.972275
40094.824219	-167.904022
40116.357422	-167.950943
40137.890625	-167.831558
40159.423828	-167.732330
40180.957031	-167.584534
40202.490234	-167.926575
40224.023438	-168.121475
40245.556641	-168.440552
40267.089844	-168.510757
40288.623047	-168.860016
40310.156250	-169.392227
40331.689453	-169.745346
40353.222656	-169.795303
40374.755859	-170.195908
40396.289062	-170.917358
40417.822266	-170.766800
40439.355469	-170.663422
40460.888672	-170.774475
40482.421875	-170.558594
40503.955078	-170.409973
40525.488281	-170.147949
40547.021484	-169.760941
40568.554688	-169.149277
40590.087891	-168.936035
40611.621094	-168.460175
40633.154297	-168.057861
40654.687500	-167.780029
40676.220703	-167.337906
40697.753906	-167.108658
40719.287109	-166.768570
40740.820312	-166.601852
40762.353516	-166.665009
40783.886719	-166.250427
40805.419922	-166.322525
40826.953125	-166.387451
40848.486328	-166.262985
40870.019531	-166.899078
40891.552734	-166.916687
40913.085938	-166.960510
40934.619141	-166.721863
40956.152344	-167.417450
40977.685547	-167.496277
40999.218750	-167.942352
41020.751953	-168.510040
41042.285156	-168.800049
41063.818359	-169.054398
41085.351562	-169.621262
41106.884766	-169.849503
41128.417969	-170.354828
41149.951172	-170.658142
41171.484375	-171.016724
41193.017578	-170.787521
41214.550781	-171.100601
41236.083984	-171.122284
41257.617188	-170.936447
41279.150391	-170.595703
41300.683594	-170.601044
41322.216797	-170.066116
41343.750000	-169.803482
41365.283203	-169.793625
41386.816406	-169.409836
41408.349609	-169.373199
41429.882812	-169.281738
41451.416016	-169.277817
41472.949219	-168.782516
41494.482422	-168.908936
41516.015625	-169.226379
41537.548828	-169.347900
41559.082031	-168.964050
41580.615234	-169.408676
41602.148438	-169.542847
41623.681641	-169.578705
41645.214844	-169.785019
41666.748047	-170.177017
41688.281250	-170.610123
41709.814453	-170.726364
41731.347656	-171.045578
41752.880859	-170.754440
41774.414062	-170.979080
41795.947266	-170.877182
41817.480469	-171.255661
41839.013672	-170.683792
41860.546875	-170.220154
41882.080078	-170.003830
41903.613281	-169.310333
41925.146484	-169.233994
41946.679688	-168.778824
41968.212891	-168.323883
41989.746094	-168.168381
42011.279297	-167.895996
42032.812500	-167.852707
42054.345703	-167.645248
42075.878906	-167.509857
42097.412109	-167.358261
42118.945312	-167.557404
42140.478516	-167.411179
42162.011719	-167.318649
42183.544922	-167.058914
42205.078125	-167.114655
42226.611328	-167.317169
42248.144531	-167.441818
42269.677734	-168.038712
42291.210938	-168.403870
42312.744141	-168.390808
42334.277344	-168.918808
42355.810547	-168.935272
42377.343750	-169.568420
42398.876953	-169.896805
42420.410156	-169.974945
42441.943359	-170.149734
42463.476562	-170.385895
42485.009766	-171.061340
42506.542969	-171.118134
42528.076172	-171.259888
42549.609375	-171.341415
42571.142578	-170.768021
42592.675781	-170.889023
42614.208984	-170.639328
42635.742188	-170.530518
42657.275391	-170.477768
42678.808594	-170.450653
42700.341797	-170.296234
42721.875000	-170.296600
42743.408203	-169.850540
42764.941406	-170.076797
42786.474609	-170.000427
42808.007812	-169.687424
42829.541016	-169.715057
42851.074219	-169.841415
42872.607422	-169.920898
42894.140625	-170.280289
42915.673828	-170.319687
42937.207031	-170.448288
42958.740234	-170.405426
42980.273438	-170.321014
43001.806641	-170.951401
43023.339844	-171.146652
43044.873047	-170.828522
43066.406250	-170.877838
43087.939453	-170.665436
43109.472656	-170.518570
43131.005859	-170.901855
43152.539062	-170.239761
43174.072266	-170.164642
43195.605469	-170.206299
43217.138672	-169.260498
43238.671875	-169.108246
43260.205078	-168.737839
43281.738281	-168.536835
43303.271484	-168.627274
43324.804688	-168.715302
43346.337891	-168.396637
43367.871094	-168.127853
43389.404297	-167.764374
43410.937500	-167.817551
43432.470703	-167.704208
43454.003906	-167.807541
43475.537109	-167.888184
43497.070312	-168.003967
43518.603516	-168.014725
43540.136719	-168.271530
43561.669922	-168.509323
43583.203125	-168.591949
43604.736328	-168.762054
43626.269531	-168.911194
43647.802734	-169.154480
43669.335938	-169.514053
43690.869141	-169.588211
43712.402344	-170.078110
43733.935547	-170.338791
43755.468750	-170.805283
43777.001953	-170.742935
43798.535156	-170.929733
43820.068359	-170.639526
43841.601562	-170.660095
43863.134766	-170.732346
43884.667969	-170.791214
43906.201172	-170.908554
43927.734375	-170.771179
43949.267578	-170.716782
43970.800781	-170.967270
43992.333984	-170.433929
44013.867188	-170.207687
44035.400391	-170.122589
44056.933594	-170.127792
44078.466797	-169.933105
