Frequency (Hz)	Level (dB)
10.766602	-37.116730
21.533203	-37.403324
32.299805	-37.371307
43.066406	-37.434772
53.833008	-37.636261
64.599609	-37.490353
75.366211	-37.015450
86.132812	-37.368511
96.899414	-36.651573
107.666016	-37.205700
118.432617	-36.831890
129.199219	-36.721405
139.965820	-37.352955
150.732422	-37.403416
161.499023	-37.221741
172.265625	-36.959900
183.032227	-37.458946
193.798828	-37.026855
204.565430	-36.678654
215.332031	-36.919704
226.098633	-37.594856
236.865234	-37.261215
247.631836	-37.756042
258.398438	-37.100338
269.165039	-37.724598
279.931641	-36.942825
290.698242	-37.548512
301.464844	-37.667076
312.231445	-37.185551
322.998047	-36.879074
333.764648	-36.894665
344.531250	-36.692356
355.297852	-36.429630
366.064453	-37.644230
376.831055	-37.337742
387.597656	-37.641098
398.364258	-36.361954
409.130859	-36.834702
419.897461	-36.992165
430.664062	-36.813442
441.430664	-37.057556
452.197266	-37.677715
462.963867	-37.078884
473.730469	-36.408348
484.497070	-37.488258
495.263672	-37.294235
506.030273	-37.205727
516.796875	-36.658882
527.563477	-36.977928
538.330078	-36.868694
549.096680	-36.901684
559.863281	-38.115662
570.629883	-37.498486
581.396484	-37.500584
592.163086	-37.493481
602.929688	-37.596642
613.696289	-37.146412
624.462891	-37.047863
635.229492	-37.043655
645.996094	-37.156765
656.762695	-36.646145
667.529297	-37.766556
678.295898	-37.186661
689.062500	-37.133190
699.829102	-37.221737
710.595703	-37.122761
721.362305	-37.067127
732.128906	-36.837082
742.895508	-37.251484
753.662109	-37.264877
764.428711	-37.589302
775.195312	-37.246899
785.961914	-37.384243
796.728516	-37.434933
807.495117	-37.727291
818.261719	-37.221668
829.028320	-36.696621
839.794922	-37.145603
850.561523	-36.549229
861.328125	-37.375175
872.094727	-37.153683
882.861328	-37.691410
893.627930	-36.233250
904.394531	-37.395672
915.161133	-37.491268
925.927734	-37.117752
936.694336	-37.485176
947.460938	-37.360046
958.227539	-37.511669
968.994141	-37.434418
979.760742	-37.376579
990.527344	-36.691280
1001.293945	-36.494347
1012.060547	-37.342319
1022.827148	-36.362919
1033.593750	-36.127857
1044.360352	-37.076607
1055.126953	-36.654419
1065.893555	-36.618465
1076.660156	-36.944016
1087.426758	-37.041374
1098.193359	-37.736519
1108.959961	-36.376827
1119.726562	-37.079235
1130.493164	-37.206593
1141.259766	-37.443428
1152.026367	-37.398766
1162.792969	-36.669926
1173.559570	-37.194221
1184.326172	-37.061710
1195.092773	-37.072166
1205.859375	-37.059097
1216.625977	-37.247913
1227.392578	-37.259258
1238.159180	-36.882572
1248.925781	-37.372108
1259.692383	-37.298409
1270.458984	-36.963436
1281.225586	-37.364307
1291.992188	-37.097412
1302.758789	-37.155968
1313.525391	-36.773064
1324.291992	-37.060432
1335.058594	-36.684071
1345.825195	-37.151966
1356.591797	-36.990459
1367.358398	-37.142876
1378.125000	-36.923847
1388.891602	-37.037262
1399.658203	-38.038498
1410.424805	-37.608318
1421.191406	-37.020760
1431.958008	-37.237148
1442.724609	-37.167366
1453.491211	-36.986698
1464.257812	-37.102985
1475.024414	-36.928749
1485.791016	-36.285641
1496.557617	-36.551807
1507.324219	-36.806129
1518.090820	-36.933228
1528.857422	-36.795948
1539.624023	-37.236115
1550.390625	-36.628513
1561.157227	-37.246544
1571.923828	-36.851120
1582.690430	-37.761513
1593.457031	-37.267521
1604.223633	-37.221973
1614.990234	-37.003063
1625.756836	-37.168106
1636.523438	-36.829590
1647.290039	-36.984249
1658.056641	-37.493271
1668.823242	-36.668137
1679.589844	-36.874596
1690.356445	-37.111591
1701.123047	-36.998013
1711.889648	-36.587543
1722.656250	-36.760403
1733.422852	-36.833797
1744.189453	-37.059746
1754.956055	-37.457645
1765.722656	-37.147701
1776.489258	-36.691936
1787.255859	-37.145679
1798.022461	-37.286282
1808.789062	-36.925755
1819.555664	-37.372414
1830.322266	-36.723526
1841.088867	-36.790005
1851.855469	-37.969761
1862.622070	-36.850517
1873.388672	-37.133492
1884.155273	-36.868565
1894.921875	-36.485443
1905.688477	-36.950787
1916.455078	-36.965324
1927.221680	-36.558395
1937.988281	-37.113342
1948.754883	-37.025269
1959.521484	-37.092087
1970.288086	-37.163593
1981.054688	-37.140484
1991.821289	-37.039886
2002.587891	-37.293617
2013.354492	-37.190304
2024.121094	-36.723583
2034.887695	-37.002525
2045.654297	-36.726845
2056.420898	-37.498455
2067.187500	-36.861820
2077.954102	-36.995892
2088.720703	-37.281433
2099.487305	-36.386169
2110.253906	-36.943226
2121.020508	-37.746712
2131.787109	-37.354099
2142.553711	-37.067860
2153.320312	-37.307831
2164.086914	-36.933693
2174.853516	-36.407089
2185.620117	-37.600582
2196.386719	-37.541500
2207.153320	-36.822628
2217.919922	-37.742378
2228.686523	-37.380009
2239.453125	-37.427505
2250.219727	-37.280064
2260.986328	-36.948601
2271.752930	-37.403114
2282.519531	-37.251415
2293.286133	-36.995773
2304.052734	-37.415836
2314.819336	-36.931366
2325.585938	-36.808533
2336.352539	-37.132130
2347.119141	-37.404209
2357.885742	-36.826351
2368.652344	-37.445862
2379.418945	-37.481026
2390.185547	-37.066795
2400.952148	-37.844223
2411.718750	-37.157642
2422.485352	-37.040741
2433.251953	-36.675617
2444.018555	-36.990246
2454.785156	-37.290161
2465.551758	-37.311867
2476.318359	-37.393795
2487.084961	-37.022572
2497.851562	-36.517227
2508.618164	-37.210232
2519.384766	-36.994839
2530.151367	-37.527771
2540.917969	-37.369762
2551.684570	-37.240288
2562.451172	-37.503952
2573.217773	-37.219517
2583.984375	-37.297737
2594.750977	-37.039028
2605.517578	-37.290928
2616.284180	-37.170956
2627.050781	-36.731491
2637.817383	-37.019047
2648.583984	-37.721260
2659.350586	-37.375828
2670.117188	-36.858963
2680.883789	-37.404285
2691.650391	-37.104362
2702.416992	-37.487415
2713.183594	-37.144455
2723.950195	-36.812775
2734.716797	-36.920670
2745.483398	-37.949497
2756.250000	-36.919907
2767.016602	-37.175266
2777.783203	-37.173584
2788.549805	-36.692719
2799.316406	-37.278374
2810.083008	-37.519577
2820.849609	-37.055927
2831.616211	-36.674427
2842.382812	-37.439537
2853.149414	-36.856625
2863.916016	-36.910789
2874.682617	-37.416843
2885.449219	-36.700710
2896.215820	-37.188110
2906.982422	-37.513020
2917.749023	-37.329201
2928.515625	-36.823418
2939.282227	-36.850727
2950.048828	-37.380363
2960.815430	-37.174072
2971.582031	-37.240513
2982.348633	-37.371185
2993.115234	-36.788155
3003.881836	-36.906250
3014.648438	-37.196892
3025.415039	-36.924141
3036.181641	-37.526615
3046.948242	-37.233086
3057.714844	-37.469334
3068.481445	-37.387825
3079.248047	-36.923878
3090.014648	-37.682625
3100.781250	-37.866917
3111.547852	-37.661530
3122.314453	-37.338032
3133.081055	-36.816631
3143.847656	-37.675690
3154.614258	-37.013664
3165.380859	-36.308899
3176.147461	-37.141571
3186.914062	-36.914799
3197.680664	-37.333969
3208.447266	-36.876068
3219.213867	-37.054283
3229.980469	-37.598301
3240.747070	-37.220181
3251.513672	-36.850853
3262.280273	-37.101135
3273.046875	-37.207058
3283.813477	-37.335468
3294.580078	-37.464508
3305.346680	-37.637650
3316.113281	-37.288696
3326.879883	-37.681679
3337.646484	-37.042233
3348.413086	-37.953381
3359.179688	-37.866779
3369.946289	-36.374710
3380.712891	-36.878048
3391.479492	-37.153645
3402.246094	-36.632572
3413.012695	-37.081383
3423.779297	-37.122124
3434.545898	-37.724068
3445.312500	-36.836246
3456.079102	-36.501564
3466.845703	-36.995449
3477.612305	-36.824688
3488.378906	-37.293053
3499.145508	-37.662052
3509.912109	-36.927593
3520.678711	-37.190079
3531.445312	-36.969421
3542.211914	-37.177021
3552.978516	-37.224892
3563.745117	-36.870529
3574.511719	-37.171650
3585.278320	-36.192406
3596.044922	-38.250717
3606.811523	-36.405533
3617.578125	-36.577518
3628.344727	-36.416275
3639.111328	-36.715137
3649.877930	-36.705662
3660.644531	-37.538708
3671.411133	-37.440723
3682.177734	-37.382828
3692.944336	-37.030369
3703.710938	-37.004925
3714.477539	-37.091854
3725.244141	-37.340134
3736.010742	-36.986073
3746.777344	-36.417561
3757.543945	-36.991783
3768.310547	-37.224442
3779.077148	-37.335274
3789.843750	-37.007805
3800.610352	-37.122673
3811.376953	-37.360928
3822.143555	-37.433250
3832.910156	-37.053921
3843.676758	-37.566799
3854.443359	-37.134636
3865.209961	-37.245995
3875.976562	-36.952496
3886.743164	-37.317993
3897.509766	-37.291550
3908.276367	-37.423737
3919.042969	-37.466202
3929.809570	-37.261299
3940.576172	-36.971191
3951.342773	-37.299820
3962.109375	-37.089828
3972.875977	-37.687218
3983.642578	-37.202171
3994.409180	-36.907635
4005.175781	-36.670612
4015.942383	-37.098045
4026.708984	-36.858704
4037.475586	-37.500034
4048.242188	-36.996723
4059.008789	-37.102264
4069.775391	-37.180489
4080.541992	-37.687416
4091.308594	-36.508827
4102.075195	-37.130196
4112.841797	-37.299503
4123.608398	-37.145309
4134.375000	-37.544922
4145.141602	-36.627510
4155.908203	-37.142647
4166.674805	-37.767300
4177.441406	-36.786121
4188.208008	-37.021973
4198.974609	-37.109913
4209.741211	-37.007633
4220.507812	-36.613434
4231.274414	-36.693394
4242.041016	-37.196037
4252.807617	-37.462139
4263.574219	-37.178207
4274.340820	-37.191593
4285.107422	-37.103130
4295.874023	-37.296776
4306.640625	-36.583206
4317.407227	-36.977005
4328.173828	-36.753498
4338.940430	-37.008465
4349.707031	-37.410309
4360.473633	-36.934807
4371.240234	-37.185234
4382.006836	-36.410614
4392.773438	-36.659748
4403.540039	-36.517670
4414.306641	-36.669182
4425.073242	-37.049732
4435.839844	-37.000328
4446.606445	-36.764565
4457.373047	-36.431370
4468.139648	-37.773621
4478.906250	-36.567928
4489.672852	-37.113934
4500.439453	-37.018929
4511.206055	-37.258865
4521.972656	-36.541420
4532.739258	-37.559155
4543.505859	-37.410561
4554.272461	-37.230286
4565.039062	-36.651031
4575.805664	-37.094921
4586.572266	-36.694656
4597.338867	-36.830814
4608.105469	-36.663898
4618.872070	-37.600372
4629.638672	-37.075359
4640.405273	-37.299400
4651.171875	-37.258320
4661.938477	-36.838398
4672.705078	-37.841679
4683.471680	-37.319393
4694.238281	-37.257351
4705.004883	-37.326283
4715.771484	-37.150948
4726.538086	-37.300488
4737.304688	-36.394516
4748.071289	-36.964993
4758.837891	-37.190075
4769.604492	-37.381004
4780.371094	-36.861279
4791.137695	-37.254581
4801.904297	-37.501595
4812.670898	-37.546825
4823.437500	-36.351269
4834.204102	-37.423424
4844.970703	-37.019711
4855.737305	-36.721794
4866.503906	-36.635719
4877.270508	-37.060268
4888.037109	-36.260559
4898.803711	-36.678143
4909.570312	-37.878376
4920.336914	-37.120522
4931.103516	-36.804306
4941.870117	-37.077965
4952.636719	-37.057621
4963.403320	-37.039444
4974.169922	-36.986782
4984.936523	-37.365917
4995.703125	-37.532177
5006.469727	-36.567921
5017.236328	-36.822514
5028.002930	-36.936016
5038.769531	-36.857738
5049.536133	-37.001446
5060.302734	-37.119713
5071.069336	-36.672722
5081.835938	-37.177055
5092.602539	-37.026199
5103.369141	-37.757812
5114.135742	-37.364227
5124.902344	-36.601109
5135.668945	-37.333782
5146.435547	-37.197315
5157.202148	-37.250092
5167.968750	-37.295391
5178.735352	-37.467449
5189.501953	-37.316166
5200.268555	-36.833256
5211.035156	-37.427929
5221.801758	-37.580853
5232.568359	-37.075504
5243.334961	-36.838894
5254.101562	-38.188881
5264.868164	-37.630642
5275.634766	-36.740021
5286.401367	-36.992725
5297.167969	-37.114418
5307.934570	-36.972057
5318.701172	-36.764179
5329.467773	-36.739368
5340.234375	-37.371029
5351.000977	-37.387081
5361.767578	-36.461788
5372.534180	-37.329048
5383.300781	-36.777008
5394.067383	-37.406139
5404.833984	-37.026794
5415.600586	-37.474571
5426.367188	-37.358955
5437.133789	-37.320831
5447.900391	-36.492237
5458.666992	-37.142342
5469.433594	-37.549252
5480.200195	-36.380913
5490.966797	-36.775925
5501.733398	-37.226803
5512.500000	-37.058727
5523.266602	-37.294369
5534.033203	-36.482845
5544.799805	-37.094212
5555.566406	-37.694462
5566.333008	-37.129875
5577.099609	-38.214840
5587.866211	-37.347111
5598.632812	-37.416485
5609.399414	-36.881405
5620.166016	-37.342602
5630.932617	-37.499241
5641.699219	-36.788658
5652.465820	-36.353107
5663.232422	-37.153355
5673.999023	-37.289230
5684.765625	-37.098118
5695.532227	-37.418945
5706.298828	-37.389561
5717.065430	-37.205837
5727.832031	-37.025162
5738.598633	-37.555061
5749.365234	-36.980438
5760.131836	-36.948372
5770.898438	-37.401405
5781.665039	-37.058193
5792.431641	-36.813934
5803.198242	-36.997864
5813.964844	-36.963444
5824.731445	-38.063789
5835.498047	-37.015945
5846.264648	-37.280949
5857.031250	-37.031502
5867.797852	-37.036720
5878.564453	-36.751259
5889.331055	-37.539028
5900.097656	-37.444481
5910.864258	-36.986092
5921.630859	-37.074291
5932.397461	-37.088020
5943.164062	-37.295349
5953.930664	-36.712734
5964.697266	-37.437988
5975.463867	-37.244377
5986.230469	-37.181042
5996.997070	-37.745899
6007.763672	-37.275871
6018.530273	-36.555305
6029.296875	-37.561062
6040.063477	-36.327385
6050.830078	-37.021225
6061.596680	-38.113960
6072.363281	-37.341286
6083.129883	-36.714432
6093.896484	-37.085590
6104.663086	-36.863319
6115.429688	-37.581482
6126.196289	-36.917736
6136.962891	-37.136410
6147.729492	-36.802559
6158.496094	-37.144169
6169.262695	-36.988823
6180.029297	-38.076080
6190.795898	-37.331024
6201.562500	-37.486931
6212.329102	-36.969036
6223.095703	-37.838451
6233.862305	-37.595005
6244.628906	-37.430176
6255.395508	-36.949211
6266.162109	-37.821880
6276.928711	-36.826607
6287.695312	-37.010952
6298.461914	-37.520542
6309.228516	-36.800999
6319.995117	-36.698963
6330.761719	-37.112942
6341.528320	-36.988083
6352.294922	-37.154243
6363.061523	-37.055676
6373.828125	-36.790375
6384.594727	-36.521450
6395.361328	-37.054581
6406.127930	-37.162476
6416.894531	-37.223469
6427.661133	-36.996330
6438.427734	-36.904552
6449.194336	-38.069035
6459.960938	-36.853893
6470.727539	-36.525921
6481.494141	-36.882439
6492.260742	-36.831894
6503.027344	-37.458015
6513.793945	-37.194073
6524.560547	-37.150726
6535.327148	-37.620041
6546.093750	-36.916054
6556.860352	-36.382942
6567.626953	-36.887001
6578.393555	-36.909096
6589.160156	-36.571941
6599.926758	-36.944592
6610.693359	-36.801620
6621.459961	-37.608120
6632.226562	-36.987915
6642.993164	-37.011192
6653.759766	-36.747276
6664.526367	-37.297836
6675.292969	-37.337490
6686.059570	-36.816402
6696.826172	-37.481239
6707.592773	-37.559341
6718.359375	-37.443314
6729.125977	-37.146702
6739.892578	-37.814888
6750.659180	-36.973221
6761.425781	-36.980759
6772.192383	-37.234966
6782.958984	-36.618679
6793.725586	-36.986168
6804.492188	-37.528519
6815.258789	-36.978607
6826.025391	-36.457088
6836.791992	-36.316608
6847.558594	-36.475414
6858.325195	-37.044823
6869.091797	-37.467457
6879.858398	-37.348888
6890.625000	-36.901615
6901.391602	-37.131641
6912.158203	-37.576923
6922.924805	-36.805649
6933.691406	-36.884892
6944.458008	-36.773468
6955.224609	-36.945732
6965.991211	-37.329193
6976.757812	-37.296299
6987.524414	-36.971172
6998.291016	-37.454227
7009.057617	-36.983429
7019.824219	-36.833580
7030.590820	-36.897602
7041.357422	-36.705444
7052.124023	-36.926075
7062.890625	-36.864388
7073.657227	-37.235680
7084.423828	-37.005787
7095.190430	-37.063587
7105.957031	-36.863297
7116.723633	-37.933903
7127.490234	-37.195770
7138.256836	-37.297569
7149.023438	-37.496269
7159.790039	-36.551327
7170.556641	-36.993843
7181.323242	-36.389130
7192.089844	-36.991428
7202.856445	-37.311298
7213.623047	-36.744778
7224.389648	-36.945751
7235.156250	-36.820553
7245.922852	-37.596004
7256.689453	-36.985191
7267.456055	-37.040745
7278.222656	-36.546375
7288.989258	-37.275696
7299.755859	-37.015018
7310.522461	-37.205170
7321.289062	-37.004070
7332.055664	-36.548897
7342.822266	-37.211891
7353.588867	-36.491386
7364.355469	-37.101742
7375.122070	-37.216160
7385.888672	-37.450291
7396.655273	-36.491196
7407.421875	-36.982235
7418.188477	-37.380131
7428.955078	-37.413242
7439.721680	-36.486286
7450.488281	-36.742313
7461.254883	-37.200970
7472.021484	-36.978558
7482.788086	-36.727226
7493.554688	-36.650372
7504.321289	-37.069744
7515.087891	-37.389599
7525.854492	-36.993176
7536.621094	-37.223213
7547.387695	-37.282753
7558.154297	-36.631996
7568.920898	-37.792023
7579.687500	-37.144012
7590.454102	-36.268845
7601.220703	-37.351082
7611.987305	-37.159962
7622.753906	-37.326202
7633.520508	-37.357025
7644.287109	-37.089832
7655.053711	-37.734577
7665.820312	-36.888058
7676.586914	-37.088356
7687.353516	-37.916443
7698.120117	-36.751236
7708.886719	-37.264290
7719.653320	-37.000206
7730.419922	-36.729645
7741.186523	-36.757778
7751.953125	-37.057430
7762.719727	-37.218529
7773.486328	-37.325741
7784.252930	-37.243698
7795.019531	-37.216171
7805.786133	-36.632610
7816.552734	-36.799519
7827.319336	-37.260910
7838.085938	-36.967335
7848.852539	-37.129982
7859.619141	-36.800575
7870.385742	-37.211403
7881.152344	-37.051968
7891.918945	-36.844414
7902.685547	-37.293457
7913.452148	-37.586704
7924.218750	-36.587009
7934.985352	-36.857410
7945.751953	-36.938068
7956.518555	-37.360840
7967.285156	-36.461067
7978.051758	-37.241940
7988.818359	-37.409672
7999.584961	-37.429600
8010.351562	-36.420650
8021.118164	-36.973450
8031.884766	-37.241810
8042.651367	-37.085991
8053.417969	-36.955067
8064.184570	-37.212868
8074.951172	-37.555733
8085.717773	-36.874439
8096.484375	-37.658802
8107.250977	-37.154911
8118.017578	-37.225750
8128.784180	-37.108669
8139.550781	-37.005924
8150.317383	-37.435593
8161.083984	-37.282627
8171.850586	-37.446617
8182.617188	-36.872135
8193.383789	-36.978966
8204.150391	-37.223907
8214.916992	-37.715824
8225.683594	-37.718884
8236.450195	-37.409718
8247.216797	-37.742832
8257.983398	-38.008434
8268.750000	-37.136040
8279.516602	-37.293278
8290.283203	-37.356171
8301.049805	-36.963081
8311.816406	-37.855644
8322.583008	-36.618465
8333.349609	-36.992970
8344.116211	-37.010529
8354.882812	-37.128956
8365.649414	-37.082542
8376.416016	-36.657024
8387.182617	-37.951614
8397.949219	-37.666870
8408.715820	-38.198124
8419.482422	-36.940308
8430.249023	-36.598309
8441.015625	-37.258720
8451.782227	-36.883354
8462.548828	-37.668056
8473.315430	-37.390484
8484.082031	-37.074753
8494.848633	-36.731552
8505.615234	-36.662556
8516.381836	-37.781189
8527.148438	-37.619331
8537.915039	-37.431496
8548.681641	-37.257103
8559.448242	-37.057938
8570.214844	-36.809776
8580.981445	-36.919273
8591.748047	-36.765778
8602.514648	-37.434959
8613.281250	-37.107693
8624.047852	-36.743282
8634.814453	-37.468594
8645.581055	-36.857330
8656.347656	-37.196159
8667.114258	-37.303089
8677.880859	-37.166027
8688.647461	-38.219913
8699.414062	-37.025135
8710.180664	-37.056145
8720.947266	-37.321049
8731.713867	-37.363430
8742.480469	-37.487820
8753.247070	-37.304874
8764.013672	-37.362946
8774.780273	-37.496777
8785.546875	-37.352837
8796.313477	-37.164684
8807.080078	-36.809731
8817.846680	-37.095638
8828.613281	-37.327103
8839.379883	-37.117313
8850.146484	-37.330688
8860.913086	-36.570602
8871.679688	-37.554241
8882.446289	-37.083008
8893.212891	-37.481701
8903.979492	-37.363625
8914.746094	-37.353088
8925.512695	-36.815575
8936.279297	-36.295071
8947.045898	-36.946796
8957.812500	-36.749081
8968.579102	-37.001041
8979.345703	-37.364208
8990.112305	-37.128296
9000.878906	-37.702900
9011.645508	-37.139023
9022.412109	-38.022125
9033.178711	-36.817596
9043.945312	-36.644081
9054.711914	-37.617569
9065.478516	-37.161594
9076.245117	-37.364281
9087.011719	-37.189873
9097.778320	-37.203217
9108.544922	-37.450897
9119.311523	-37.210293
9130.078125	-37.291084
9140.844727	-36.788231
9151.611328	-37.042278
9162.377930	-37.257282
9173.144531	-37.288147
9183.911133	-36.643299
9194.677734	-36.756149
9205.444336	-36.905251
9216.210938	-37.107155
9226.977539	-36.347050
9237.744141	-37.029728
9248.510742	-37.658440
9259.277344	-36.633518
9270.043945	-37.199802
9280.810547	-37.485569
9291.577148	-37.287014
9302.343750	-36.808750
9313.110352	-36.470966
9323.876953	-37.260998
9334.643555	-37.297417
9345.410156	-37.482723
9356.176758	-36.895329
9366.943359	-37.420498
9377.709961	-36.613831
9388.476562	-37.284130
9399.243164	-36.944763
9410.009766	-36.636459
9420.776367	-36.861053
9431.542969	-36.829788
9442.309570	-36.814960
9453.076172	-37.469437
9463.842773	-36.928169
9474.609375	-37.374424
9485.375977	-36.850197
9496.142578	-36.677727
9506.909180	-36.600853
9517.675781	-37.061996
9528.442383	-36.757751
9539.208984	-37.080032
9549.975586	-37.449829
9560.742188	-36.379665
9571.508789	-37.173512
9582.275391	-37.020432
9593.041992	-36.972809
9603.808594	-36.693302
9614.575195	-37.106056
9625.341797	-37.881279
9636.108398	-37.909008
9646.875000	-37.268497
9657.641602	-37.341068
9668.408203	-37.557518
9679.174805	-37.462387
9689.941406	-37.091873
9700.708008	-36.832954
9711.474609	-37.274113
9722.241211	-37.329296
9733.007812	-37.429733
9743.774414	-37.108356
9754.541016	-37.688164
9765.307617	-37.457111
9776.074219	-36.911282
9786.840820	-37.548698
9797.607422	-37.389454
9808.374023	-37.882153
9819.140625	-37.479233
9829.907227	-37.745037
9840.673828	-36.901184
9851.440430	-37.742748
9862.207031	-37.090469
9872.973633	-37.821278
9883.740234	-38.152580
9894.506836	-37.047070
9905.273438	-37.057434
9916.040039	-37.523556
9926.806641	-37.213196
9937.573242	-37.722404
9948.339844	-37.807110
9959.106445	-37.200279
9969.873047	-37.990154
9980.639648	-36.970020
9991.406250	-37.761318
10002.172852	-37.404030
10012.939453	-37.558250
10023.706055	-38.206078
10034.472656	-38.005627
10045.239258	-37.921707
10056.005859	-37.653751
10066.772461	-37.921318
10077.539062	-38.245667
10088.305664	-37.491268
10099.072266	-37.938103
10109.838867	-38.257236
10120.605469	-37.764477
10131.372070	-38.425556
10142.138672	-38.393307
10152.905273	-37.350868
10163.671875	-38.633987
10174.438477	-38.696117
10185.205078	-38.472649
10195.971680	-38.872856
10206.738281	-38.129265
10217.504883	-38.139088
10228.271484	-39.060089
10239.038086	-38.073063
10249.804688	-38.511921
10260.571289	-39.566307
10271.337891	-38.341858
10282.104492	-38.114559
10292.871094	-39.097504
10303.637695	-39.267723
10314.404297	-38.386658
10325.170898	-38.121605
10335.937500	-38.695328
10346.704102	-38.417889
10357.470703	-38.798092
10368.237305	-39.074242
10379.003906	-38.971226
10389.770508	-39.730637
10400.537109	-39.588020
10411.303711	-39.392879
10422.070312	-39.559692
10432.836914	-39.366722
10443.603516	-38.789593
10454.370117	-39.617119
10465.136719	-38.781010
10475.903320	-39.382019
10486.669922	-39.907574
10497.436523	-39.795025
10508.203125	-39.312977
10518.969727	-38.994904
10529.736328	-39.528393
10540.502930	-39.384529
10551.269531	-39.529369
10562.036133	-39.849445
10572.802734	-40.033230
10583.569336	-39.700687
10594.335938	-40.247208
10605.102539	-40.021660
10615.869141	-39.965504
10626.635742	-39.823250
10637.402344	-39.898315
10648.168945	-40.585968
10658.935547	-39.995472
10669.702148	-39.749996
10680.468750	-40.415852
10691.235352	-40.313980
10702.001953	-40.403973
10712.768555	-41.285992
10723.535156	-41.005558
10734.301758	-40.652813
10745.068359	-41.000950
10755.834961	-40.486755
10766.601562	-41.110710
10777.368164	-40.877380
10788.134766	-40.977230
10798.901367	-41.266266
10809.667969	-41.264942
10820.434570	-41.942505
10831.201172	-41.619659
10841.967773	-41.506443
10852.734375	-41.974689
10863.500977	-41.708130
10874.267578	-41.734291
10885.034180	-42.335712
10895.800781	-41.915340
10906.567383	-42.610886
10917.333984	-42.293415
10928.100586	-43.071877
10938.867188	-42.208023
10949.633789	-42.378193
10960.400391	-42.133625
10971.166992	-42.462708
10981.933594	-42.572338
10992.700195	-42.584591
11003.466797	-43.419941
11014.233398	-43.291386
11025.000000	-43.562584
11035.766602	-43.480839
11046.533203	-43.927502
11057.299805	-44.078106
11068.066406	-43.649830
11078.833008	-44.108372
11089.599609	-43.465054
11100.366211	-43.968315
11111.132812	-44.584591
11121.899414	-44.269562
11132.666016	-44.339066
11143.432617	-44.263615
11154.199219	-44.015511
11164.965820	-44.411400
11175.732422	-44.029629
11186.499023	-45.044697
11197.265625	-44.969273
11208.032227	-45.249569
11218.798828	-45.194195
11229.565430	-45.076351
11240.332031	-45.303215
11251.098633	-45.746895
11261.865234	-45.814148
11272.631836	-46.129066
11283.398438	-45.559269
11294.165039	-45.943108
11304.931641	-46.065613
11315.698242	-46.189804
11326.464844	-46.110477
11337.231445	-46.681469
11347.998047	-46.438889
11358.764648	-47.275620
11369.531250	-46.546032
11380.297852	-46.962955
11391.064453	-47.395180
11401.831055	-47.702579
11412.597656	-47.044369
11423.364258	-47.206215
11434.130859	-47.495560
11444.897461	-47.534306
11455.664062	-47.336113
11466.430664	-48.683018
11477.197266	-48.763035
11487.963867	-48.281860
11498.730469	-48.990620
11509.497070	-48.627907
11520.263672	-49.166172
11531.030273	-49.846596
11541.796875	-49.505653
11552.563477	-50.005035
11563.330078	-50.323448
11574.096680	-49.626076
11584.863281	-49.788502
11595.629883	-50.320602
11606.396484	-50.989174
11617.163086	-50.742920
11627.929688	-50.752731
11638.696289	-51.217453
11649.462891	-51.437302
11660.229492	-50.855431
11670.996094	-52.253597
11681.762695	-51.377563
11692.529297	-52.150749
11703.295898	-52.772831
11714.062500	-52.163452
11724.829102	-52.684513
11735.595703	-53.157990
11746.362305	-52.997032
11757.128906	-52.681137
11767.895508	-52.744606
11778.662109	-53.816021
11789.428711	-53.804737
11800.195312	-54.583900
11810.961914	-54.250511
11821.728516	-55.058594
11832.495117	-55.099987
11843.261719	-55.350525
11854.028320	-56.063171
11864.794922	-55.621475
11875.561523	-55.302231
11886.328125	-56.685246
11897.094727	-55.946236
11907.861328	-56.403229
11918.627930	-56.823582
11929.394531	-57.021912
11940.161133	-58.141537
11950.927734	-57.763489
11961.694336	-57.880894
11972.460938	-57.838013
11983.227539	-58.754620
11993.994141	-58.964985
12004.760742	-59.088039
12015.527344	-58.914925
12026.293945	-60.284367
12037.060547	-60.465401
12047.827148	-60.243107
12058.593750	-60.857895
12069.360352	-61.434364
12080.126953	-61.056007
12090.893555	-63.104340
12101.660156	-62.249062
12112.426758	-62.688023
12123.193359	-62.896923
12133.959961	-62.857182
12144.726562	-63.865540
12155.493164	-64.527344
12166.259766	-65.253990
12177.026367	-65.776566
12187.792969	-65.643219
12198.559570	-66.668846
12209.326172	-67.077469
12220.092773	-67.252701
12230.859375	-67.712112
12241.625977	-68.336655
12252.392578	-69.127762
12263.159180	-69.769341
12273.925781	-69.852974
12284.692383	-70.662125
12295.458984	-71.509094
12306.225586	-72.803688
12316.992188	-72.963631
12327.758789	-74.456352
12338.525391	-74.779701
12349.291992	-75.127762
12360.058594	-76.608749
12370.825195	-77.877754
12381.591797	-78.701706
12392.358398	-80.560356
12403.125000	-81.287910
12413.891602	-82.961731
12424.658203	-85.772087
12435.424805	-87.854225
12446.191406	-91.677589
12456.958008	-98.967987
12467.724609	-108.584595
12478.491211	-96.244987
12489.257812	-91.645683
12500.024414	-89.337494
12510.791016	-86.321342
12521.557617	-84.950302
12532.324219	-83.972382
12543.090820	-82.451141
12553.857422	-81.192970
12564.624023	-80.572914
12575.390625	-79.266617
12586.157227	-78.982277
12596.923828	-79.414574
12607.690430	-79.036270
12618.457031	-78.034431
12629.223633	-77.266006
12639.990234	-76.619392
12650.756836	-77.115074
12661.523438	-76.307259
12672.290039	-76.089539
12683.056641	-76.991386
12693.823242	-76.553612
12704.589844	-76.123100
12715.356445	-75.245720
12726.123047	-75.947243
12736.889648	-76.520584
12747.656250	-76.188919
12758.422852	-75.310852
12769.189453	-75.403358
12779.956055	-75.569656
12790.722656	-75.064537
12801.489258	-75.155037
12812.255859	-75.429802
12823.022461	-75.400658
12833.789062	-75.090630
12844.555664	-75.155327
12855.322266	-75.459435
12866.088867	-75.543976
12876.855469	-76.066772
12887.622070	-75.676598
12898.388672	-76.675354
12909.155273	-76.461830
12919.921875	-76.050522
12930.688477	-76.607018
12941.455078	-76.285538
12952.221680	-76.529053
12962.988281	-76.776596
12973.754883	-77.174957
12984.521484	-77.602036
12995.288086	-77.887291
13006.054688	-77.701508
13016.821289	-78.252419
13027.587891	-79.543472
13038.354492	-78.809090
13049.121094	-79.300148
13059.887695	-80.100319
13070.654297	-80.118599
13081.420898	-80.907639
13092.187500	-81.553474
13102.954102	-81.866043
13113.720703	-82.652657
13124.487305	-82.850372
13135.253906	-84.066544
13146.020508	-84.621193
13156.787109	-85.411995
13167.553711	-86.754341
13178.320312	-87.857246
13189.086914	-88.856659
13199.853516	-90.209526
13210.620117	-91.817535
13221.386719	-94.172905
13232.153320	-97.007080
13242.919922	-101.165688
13253.686523	-108.175140
13264.453125	-112.206299
13275.219727	-103.036674
13285.986328	-98.265396
13296.752930	-94.522057
13307.519531	-92.882187
13318.286133	-90.719147
13329.052734	-89.376724
13339.819336	-88.084190
13350.585938	-86.649773
13361.352539	-85.883560
13372.119141	-85.066559
13382.885742	-84.707359
13393.652344	-83.746788
13404.418945	-82.884941
13415.185547	-82.654388
13425.952148	-82.224930
13436.718750	-81.036522
13447.485352	-80.879898
13458.251953	-80.932274
13469.018555	-80.143036
13479.785156	-79.870605
13490.551758	-79.411049
13501.318359	-79.309563
13512.084961	-78.676628
13522.851562	-78.582787
13533.618164	-77.794357
13544.384766	-78.384872
13555.151367	-77.669853
13565.917969	-78.410530
13576.684570	-77.721046
13587.451172	-77.042007
13598.217773	-76.929794
13608.984375	-77.402374
13619.750977	-77.151321
13630.517578	-76.472542
13641.284180	-75.932533
13652.050781	-75.997604
13662.817383	-75.813255
13673.583984	-76.205299
13684.350586	-75.950729
13695.117188	-75.836044
13705.883789	-75.418076
13716.650391	-76.275322
13727.416992	-75.943939
13738.183594	-74.959297
13748.950195	-76.039200
13759.716797	-75.721092
13770.483398	-75.937790
13781.250000	-75.252487
13792.016602	-74.911919
13802.783203	-74.786438
13813.549805	-74.970222
13824.316406	-75.096100
13835.083008	-75.722900
13845.849609	-75.530540
13856.616211	-75.261543
13867.382812	-75.498337
13878.149414	-75.273109
13888.916016	-75.628281
13899.682617	-76.066772
13910.449219	-75.039368
13921.215820	-75.706940
13931.982422	-75.727554
13942.749023	-75.838699
13953.515625	-75.610489
13964.282227	-75.926590
13975.048828	-75.539787
13985.815430	-76.108620
13996.582031	-76.589218
14007.348633	-76.864761
14018.115234	-76.595993
14028.881836	-77.213875
14039.648438	-76.374985
14050.415039	-77.216232
14061.181641	-77.108101
14071.948242	-77.817146
14082.714844	-77.600533
14093.481445	-77.939667
14104.248047	-77.826004
14115.014648	-78.756836
14125.781250	-78.598030
14136.547852	-79.122467
14147.314453	-78.371407
14158.081055	-79.376587
14168.847656	-79.143394
14179.614258	-79.509132
14190.380859	-79.918991
14201.147461	-80.863052
14211.914062	-80.848289
14222.680664	-81.420570
14233.447266	-81.280701
14244.213867	-82.233742
14254.980469	-82.330544
14265.747070	-82.400421
14276.513672	-83.989174
14287.280273	-83.951408
14298.046875	-84.827477
14308.813477	-85.573387
14319.580078	-86.554115
14330.346680	-87.644630
14341.113281	-88.593170
14351.879883	-89.486671
14362.646484	-90.961151
14373.413086	-91.853905
14384.179688	-93.956558
14394.946289	-96.515343
14405.712891	-99.383789
14416.479492	-103.696709
14427.246094	-113.306969
14438.012695	-110.251755
14448.779297	-103.320335
14459.545898	-98.351646
14470.312500	-95.434158
14481.079102	-94.005119
14491.845703	-91.973923
14502.612305	-90.929565
14513.378906	-88.833748
14524.145508	-88.299896
14534.912109	-87.000557
14545.678711	-87.065941
14556.445312	-86.057587
14567.211914	-85.222122
14577.978516	-84.484505
14588.745117	-84.059364
14599.511719	-83.107056
14610.278320	-82.188316
14621.044922	-82.489410
14631.811523	-81.741394
14642.578125	-81.477409
14653.344727	-81.892700
14664.111328	-80.567795
14674.877930	-80.021004
14685.644531	-80.350891
14696.411133	-79.687164
14707.177734	-79.668358
14717.944336	-79.870407
14728.710938	-79.049774
14739.477539	-78.769676
14750.244141	-78.643013
14761.010742	-77.729614
14771.777344	-77.787148
14782.543945	-78.167557
14793.310547	-77.888481
14804.077148	-77.261047
14814.843750	-77.728851
14825.610352	-76.974365
14836.376953	-77.001701
14847.143555	-76.333405
14857.910156	-77.158455
14868.676758	-76.589478
14879.443359	-76.833412
14890.209961	-75.920509
14900.976562	-76.348778
14911.743164	-76.015251
14922.509766	-75.971710
14933.276367	-76.516319
14944.042969	-76.212257
14954.809570	-76.131821
14965.576172	-75.982651
14976.342773	-75.348114
14987.109375	-75.468994
14997.875977	-76.302780
15008.642578	-75.945457
15019.409180	-75.280113
15030.175781	-75.035667
15040.942383	-75.554665
15051.708984	-75.389542
15062.475586	-75.628792
15073.242188	-75.475876
15084.008789	-74.714203
15094.775391	-75.561562
15105.541992	-75.691269
15116.308594	-74.853432
15127.075195	-75.942032
15137.841797	-76.408485
15148.608398	-75.321022
15159.375000	-75.392174
15170.141602	-75.782600
15180.908203	-76.060898
15191.674805	-75.867981
15202.441406	-76.079727
15213.208008	-76.111580
15223.974609	-75.095680
15234.741211	-75.847198
15245.507812	-75.769730
15256.274414	-76.062584
15267.041016	-76.639679
15277.807617	-77.083023
15288.574219	-77.214226
15299.340820	-76.996964
15310.107422	-76.200233
15320.874023	-76.895386
15331.640625	-77.167015
15342.407227	-76.638023
15353.173828	-77.534798
15363.940430	-77.326965
15374.707031	-78.250320
15385.473633	-77.947098
15396.240234	-77.700043
15407.006836	-78.722427
15417.773438	-79.539543
15428.540039	-78.930099
15439.306641	-79.003555
15450.073242	-79.018005
15460.839844	-79.832603
15471.606445	-80.014915
15482.373047	-80.829536
15493.139648	-79.989944
15503.906250	-80.785828
15514.672852	-81.213432
15525.439453	-81.538383
15536.206055	-81.635475
15546.972656	-83.086922
15557.739258	-83.445145
15568.505859	-84.085648
15579.272461	-83.886620
15590.039062	-85.012329
15600.805664	-84.880898
15611.572266	-85.954353
15622.338867	-86.830284
15633.105469	-87.175224
15643.872070	-88.854324
15654.638672	-89.501022
15665.405273	-90.988350
15676.171875	-92.072426
15686.938477	-93.634727
15697.705078	-95.004189
15708.471680	-97.119888
15719.238281	-101.297630
15730.004883	-106.364647
15740.771484	-119.084496
15751.538086	-107.661369
15762.304688	-101.860764
15773.071289	-98.191727
15783.837891	-95.481979
15794.604492	-94.201088
15805.371094	-92.224442
15816.137695	-90.846588
15826.904297	-89.671379
15837.670898	-88.331482
15848.437500	-87.217529
15859.204102	-86.378189
15869.970703	-85.613014
15880.737305	-85.250664
15891.503906	-84.717224
15902.270508	-83.503601
15913.037109	-84.178665
15923.803711	-83.690361
15934.570312	-82.573418
15945.336914	-82.869682
15956.103516	-81.498642
15966.870117	-81.128456
15977.636719	-80.889694
15988.403320	-80.609268
15999.169922	-79.869308
16009.936523	-80.588303
16020.703125	-80.014465
16031.469727	-79.864433
16042.236328	-79.515388
16053.002930	-78.847061
16063.769531	-78.538689
16074.536133	-78.818771
16085.302734	-78.141747
16096.069336	-78.268280
16106.835938	-78.379669
16117.602539	-77.969917
16128.369141	-77.099648
16139.135742	-77.237373
16149.902344	-77.031929
16160.668945	-76.780258
16171.435547	-76.431229
16182.202148	-76.753014
16192.968750	-76.626656
16203.735352	-76.905281
16214.501953	-76.281830
16225.268555	-76.112549
16236.035156	-75.448189
16246.801758	-76.323387
16257.568359	-76.134811
16268.334961	-76.238983
16279.101562	-75.833427
16289.868164	-76.516754
16300.634766	-75.728546
16311.401367	-75.955215
16322.167969	-75.642982
16332.934570	-75.078346
16343.701172	-75.232971
16354.467773	-75.279182
16365.234375	-75.103416
16376.000977	-75.354988
16386.767578	-75.263237
16397.534180	-74.786186
16408.300781	-75.065750
16419.067383	-75.325645
16429.833984	-75.455040
16440.600586	-75.315132
16451.367188	-74.796783
16462.133789	-75.369652
16472.900391	-75.751091
16483.666992	-74.790024
16494.433594	-75.774979
16505.200195	-75.764229
16515.966797	-75.574768
16526.733398	-75.440704
16537.500000	-75.733681
16548.266602	-75.741447
16559.033203	-75.938278
16569.799805	-75.639069
16580.566406	-75.894661
16591.333008	-75.829262
16602.099609	-76.018745
16612.866211	-75.975845
16623.632812	-76.299416
16634.399414	-76.369812
16645.166016	-75.842628
16655.932617	-76.575851
16666.699219	-76.888641
16677.465820	-76.832123
16688.232422	-77.357178
16698.999023	-77.301819
16709.765625	-77.179054
16720.532227	-77.330894
16731.298828	-77.817940
16742.065430	-78.292915
16752.832031	-77.967537
16763.598633	-78.496201
16774.365234	-78.608269
16785.131836	-78.756775
16795.898438	-78.632278
16806.665039	-78.968781
16817.431641	-79.622841
16828.198242	-79.995720
16838.964844	-81.123566
16849.731445	-80.243675
16860.498047	-80.835396
16871.264648	-81.641167
16882.031250	-81.627228
16892.797852	-81.659821
16903.564453	-81.810738
16914.331055	-82.618950
16925.097656	-82.886139
16935.864258	-83.608383
16946.630859	-83.568008
16957.397461	-84.512375
16968.164062	-85.388512
16978.930664	-86.020401
16989.697266	-86.428055
17000.463867	-87.680237
17011.230469	-88.615387
17021.997070	-89.057068
17032.763672	-90.386398
17043.530273	-91.411850
17054.296875	-92.475204
17065.063477	-94.286491
17075.830078	-97.382957
17086.596680	-99.967514
17097.363281	-104.482742
17108.129883	-114.281898
17118.896484	-111.352150
17129.663086	-104.095772
17140.429688	-99.048744
17151.196289	-96.786423
17161.962891	-94.634598
17172.729492	-92.831329
17183.496094	-91.453285
17194.262695	-90.290947
17205.029297	-89.027115
17215.795898	-88.480202
17226.562500	-86.893997
17237.329102	-86.413727
17248.095703	-85.391426
17258.862305	-85.829491
17269.628906	-84.635239
17280.395508	-84.075798
17291.162109	-83.610657
17301.928711	-82.400749
17312.695312	-82.360947
17323.461914	-81.928062
17334.228516	-82.212036
17344.995117	-81.240829
17355.761719	-81.168777
17366.528320	-80.890511
17377.294922	-80.412521
17388.061523	-80.589851
17398.828125	-79.953880
17409.594727	-79.115654
17420.361328	-79.729118
17431.127930	-78.938560
17441.894531	-79.237442
17452.661133	-78.739449
17463.427734	-77.935356
17474.194336	-78.372345
17484.960938	-77.878853
17495.727539	-78.064079
17506.494141	-77.562675
17517.260742	-77.670212
17528.027344	-78.175941
17538.793945	-77.042099
17549.560547	-76.829056
17560.327148	-76.952652
17571.093750	-77.201714
17581.860352	-76.328339
17592.626953	-76.674904
17603.393555	-77.002808
17614.160156	-76.309875
17624.926758	-76.772491
17635.693359	-75.453880
17646.459961	-76.343163
17657.226562	-75.232361
17667.993164	-75.870995
17678.759766	-76.076302
17689.526367	-75.695747
17700.292969	-75.822769
17711.059570	-75.745270
17721.826172	-75.856178
17732.592773	-75.490250
17743.359375	-75.051079
17754.125977	-75.363739
17764.892578	-75.402328
17775.659180	-75.609329
17786.425781	-75.436165
17797.192383	-75.003937
17807.958984	-75.028648
17818.725586	-75.386971
17829.492188	-75.687317
17840.258789	-74.927155
17851.025391	-74.971741
17861.791992	-75.358055
17872.558594	-75.894943
17883.325195	-75.299080
17894.091797	-76.101288
17904.858398	-75.526306
17915.625000	-75.422897
17926.391602	-75.923637
17937.158203	-76.522583
17947.924805	-75.477043
17958.691406	-75.997650
17969.458008	-76.275940
17980.224609	-75.830315
17990.991211	-75.672371
18001.757812	-76.348175
18012.524414	-76.167587
18023.291016	-76.452888
18034.057617	-77.034325
18044.824219	-76.313461
18055.590820	-76.765518
18066.357422	-76.545059
18077.124023	-77.731087
18087.890625	-76.967628
18098.657227	-77.678680
18109.423828	-77.151131
18120.190430	-77.727104
18130.957031	-78.002510
18141.723633	-77.920540
18152.490234	-77.993881
18163.256836	-78.431511
18174.023438	-78.515068
18184.790039	-78.388107
18195.556641	-79.771484
18206.323242	-79.588081
18217.089844	-79.815979
18227.856445	-80.065186
18238.623047	-80.103325
18249.389648	-80.665131
18260.156250	-80.241318
18270.922852	-81.836441
18281.689453	-81.264549
18292.456055	-81.333588
18303.222656	-82.907089
18313.989258	-83.030388
18324.755859	-83.690414
18335.522461	-83.595512
18346.289062	-84.294220
18357.055664	-84.540573
18367.822266	-85.175529
18378.588867	-85.740189
18389.355469	-86.788147
18400.122070	-87.927727
18410.888672	-88.413597
18421.655273	-89.591141
18432.421875	-90.427956
18443.188477	-92.405159
18453.955078	-92.815285
18464.721680	-95.411804
18475.488281	-97.207283
18486.254883	-100.472038
18497.021484	-105.803009
18507.788086	-117.736862
18518.554688	-108.593361
18529.321289	-102.574440
18540.087891	-98.368599
18550.854492	-96.700165
18561.621094	-93.804337
18572.387695	-92.226028
18583.154297	-91.191811
18593.920898	-90.223198
18604.687500	-89.120079
18615.454102	-87.666847
18626.220703	-87.524094
18636.987305	-86.115181
18647.753906	-85.869507
18658.520508	-84.487694
18669.287109	-84.541870
18680.053711	-84.168091
18690.820312	-83.578239
18701.586914	-82.958160
18712.353516	-82.518097
18723.120117	-81.842552
18733.886719	-81.658859
18744.653320	-81.471237
18755.419922	-80.623001
18766.186523	-80.965698
18776.953125	-80.809891
18787.719727	-80.225128
18798.486328	-79.747734
18809.252930	-79.526283
18820.019531	-79.239853
18830.786133	-78.928070
18841.552734	-79.312813
18852.319336	-78.547958
18863.085938	-78.513664
18873.852539	-78.482468
18884.619141	-77.193268
18895.385742	-77.473358
18906.152344	-77.473030
18916.918945	-77.148651
18927.685547	-76.957451
18938.452148	-77.029770
18949.218750	-77.656738
18959.985352	-76.552879
18970.751953	-77.019264
18981.518555	-76.587151
18992.285156	-76.502968
19003.051758	-76.675148
19013.818359	-75.896805
19024.584961	-76.039879
19035.351562	-76.244194
19046.118164	-76.053223
19056.884766	-75.737358
19067.651367	-75.811592
19078.417969	-75.381226
19089.184570	-75.737495
19099.951172	-75.608841
19110.717773	-75.707642
19121.484375	-75.665726
19132.250977	-75.907547
19143.017578	-75.726677
19153.784180	-75.624428
19164.550781	-75.798058
19175.317383	-75.607681
19186.083984	-74.944138
19196.850586	-75.525093
19207.617188	-75.173721
19218.383789	-75.440178
19229.150391	-74.993050
19239.916992	-74.725731
19250.683594	-75.597160
19261.450195	-75.368866
19272.216797	-75.075226
19282.983398	-75.869881
19293.750000	-75.305824
19304.516602	-75.526337
19315.283203	-76.367455
19326.049805	-75.477577
19336.816406	-75.195427
19347.583008	-75.559814
19358.349609	-75.354568
19369.116211	-75.612770
19379.882812	-75.774429
19390.649414	-75.473007
19401.416016	-76.213692
19412.182617	-75.867958
19422.949219	-76.084023
19433.715820	-77.212799
19444.482422	-76.738892
19455.249023	-76.326324
19466.015625	-76.422508
19476.782227	-76.498276
19487.548828	-76.883568
19498.315430	-77.091949
19509.082031	-77.825012
19519.848633	-78.007965
19530.615234	-77.783554
19541.381836	-78.548378
19552.148438	-77.941750
19562.915039	-79.010414
19573.681641	-79.238556
19584.448242	-78.765411
19595.214844	-78.591125
19605.981445	-79.352989
19616.748047	-79.848610
19627.514648	-79.643547
19638.281250	-80.002464
19649.047852	-79.991974
19659.814453	-80.718834
19670.581055	-81.151062
19681.347656	-81.194481
19692.114258	-81.263130
19702.880859	-82.253937
19713.647461	-81.969460
19724.414062	-82.787590
19735.180664	-83.474518
19745.947266	-84.133316
19756.713867	-84.132416
19767.480469	-84.988022
19778.247070	-85.298065
19789.013672	-86.382523
19799.780273	-86.801888
19810.546875	-87.955658
19821.313477	-88.030136
19832.080078	-89.677101
19842.846680	-90.668953
19853.613281	-92.125427
19864.379883	-93.857956
19875.146484	-95.371819
19885.913086	-97.434700
19896.679688	-100.478798
19907.446289	-105.321953
19918.212891	-115.631256
19928.979492	-110.959084
19939.746094	-103.603729
19950.512695	-99.552620
19961.279297	-96.250427
19972.045898	-94.459259
19982.812500	-92.808022
19993.579102	-91.546234
20004.345703	-90.057327
20015.112305	-88.849358
20025.878906	-88.868134
20036.645508	-87.340065
20047.412109	-86.360199
20058.178711	-85.096405
20068.945312	-85.476044
20079.711914	-84.885895
20090.478516	-84.388687
20101.245117	-83.501167
20112.011719	-83.738930
20122.778320	-82.846275
20133.544922	-82.243683
20144.311523	-81.663361
20155.078125	-81.816734
20165.844727	-81.587868
20176.611328	-80.642593
20187.377930	-80.793800
20198.144531	-80.075882
20208.911133	-80.361343
20219.677734	-79.796547
20230.444336	-79.728340
20241.210938	-78.966133
20251.977539	-78.943512
20262.744141	-78.291664
20273.510742	-78.546272
20284.277344	-77.975250
20295.043945	-78.417122
20305.810547	-77.305595
20316.577148	-77.825073
20327.343750	-77.039055
20338.110352	-77.900734
20348.876953	-77.243095
20359.643555	-76.923935
20370.410156	-77.595535
20381.176758	-76.440125
20391.943359	-77.099098
20402.709961	-76.878761
20413.476562	-75.986496
20424.243164	-76.926590
20435.009766	-76.114517
20445.776367	-76.261482
20456.542969	-75.843529
20467.309570	-76.533882
20478.076172	-75.793564
20488.842773	-76.228035
20499.609375	-76.130951
20510.375977	-76.371323
20521.142578	-75.272179
20531.909180	-75.563141
20542.675781	-75.360741
20553.442383	-75.454712
20564.208984	-75.569252
20574.975586	-75.639046
20585.742188	-75.460037
20596.508789	-75.295799
20607.275391	-75.393181
20618.041992	-75.563255
20628.808594	-75.999710
20639.575195	-76.106758
20650.341797	-75.004005
20661.108398	-75.034218
20671.875000	-74.856102
20682.641602	-75.031883
20693.408203	-75.805969
20704.174805	-75.843231
20714.941406	-75.508415
20725.708008	-75.197731
20736.474609	-75.517220
20747.241211	-76.200851
20758.007812	-75.413620
20768.774414	-76.306717
20779.541016	-75.689186
20790.307617	-76.036728
20801.074219	-76.427956
20811.840820	-75.788017
20822.607422	-76.438232
20833.374023	-76.138832
20844.140625	-76.653328
20854.907227	-76.100838
20865.673828	-76.838539
20876.440430	-76.469177
20887.207031	-76.655563
20897.973633	-77.137329
20908.740234	-76.581894
20919.506836	-77.578995
20930.273438	-77.814735
20941.040039	-77.817070
20951.806641	-77.600121
20962.573242	-77.748505
20973.339844	-78.434402
20984.106445	-78.137039
20994.873047	-78.509331
21005.639648	-78.364220
21016.406250	-79.428635
21027.172852	-79.577286
21037.939453	-80.090912
21048.706055	-79.730385
21059.472656	-79.967896
21070.239258	-80.383385
21081.005859	-80.926468
21091.772461	-81.027290
21102.539062	-81.443787
21113.305664	-81.408707
21124.072266	-82.002289
21134.838867	-82.877876
21145.605469	-82.757431
21156.372070	-83.177330
21167.138672	-83.995514
21177.905273	-84.812675
21188.671875	-85.918076
21199.438477	-85.534996
21210.205078	-86.679794
21220.971680	-87.139259
21231.738281	-87.425232
21242.504883	-88.343597
21253.271484	-89.235680
21264.038086	-91.214340
21274.804688	-91.876717
21285.571289	-94.138924
21296.337891	-95.747787
21307.104492	-98.165382
21317.871094	-101.567070
21328.637695	-107.361786
21339.404297	-120.099991
21350.170898	-108.013100
21360.937500	-102.063309
21371.704102	-97.983452
21382.470703	-96.462517
21393.237305	-93.838593
21404.003906	-92.684998
21414.770508	-91.493927
21425.537109	-90.031799
21436.303711	-88.600998
21447.070312	-87.996048
21457.836914	-87.157265
21468.603516	-86.586143
21479.370117	-85.715286
21490.136719	-85.240440
21500.903320	-84.608368
21511.669922	-83.335068
21522.436523	-83.369995
21533.203125	-83.138947
21543.969727	-83.210670
21554.736328	-82.853531
21565.502930	-81.520096
21576.269531	-80.967926
21587.036133	-80.737167
21597.802734	-79.965599
21608.569336	-79.755089
21619.335938	-80.372139
21630.102539	-79.850212
21640.869141	-79.344978
21651.635742	-79.011330
21662.402344	-78.851006
21673.168945	-78.530617
21683.935547	-78.588226
21694.702148	-77.709793
21705.468750	-78.367958
21716.235352	-77.844521
21727.001953	-78.053032
21737.768555	-78.184830
21748.535156	-77.351456
21759.301758	-77.203575
21770.068359	-77.294746
21780.834961	-76.834557
21791.601562	-76.636070
21802.368164	-76.690269
21813.134766	-76.000740
21823.901367	-76.646744
21834.667969	-76.454987
21845.434570	-76.005699
21856.201172	-76.148170
21866.967773	-75.454994
21877.734375	-75.313423
21888.500977	-76.040146
21899.267578	-75.238785
21910.034180	-75.926331
21920.800781	-75.802643
21931.567383	-75.514839
21942.333984	-75.800301
21953.100586	-75.886375
21963.867188	-75.369209
21974.633789	-75.224327
21985.400391	-75.632851
21996.166992	-76.030052
22006.933594	-75.476265
22017.700195	-75.478302
22028.466797	-74.620255
22039.233398	-75.174568
