Frequency (Hz)	Level (dB)
21.533203	-33.110252
43.066406	-33.164223
64.599609	-33.613441
86.132812	-33.100513
107.666016	-32.909313
129.199219	-33.034496
150.732422	-32.730286
172.265625	-33.089413
193.798828	-33.319759
215.332031	-33.114346
236.865234	-33.132107
258.398438	-33.336922
279.931641	-33.137371
301.464844	-33.139938
322.998047	-33.216553
344.531250	-33.145271
366.064453	-33.348267
387.597656	-33.147541
409.130859	-32.866760
430.664062	-32.905243
452.197266	-33.070747
473.730469	-33.010033
495.263672	-33.261150
516.796875	-33.187958
538.330078	-33.151665
559.863281	-33.175999
581.396484	-33.194027
602.929688	-33.228699
624.462891	-33.088890
645.996094	-33.356567
667.529297	-33.314411
689.062500	-33.095173
710.595703	-32.944054
732.128906	-33.010532
753.662109	-33.100346
775.195312	-32.943966
796.728516	-33.045464
818.261719	-33.085075
839.794922	-33.094887
861.328125	-33.281116
882.861328	-33.439491
904.394531	-33.235542
925.927734	-33.098419
947.460938	-33.100845
968.994141	-33.003399
990.527344	-33.210869
1012.060547	-33.218311
1033.593750	-33.014027
1055.126953	-33.066601
1076.660156	-33.006798
1098.193359	-33.338867
1119.726562	-33.286530
1141.259766	-33.132244
1162.792969	-33.088608
1184.326172	-33.244480
1205.859375	-33.179630
1227.392578	-33.136333
1248.925781	-33.278088
1270.458984	-33.104065
1291.992188	-33.281456
1313.525391	-33.041859
1335.058594	-32.948311
1356.591797	-33.147434
1378.125000	-33.080204
1399.658203	-33.041515
1421.191406	-33.084587
1442.724609	-33.266922
1464.257812	-33.310070
1485.791016	-33.307339
1507.324219	-33.199295
1528.857422	-33.218750
1550.390625	-33.239723
1571.923828	-33.275341
1593.457031	-33.118584
1614.990234	-33.055214
1636.523438	-33.182640
1658.056641	-33.046299
1679.589844	-33.128399
1701.123047	-32.907837
1722.656250	-33.165001
1744.189453	-33.421715
1765.722656	-33.118347
1787.255859	-32.749409
1808.789062	-32.922760
1830.322266	-32.856815
1851.855469	-33.158852
1873.388672	-33.141678
1894.921875	-33.251705
1916.455078	-33.139519
1937.988281	-32.950680
1959.521484	-33.025936
1981.054688	-32.833366
2002.587891	-32.952991
2024.121094	-33.023338
2045.654297	-32.966358
2067.187500	-33.014515
2088.720703	-33.305370
2110.253906	-33.249100
2131.787109	-33.046009
2153.320312	-33.098171
2174.853516	-33.001404
2196.386719	-33.262798
2217.919922	-33.235825
2239.453125	-33.488693
2260.986328	-33.595383
2282.519531	-33.296597
2304.052734	-33.496758
2325.585938	-33.203876
2347.119141	-33.021542
2368.652344	-33.185764
2390.185547	-33.092388
2411.718750	-32.817665
2433.251953	-32.847801
2454.785156	-33.020824
2476.318359	-33.163475
2497.851562	-32.934566
2519.384766	-32.975273
2540.917969	-33.400536
2562.451172	-33.369038
2583.984375	-33.353867
2605.517578	-33.272030
2627.050781	-33.108162
2648.583984	-33.063896
2670.117188	-32.875843
2691.650391	-32.782124
2713.183594	-33.063419
2734.716797	-33.178173
2756.250000	-33.213131
2777.783203	-33.163460
2799.316406	-33.049053
2820.849609	-32.954441
2842.382812	-33.235115
2863.916016	-33.223221
2885.449219	-33.132099
2906.982422	-33.062527
2928.515625	-32.937149
2950.048828	-33.113853
2971.582031	-33.224602
2993.115234	-33.073963
3014.648438	-33.072178
3036.181641	-32.979248
3057.714844	-33.160522
3079.248047	-33.145252
3100.781250	-33.001072
3122.314453	-33.164646
3143.847656	-33.216145
3165.380859	-32.896671
3186.914062	-32.717091
3208.447266	-32.901302
3229.980469	-33.126888
3251.513672	-33.198925
3273.046875	-33.114105
3294.580078	-32.966393
3316.113281	-33.200073
3337.646484	-32.963573
3359.179688	-32.749771
3380.712891	-33.185673
3402.246094	-33.168064
3423.779297	-33.232407
3445.312500	-33.256741
3466.845703	-32.998466
3488.378906	-32.857449
3509.912109	-33.355438
3531.445312	-33.591339
3552.978516	-33.378590
3574.511719	-33.150536
3596.044922	-33.220196
3617.578125	-33.017895
3639.111328	-32.851753
3660.644531	-33.284168
3682.177734	-33.309467
3703.710938	-33.037296
3725.244141	-32.868946
3746.777344	-33.070198
3768.310547	-32.998035
3789.843750	-33.130791
3811.376953	-33.168507
3832.910156	-33.120159
3854.443359	-33.005085
3875.976562	-33.187599
3897.509766	-33.554214
3919.042969	-33.184906
3940.576172	-32.967903
3962.109375	-32.925858
3983.642578	-33.057091
4005.175781	-33.091656
4026.708984	-33.150372
4048.242188	-33.232784
4069.775391	-33.274426
4091.308594	-33.461990
4112.841797	-33.187370
4134.375000	-32.968662
4155.908203	-32.946945
4177.441406	-33.002911
4198.974609	-32.884811
4220.507812	-33.083809
4242.041016	-33.353996
4263.574219	-33.176567
4285.107422	-33.107327
4306.640625	-33.151119
4328.173828	-33.076328
4349.707031	-32.967754
4371.240234	-32.921391
4392.773438	-33.307663
4414.306641	-33.271355
4435.839844	-33.205738
4457.373047	-33.094101
4478.906250	-33.129860
4500.439453	-33.162552
4521.972656	-33.190063
4543.505859	-33.056129
4565.039062	-32.775509
4586.572266	-33.021332
4608.105469	-32.944942
4629.638672	-32.843952
4651.171875	-32.951996
4672.705078	-33.127613
4694.238281	-33.107208
4715.771484	-32.999447
4737.304688	-33.107838
4758.837891	-33.355602
4780.371094	-33.284962
4801.904297	-33.208935
4823.437500	-33.132133
4844.970703	-33.159832
4866.503906	-33.393948
4888.037109	-33.149620
4909.570312	-33.082920
4931.103516	-33.384243
4952.636719	-33.318836
4974.169922	-33.422497
4995.703125	-33.359509
5017.236328	-33.050949
5038.769531	-33.053951
5060.302734	-33.046047
5081.835938	-33.182388
5103.369141	-33.358150
5124.902344	-33.305264
5146.435547	-33.228077
5167.968750	-33.270138
5189.501953	-33.081387
5211.035156	-33.122456
5232.568359	-33.090786
5254.101562	-33.219692
5275.634766	-33.230301
5297.167969	-33.053852
5318.701172	-32.989182
5340.234375	-33.048046
5361.767578	-33.078854
5383.300781	-33.423748
5404.833984	-33.319069
5426.367188	-32.948402
5447.900391	-32.886414
5469.433594	-33.019733
5490.966797	-33.088203
5512.500000	-32.986038
5534.033203	-33.204357
5555.566406	-33.113194
5577.099609	-32.907173
5598.632812	-32.994667
5620.166016	-33.003475
5641.699219	-32.869244
5663.232422	-33.049179
5684.765625	-33.318432
5706.298828	-33.388390
5727.832031	-33.240025
5749.365234	-33.089642
5770.898438	-33.384991
5792.431641	-33.333984
5813.964844	-33.303326
5835.498047	-33.310123
5857.031250	-33.239044
5878.564453	-33.115967
5900.097656	-33.144253
5921.630859	-32.936993
5943.164062	-33.002728
5964.697266	-33.017742
5986.230469	-32.933922
6007.763672	-32.996002
6029.296875	-33.263542
6050.830078	-33.292564
6072.363281	-32.927303
6093.896484	-33.021767
6115.429688	-33.200222
6136.962891	-33.405827
6158.496094	-33.135582
6180.029297	-33.100628
6201.562500	-33.136612
6223.095703	-33.186066
6244.628906	-32.983498
6266.162109	-32.780609
6287.695312	-32.940052
6309.228516	-32.963158
6330.761719	-33.210720
6352.294922	-33.295776
6373.828125	-33.157120
6395.361328	-32.997169
6416.894531	-32.965275
6438.427734	-33.148006
6459.960938	-33.136169
6481.494141	-33.328712
6503.027344	-32.972874
6524.560547	-33.001125
6546.093750	-33.098049
6567.626953	-33.568531
6589.160156	-33.326244
6610.693359	-33.040020
6632.226562	-33.058567
6653.759766	-33.174427
6675.292969	-33.191666
6696.826172	-33.258125
6718.359375	-33.147411
6739.892578	-32.752598
6761.425781	-32.935047
6782.958984	-33.344814
6804.492188	-33.043533
6826.025391	-32.687782
6847.558594	-33.087093
6869.091797	-33.042702
6890.625000	-33.073864
6912.158203	-33.123085
6933.691406	-33.097797
6955.224609	-33.136116
6976.757812	-33.024483
6998.291016	-32.975136
7019.824219	-32.834160
7041.357422	-33.001286
7062.890625	-33.317070
7084.423828	-33.498127
7105.957031	-33.539158
7127.490234	-33.402531
7149.023438	-33.210167
7170.556641	-33.352936
7192.089844	-33.385807
7213.623047	-33.190407
7235.156250	-33.211288
7256.689453	-33.267296
7278.222656	-33.176609
7299.755859	-33.179115
7321.289062	-33.153080
7342.822266	-33.006233
7364.355469	-33.112209
7385.888672	-33.103397
7407.421875	-33.128506
7428.955078	-33.154099
7450.488281	-33.189674
7472.021484	-32.859180
7493.554688	-32.910275
7515.087891	-33.140415
7536.621094	-33.021053
7558.154297	-33.046432
7579.687500	-32.830132
7601.220703	-32.856171
7622.753906	-33.154842
7644.287109	-33.299694
7665.820312	-33.040562
7687.353516	-32.886749
7708.886719	-32.952126
7730.419922	-33.029823
7751.953125	-33.157112
7773.486328	-33.246765
7795.019531	-32.885933
7816.552734	-32.907795
7838.085938	-33.138809
7859.619141	-33.156597
7881.152344	-32.909370
7902.685547	-33.021694
7924.218750	-33.237297
7945.751953	-33.083042
7967.285156	-33.130772
7988.818359	-33.134766
8010.351562	-33.237804
8031.884766	-33.358479
8053.417969	-33.282661
8074.951172	-33.022194
8096.484375	-32.810009
8118.017578	-33.075340
8139.550781	-33.331619
8161.083984	-33.171131
8182.617188	-33.160416
8204.150391	-33.329563
8225.683594	-33.227989
8247.216797	-33.426895
8268.750000	-33.134567
8290.283203	-32.902439
8311.816406	-33.044502
8333.349609	-33.263592
8354.882812	-32.972782
8376.416016	-33.117458
8397.949219	-33.243179
8419.482422	-32.998703
8441.015625	-32.961002
8462.548828	-32.981869
8484.082031	-32.951603
8505.615234	-32.938389
8527.148438	-33.068264
8548.681641	-33.115677
8570.214844	-32.988953
8591.748047	-33.039925
8613.281250	-32.756687
8634.814453	-32.890011
8656.347656	-33.118294
8677.880859	-32.906250
8699.414062	-32.963387
8720.947266	-33.028404
8742.480469	-32.977528
8764.013672	-33.072495
8785.546875	-33.270985
8807.080078	-33.154804
8828.613281	-33.268684
8850.146484	-33.043308
8871.679688	-33.107769
8893.212891	-33.257973
8914.746094	-33.417217
8936.279297	-33.405304
8957.812500	-33.108692
8979.345703	-33.384518
9000.878906	-33.166523
9022.412109	-33.024376
9043.945312	-33.070606
9065.478516	-33.254093
9087.011719	-33.006027
9108.544922	-32.966904
9130.078125	-32.884068
9151.611328	-33.106205
9173.144531	-33.069927
9194.677734	-32.866425
9216.210938	-33.050686
9237.744141	-33.160175
9259.277344	-33.188145
9280.810547	-33.455135
9302.343750	-33.242657
9323.876953	-33.247028
9345.410156	-33.236622
9366.943359	-33.058926
9388.476562	-33.183720
9410.009766	-33.331669
9431.542969	-33.220932
9453.076172	-33.096146
9474.609375	-32.909782
9496.142578	-32.990101
9517.675781	-33.184742
9539.208984	-33.034031
9560.742188	-33.210838
9582.275391	-32.972878
9603.808594	-32.981987
9625.341797	-33.036221
9646.875000	-32.980545
9668.408203	-33.158062
9689.941406	-33.139343
9711.474609	-32.957859
9733.007812	-33.226147
9754.541016	-33.283169
9776.074219	-32.979958
9797.607422	-33.095757
9819.140625	-33.096752
9840.673828	-33.096188
9862.207031	-33.264523
9883.740234	-33.100262
9905.273438	-33.228535
9926.806641	-33.061310
9948.339844	-33.023750
9969.873047	-32.931648
9991.406250	-32.964943
10012.939453	-33.093643
10034.472656	-33.087482
10056.005859	-33.108250
10077.539062	-33.332874
10099.072266	-33.180424
10120.605469	-33.082973
10142.138672	-33.096394
10163.671875	-33.287678
10185.205078	-33.095901
10206.738281	-32.992455
10228.271484	-32.922375
10249.804688	-32.940311
10271.337891	-33.178318
10292.871094	-33.345955
10314.404297	-33.362965
10335.937500	-33.219986
10357.470703	-33.310894
10379.003906	-33.175575
10400.537109	-33.420994
10422.070312	-33.494560
10443.603516	-33.269066
10465.136719	-32.914192
10486.669922	-33.002331
10508.203125	-33.352612
10529.736328	-33.218987
10551.269531	-33.187458
10572.802734	-33.046242
10594.335938	-33.287888
10615.869141	-33.363255
10637.402344	-33.282143
10658.935547	-33.101120
10680.468750	-32.907753
10702.001953	-33.213356
10723.535156	-33.336933
10745.068359	-33.393578
10766.601562	-33.381580
10788.134766	-33.371563
10809.667969	-33.173309
10831.201172	-32.841820
10852.734375	-32.722248
10874.267578	-33.300632
10895.800781	-33.059578
10917.333984	-32.964417
10938.867188	-32.923149
10960.400391	-33.013893
10981.933594	-33.221336
11003.466797	-33.118164
11025.000000	-33.029819
11046.533203	-33.060471
11068.066406	-33.286522
11089.599609	-33.327431
11111.132812	-33.041256
11132.666016	-33.033520
11154.199219	-32.917252
11175.732422	-32.960724
11197.265625	-32.995964
11218.798828	-33.040474
11240.332031	-33.192295
11261.865234	-33.454922
11283.398438	-33.233093
11304.931641	-33.089001
11326.464844	-33.167168
11347.998047	-33.241295
11369.531250	-33.234631
11391.064453	-33.240582
11412.597656	-33.311848
11434.130859	-33.091309
11455.664062	-32.987049
11477.197266	-32.861294
11498.730469	-33.011948
11520.263672	-33.029663
11541.796875	-33.216576
11563.330078	-33.332832
11584.863281	-33.419975
11606.396484	-32.964695
11627.929688	-32.827721
11649.462891	-32.908173
11670.996094	-32.855873
11692.529297	-32.974430
11714.062500	-32.899414
11735.595703	-32.882484
11757.128906	-32.840351
11778.662109	-32.856258
11800.195312	-33.041054
11821.728516	-33.203869
11843.261719	-33.233307
11864.794922	-32.961754
11886.328125	-32.937969
11907.861328	-33.037918
11929.394531	-32.924839
11950.927734	-32.996304
11972.460938	-32.928764
11993.994141	-32.817768
12015.527344	-32.735683
12037.060547	-32.870583
12058.593750	-32.973511
12080.126953	-32.952442
12101.660156	-32.994789
12123.193359	-32.847858
12144.726562	-33.161350
12166.259766	-33.096874
12187.792969	-32.886196
12209.326172	-32.842007
12230.859375	-32.947067
12252.392578	-33.021145
12273.925781	-33.121201
12295.458984	-33.164474
12316.992188	-33.351879
12338.525391	-33.130348
12360.058594	-33.262310
12381.591797	-33.211224
12403.125000	-33.211563
12424.658203	-32.843010
12446.191406	-32.575375
12467.724609	-32.658257
12489.257812	-33.107841
12510.791016	-33.056694
12532.324219	-33.112194
12553.857422	-33.272045
12575.390625	-33.325779
12596.923828	-33.289013
12618.457031	-33.188740
12639.990234	-33.245129
12661.523438	-33.028530
12683.056641	-33.022598
12704.589844	-33.159283
12726.123047	-33.395901
12747.656250	-33.347599
12769.189453	-33.091602
12790.722656	-33.254807
12812.255859	-33.335014
12833.789062	-32.949940
12855.322266	-33.076263
12876.855469	-33.104328
12898.388672	-33.150570
12919.921875	-33.209713
12941.455078	-33.261707
12962.988281	-33.020405
12984.521484	-33.095428
13006.054688	-33.123611
13027.587891	-33.489262
13049.121094	-33.556831
13070.654297	-33.293320
13092.187500	-33.311600
13113.720703	-33.287914
13135.253906	-33.165119
13156.787109	-33.418976
13178.320312	-33.206051
13199.853516	-33.364880
13221.386719	-33.350079
13242.919922	-33.116581
13264.453125	-33.040455
13285.986328	-33.095116
13307.519531	-33.210320
13329.052734	-33.276455
13350.585938	-33.054703
13372.119141	-33.036533
13393.652344	-33.236107
13415.185547	-33.117626
13436.718750	-33.226646
13458.251953	-33.237007
13479.785156	-32.698166
13501.318359	-32.722847
13522.851562	-33.007832
13544.384766	-33.001614
13565.917969	-32.988804
13587.451172	-33.240631
13608.984375	-33.054531
13630.517578	-33.127151
13652.050781	-33.100842
13673.583984	-33.024445
13695.117188	-33.010815
13716.650391	-33.286266
13738.183594	-33.123646
13759.716797	-33.325630
13781.250000	-33.191162
13802.783203	-33.259724
13824.316406	-33.167965
13845.849609	-32.876095
13867.382812	-33.107765
13888.916016	-32.967670
13910.449219	-32.995041
13931.982422	-33.315666
13953.515625	-33.111176
13975.048828	-32.986095
13996.582031	-33.024689
14018.115234	-33.009525
14039.648438	-33.426662
14061.181641	-33.236069
14082.714844	-32.752911
14104.248047	-32.871109
14125.781250	-33.068420
14147.314453	-33.047817
14168.847656	-32.976242
14190.380859	-33.093403
14211.914062	-33.188980
14233.447266	-33.236843
14254.980469	-33.122269
14276.513672	-33.253113
14298.046875	-33.149139
14319.580078	-33.046474
14341.113281	-33.000423
14362.646484	-32.935024
14384.179688	-33.089668
14405.712891	-33.276279
14427.246094	-33.447147
14448.779297	-33.121498
14470.312500	-33.078232
14491.845703	-33.017857
14513.378906	-32.914417
14534.912109	-33.227890
14556.445312	-33.153400
14577.978516	-32.786701
14599.511719	-32.989346
14621.044922	-33.193058
14642.578125	-33.160969
14664.111328	-33.259235
14685.644531	-33.130383
14707.177734	-33.418831
14728.710938	-33.709541
14750.244141	-33.297054
14771.777344	-33.122341
14793.310547	-33.226170
14814.843750	-33.006779
14836.376953	-32.818653
14857.910156	-33.032867
14879.443359	-32.905071
14900.976562	-32.982307
14922.509766	-33.040714
14944.042969	-32.893326
14965.576172	-32.792694
14987.109375	-33.279888
15008.642578	-33.472240
15030.175781	-32.968983
15051.708984	-33.041546
15073.242188	-33.041107
15094.775391	-32.956272
15116.308594	-33.228615
15137.841797	-33.170456
15159.375000	-32.846146
15180.908203	-32.958469
15202.441406	-33.031647
15223.974609	-32.881592
15245.507812	-32.962463
15267.041016	-33.048801
15288.574219	-33.060131
15310.107422	-33.208237
15331.640625	-33.115681
15353.173828	-33.217388
15374.707031	-33.303226
15396.240234	-33.466789
15417.773438	-33.322536
15439.306641	-33.111973
15460.839844	-33.209602
15482.373047	-33.188931
15503.906250	-33.366138
15525.439453	-33.364975
15546.972656	-33.088490
15568.505859	-33.004978
15590.039062	-33.157692
15611.572266	-33.131817
15633.105469	-33.092823
15654.638672	-33.107761
15676.171875	-33.106422
15697.705078	-33.110043
15719.238281	-32.802307
15740.771484	-33.115555
15762.304688	-33.267399
15783.837891	-33.224800
15805.371094	-33.240524
15826.904297	-33.112194
15848.437500	-33.027214
15869.970703	-32.727535
15891.503906	-32.930199
15913.037109	-33.109009
15934.570312	-33.025852
15956.103516	-33.112766
15977.636719	-33.248886
15999.169922	-33.028587
16020.703125	-32.823349
16042.236328	-33.194763
16063.769531	-33.154190
16085.302734	-33.208641
16106.835938	-33.209785
16128.369141	-33.009041
16149.902344	-33.120724
16171.435547	-33.320908
16192.968750	-33.738182
16214.501953	-33.392689
16236.035156	-33.033268
16257.568359	-33.213692
16279.101562	-33.164593
16300.634766	-32.856201
16322.167969	-33.207756
16343.701172	-32.932343
16365.234375	-33.098213
16386.767578	-32.956913
16408.300781	-32.959175
16429.833984	-33.314758
16451.367188	-33.181618
16472.900391	-33.182384
16494.433594	-33.306866
16515.966797	-33.340382
16537.500000	-33.137745
16559.033203	-33.034122
16580.566406	-33.170723
16602.099609	-33.391724
16623.632812	-33.206497
16645.166016	-32.913166
16666.699219	-33.028202
16688.232422	-33.056156
16709.765625	-33.100716
16731.298828	-33.129238
16752.832031	-32.794823
16774.365234	-32.759750
16795.898438	-33.179161
16817.431641	-33.297768
16838.964844	-33.060398
16860.498047	-33.156761
16882.031250	-33.221100
16903.564453	-33.198250
16925.097656	-33.092976
16946.630859	-33.225430
16968.164062	-33.139465
16989.697266	-32.987217
17011.230469	-32.948021
17032.763672	-33.031872
17054.296875	-33.288872
17075.830078	-33.220978
17097.363281	-33.063667
17118.896484	-32.783463
17140.429688	-33.078522
17161.962891	-33.265976
17183.496094	-33.174427
17205.029297	-33.129490
17226.562500	-33.158245
17248.095703	-33.199711
17269.628906	-33.062675
17291.162109	-33.122295
17312.695312	-32.986076
17334.228516	-33.084682
17355.761719	-33.396904
17377.294922	-33.215336
17398.828125	-32.891842
17420.361328	-33.007614
17441.894531	-33.353977
17463.427734	-33.064682
17484.960938	-33.168701
17506.494141	-33.223782
17528.027344	-33.092194
17549.560547	-33.119728
17571.093750	-32.980785
17592.626953	-33.062157
17614.160156	-33.402805
17635.693359	-33.073479
17657.226562	-32.947464
17678.759766	-33.345654
17700.292969	-33.241238
17721.826172	-33.003666
17743.359375	-32.891312
17764.892578	-32.892094
17786.425781	-32.942894
17807.958984	-33.297176
17829.492188	-33.610424
17851.025391	-33.191689
17872.558594	-32.894588
17894.091797	-33.261074
17915.625000	-33.095642
17937.158203	-33.093208
17958.691406	-33.156204
17980.224609	-33.377525
18001.757812	-33.472206
18023.291016	-33.286102
18044.824219	-33.258030
18066.357422	-33.275322
18087.890625	-32.864857
18109.423828	-32.824219
18130.957031	-32.883278
18152.490234	-32.970848
18174.023438	-33.066452
18195.556641	-33.139420
18217.089844	-33.179249
18238.623047	-33.154030
18260.156250	-33.205700
18281.689453	-33.130791
18303.222656	-32.973366
18324.755859	-33.061405
18346.289062	-32.761204
18367.822266	-33.003593
18389.355469	-33.193211
18410.888672	-32.942169
18432.421875	-33.107151
18453.955078	-33.188923
18475.488281	-33.027702
18497.021484	-33.199780
18518.554688	-33.231018
18540.087891	-33.250504
18561.621094	-32.995045
18583.154297	-32.987209
18604.687500	-33.112530
18626.220703	-33.232990
18647.753906	-33.301414
18669.287109	-33.014931
18690.820312	-33.196808
18712.353516	-33.482105
18733.886719	-33.233875
18755.419922	-33.174152
18776.953125	-33.118801
18798.486328	-32.992260
18820.019531	-33.040455
18841.552734	-33.379921
18863.085938	-33.073399
18884.619141	-32.772575
18906.152344	-33.130756
18927.685547	-33.191936
18949.218750	-33.285870
18970.751953	-33.431927
18992.285156	-33.356197
19013.818359	-33.499886
19035.351562	-33.230827
19056.884766	-33.055119
19078.417969	-32.993797
19099.951172	-33.110714
19121.484375	-32.933010
19143.017578	-32.909241
19164.550781	-33.196827
19186.083984	-33.314949
19207.617188	-33.119617
19229.150391	-33.028175
19250.683594	-32.941833
19272.216797	-33.075073
19293.750000	-33.009575
19315.283203	-33.003704
19336.816406	-33.039169
19358.349609	-32.647160
19379.882812	-32.860214
19401.416016	-33.007294
19422.949219	-33.181633
19444.482422	-33.091671
19466.015625	-33.159367
19487.548828	-33.242210
19509.082031	-33.059254
19530.615234	-33.123768
19552.148438	-33.093540
19573.681641	-33.372414
19595.214844	-33.507889
19616.748047	-33.271877
19638.281250	-33.328838
19659.814453	-33.606243
19681.347656	-33.222172
19702.880859	-33.186890
19724.414062	-33.764854
19745.947266	-33.177856
19767.480469	-33.015499
19789.013672	-33.080444
19810.546875	-33.121819
19832.080078	-32.881100
19853.613281	-32.681103
19875.146484	-33.106358
19896.679688	-33.380085
19918.212891	-33.378090
19939.746094	-33.244144
19961.279297	-33.283440
19982.812500	-33.364643
20004.345703	-33.218102
20025.878906	-33.181412
20047.412109	-33.116383
20068.945312	-32.855923
20090.478516	-32.924271
20112.011719	-33.061390
20133.544922	-33.012375
20155.078125	-33.035278
20176.611328	-32.847965
20198.144531	-32.973537
20219.677734	-33.095993
20241.210938	-33.118279
20262.744141	-32.760075
20284.277344	-32.942059
20305.810547	-33.116936
20327.343750	-33.048649
20348.876953	-32.800163
20370.410156	-33.319271
20391.943359	-33.639187
20413.476562	-33.282299
20435.009766	-33.245697
20456.542969	-33.308456
20478.076172	-33.315601
20499.609375	-33.046165
20521.142578	-33.198875
20542.675781	-33.304092
20564.208984	-33.193077
20585.742188	-33.164413
20607.275391	-33.118679
20628.808594	-33.010517
20650.341797	-32.970108
20671.875000	-33.183823
20693.408203	-33.121700
20714.941406	-33.196304
20736.474609	-33.257938
20758.007812	-33.098530
20779.541016	-32.924019
20801.074219	-32.967453
20822.607422	-33.217495
20844.140625	-33.167194
20865.673828	-33.056110
20887.207031	-33.147152
20908.740234	-33.153473
20930.273438	-33.025997
20951.806641	-33.186714
20973.339844	-33.197136
20994.873047	-33.097252
21016.406250	-32.923252
21037.939453	-32.768711
21059.472656	-33.187256
21081.005859	-33.393856
21102.539062	-32.856461
21124.072266	-33.092117
21145.605469	-33.373451
21167.138672	-33.270103
21188.671875	-33.018036
21210.205078	-33.096451
21231.738281	-33.171501
21253.271484	-33.043789
21274.804688	-33.040668
21296.337891	-33.052940
21317.871094	-33.061432
21339.404297	-33.243771
21360.937500	-33.247818
21382.470703	-33.307220
21404.003906	-33.176189
21425.537109	-33.255836
21447.070312	-32.767075
21468.603516	-32.737274
21490.136719	-32.810871
21511.669922	-32.940620
21533.203125	-33.030499
21554.736328	-33.143608
21576.269531	-33.270126
21597.802734	-33.192631
21619.335938	-33.116825
21640.869141	-33.169147
21662.402344	-33.113792
21683.935547	-33.144356
21705.468750	-33.159687
21727.001953	-33.347549
21748.535156	-33.357708
21770.068359	-33.257420
21791.601562	-33.153332
21813.134766	-32.949852
21834.667969	-33.030113
21856.201172	-33.028130
21877.734375	-33.269257
21899.267578	-33.308640
21920.800781	-33.082745
21942.333984	-32.936268
21963.867188	-33.083881
21985.400391	-33.033855
22006.933594	-33.153866
22028.466797	-33.262253
22050.000000	-33.146229
22071.533203	-33.076679
22093.066406	-33.309277
22114.599609	-33.081921
22136.132812	-32.982208
22157.666016	-33.126728
22179.199219	-33.153313
22200.732422	-33.361107
22222.265625	-33.173843
22243.798828	-33.031162
22265.332031	-33.020161
22286.865234	-32.982948
22308.398438	-33.136925
22329.931641	-33.235523
22351.464844	-33.026829
22372.998047	-32.861233
22394.531250	-33.064949
22416.064453	-33.173759
22437.597656	-33.118927
22459.130859	-33.400017
22480.664062	-33.405647
22502.197266	-33.219563
22523.730469	-33.032181
22545.263672	-32.991661
22566.796875	-33.063278
22588.330078	-33.141968
22609.863281	-33.029282
22631.396484	-33.181778
22652.929688	-33.012997
22674.462891	-32.938820
22695.996094	-32.926388
22717.529297	-33.147831
22739.062500	-33.313171
22760.595703	-33.014324
22782.128906	-32.824070
22803.662109	-33.195667
22825.195312	-33.271629
22846.728516	-32.962631
22868.261719	-33.049900
22889.794922	-33.038715
22911.328125	-33.077579
22932.861328	-32.942451
22954.394531	-33.016998
22975.927734	-32.963108
22997.460938	-33.109436
23018.994141	-33.023952
23040.527344	-33.008015
23062.060547	-33.158863
23083.593750	-33.122208
23105.126953	-33.062401
23126.660156	-33.006809
23148.193359	-32.992180
23169.726562	-33.114132
23191.259766	-33.272308
23212.792969	-33.346771
23234.326172	-32.997391
23255.859375	-33.087345
23277.392578	-33.128235
23298.925781	-33.129551
23320.458984	-32.939747
23341.992188	-33.032318
23363.525391	-33.087795
23385.058594	-33.270023
23406.591797	-33.038559
23428.125000	-33.164253
23449.658203	-33.068203
23471.191406	-32.974846
23492.724609	-33.199860
23514.257812	-33.250816
23535.791016	-33.470127
23557.324219	-33.125717
23578.857422	-33.315308
23600.390625	-33.291191
23621.923828	-33.226418
23643.457031	-33.245895
23664.990234	-33.136421
23686.523438	-33.034966
23708.056641	-33.056816
23729.589844	-33.425747
23751.123047	-33.229126
23772.656250	-33.107876
23794.189453	-33.213005
23815.722656	-33.217682
23837.255859	-33.290485
23858.789062	-33.071548
23880.322266	-33.255695
23901.855469	-32.905392
23923.388672	-33.054882
23944.921875	-33.292248
23966.455078	-33.286831
23987.988281	-33.454140
24009.521484	-33.147697
24031.054688	-32.935646
24052.587891	-32.996799
24074.121094	-32.974667
24095.654297	-33.198936
24117.187500	-33.308155
24138.720703	-33.021862
24160.253906	-33.072304
24181.787109	-33.093525
24203.320312	-33.184742
24224.853516	-33.258385
24246.386719	-33.121284
24267.919922	-33.127106
24289.453125	-32.971535
24310.986328	-33.002674
24332.519531	-33.059460
24354.052734	-33.000526
24375.585938	-33.174519
24397.119141	-33.243740
24418.652344	-33.004318
24440.185547	-33.142971
24461.718750	-33.249397
24483.251953	-33.199097
24504.785156	-33.024117
24526.318359	-32.978687
24547.851562	-33.026390
24569.384766	-32.992214
24590.917969	-33.212769
24612.451172	-33.120449
24633.984375	-32.957752
24655.517578	-33.054562
24677.050781	-33.200676
24698.583984	-33.153805
24720.117188	-33.177967
24741.650391	-33.305904
24763.183594	-33.072498
24784.716797	-32.999210
24806.250000	-33.257107
24827.783203	-33.109669
24849.316406	-33.102154
24870.849609	-32.924397
24892.382812	-33.137333
24913.916016	-33.246365
24935.449219	-33.209469
24956.982422	-33.082973
24978.515625	-33.104153
25000.048828	-33.022518
25021.582031	-33.043629
25043.115234	-32.830933
25064.648438	-33.253510
25086.181641	-33.194847
25107.714844	-33.481033
25129.248047	-33.078583
25150.781250	-33.164890
25172.314453	-33.036083
25193.847656	-33.179119
25215.380859	-33.411598
25236.914062	-33.357834
25258.447266	-33.253223
25279.980469	-32.896172
25301.513672	-32.969208
25323.046875	-32.954563
25344.580078	-33.033421
25366.113281	-33.035603
25387.646484	-33.250191
25409.179688	-32.923035
25430.712891	-32.906105
25452.246094	-33.102814
25473.779297	-32.920742
25495.312500	-33.306076
25516.845703	-33.567257
25538.378906	-33.373127
25559.912109	-33.235455
25581.445312	-33.188938
25602.978516	-33.106495
25624.511719	-32.972939
25646.044922	-33.102329
25667.578125	-33.321060
25689.111328	-33.347504
25710.644531	-33.166130
25732.177734	-33.117012
25753.710938	-33.280640
25775.244141	-33.263016
25796.777344	-33.063980
25818.310547	-32.901440
25839.843750	-32.912315
25861.376953	-32.863232
25882.910156	-33.098602
25904.443359	-33.208054
25925.976562	-33.091419
25947.509766	-33.082283
25969.042969	-33.176102
25990.576172	-33.311321
26012.109375	-33.174770
26033.642578	-33.242981
26055.175781	-33.175434
26076.708984	-33.184231
26098.242188	-33.232006
26119.775391	-33.209660
26141.308594	-33.289040
26162.841797	-33.519794
26184.375000	-33.377110
26205.908203	-33.146538
26227.441406	-33.137646
26248.974609	-33.169228
26270.507812	-33.265087
26292.041016	-33.405758
26313.574219	-33.431919
26335.107422	-33.371910
26356.640625	-33.243713
26378.173828	-33.308380
26399.707031	-33.249138
26421.240234	-33.210186
26442.773438	-33.119282
26464.306641	-33.007565
26485.839844	-33.019859
26507.373047	-32.988415
26528.906250	-33.110477
26550.439453	-33.280544
26571.972656	-33.195526
26593.505859	-33.119614
26615.039062	-33.219078
26636.572266	-33.133450
26658.105469	-32.954414
26679.638672	-33.106041
26701.171875	-33.153252
26722.705078	-32.817173
26744.238281	-32.844990
26765.771484	-32.928120
26787.304688	-32.873615
26808.837891	-33.183037
26830.371094	-33.215527
26851.904297	-33.232357
26873.437500	-33.155113
26894.970703	-33.006195
26916.503906	-33.264629
26938.037109	-33.185165
26959.570312	-32.969357
26981.103516	-33.092216
27002.636719	-32.962223
27024.169922	-33.039299
27045.703125	-32.991272
27067.236328	-32.756973
27088.769531	-32.969524
27110.302734	-33.133888
27131.835938	-33.224602
27153.369141	-33.201866
27174.902344	-32.944397
27196.435547	-32.810261
27217.968750	-32.819866
27239.501953	-33.001850
27261.035156	-33.204422
27282.568359	-33.392910
27304.101562	-33.262779
27325.634766	-33.174122
27347.167969	-33.133808
27368.701172	-32.977470
27390.234375	-33.022003
27411.767578	-32.874458
27433.300781	-32.873016
27454.833984	-33.020630
27476.367188	-32.892078
27497.900391	-33.087345
27519.433594	-33.035625
27540.966797	-33.162670
27562.500000	-33.102837
27584.033203	-33.083122
27605.566406	-33.085567
27627.099609	-33.161545
27648.632812	-32.997681
27670.166016	-33.330013
27691.699219	-33.278728
27713.232422	-33.194180
27734.765625	-33.356865
27756.298828	-33.154633
27777.832031	-32.973293
27799.365234	-33.089710
27820.898438	-32.929409
27842.431641	-33.137573
27863.964844	-33.152275
27885.498047	-33.214481
27907.031250	-33.369148
27928.564453	-33.032520
27950.097656	-33.085804
27971.630859	-33.075485
27993.164062	-33.392708
28014.697266	-33.216103
28036.230469	-33.274475
28057.763672	-33.287251
28079.296875	-33.211246
28100.830078	-33.204872
28122.363281	-33.378761
28143.896484	-33.371517
28165.429688	-33.093254
28186.962891	-33.104046
28208.496094	-33.186226
28230.029297	-33.379795
28251.562500	-33.287476
28273.095703	-32.976891
28294.628906	-33.142662
28316.162109	-33.326881
28337.695312	-32.954643
28359.228516	-33.055347
28380.761719	-32.999985
28402.294922	-33.044765
28423.828125	-33.272018
28445.361328	-33.498878
28466.894531	-33.372139
28488.427734	-33.311077
28509.960938	-33.174110
28531.494141	-33.083401
28553.027344	-33.122505
28574.560547	-33.127850
28596.093750	-33.075893
28617.626953	-33.428551
28639.160156	-33.360065
28660.693359	-33.316410
28682.226562	-33.211933
28703.759766	-33.393772
28725.292969	-33.292625
28746.826172	-32.863163
28768.359375	-32.903465
28789.892578	-33.007210
28811.425781	-32.896088
28832.958984	-32.960308
28854.492188	-33.036224
28876.025391	-32.925518
28897.558594	-32.859528
28919.091797	-32.711311
28940.625000	-32.733017
28962.158203	-32.751442
28983.691406	-32.975174
29005.224609	-33.206917
29026.757812	-33.060665
29048.291016	-33.066113
29069.824219	-33.053707
29091.357422	-32.783123
29112.890625	-32.985741
29134.423828	-33.128624
29155.957031	-33.260681
29177.490234	-33.335678
29199.023438	-33.248604
29220.556641	-33.217094
29242.089844	-33.083427
29263.623047	-33.121319
29285.156250	-33.099995
29306.689453	-32.994156
29328.222656	-32.775902
29349.755859	-33.079292
29371.289062	-33.057652
29392.822266	-33.170143
29414.355469	-33.147007
29435.888672	-33.199669
29457.421875	-33.198662
29478.955078	-33.484833
29500.488281	-33.465889
29522.021484	-33.251045
29543.554688	-33.164444
29565.087891	-33.155514
29586.621094	-33.062916
29608.154297	-33.001171
29629.687500	-33.120625
29651.220703	-33.241047
29672.753906	-33.125389
29694.287109	-33.154625
29715.820312	-33.105721
29737.353516	-32.885361
29758.886719	-32.740211
29780.419922	-32.849861
29801.953125	-32.856159
29823.486328	-33.163933
29845.019531	-33.093559
29866.552734	-33.016678
29888.085938	-33.387337
29909.619141	-33.036858
29931.152344	-33.115372
29952.685547	-32.866909
29974.218750	-33.013226
29995.751953	-33.192368
30017.285156	-33.145153
30038.818359	-33.165421
30060.351562	-32.968853
30081.884766	-33.163429
30103.417969	-33.308422
30124.951172	-33.205578
30146.484375	-32.976074
30168.017578	-33.150444
30189.550781	-33.172935
30211.083984	-33.158615
30232.617188	-33.055485
30254.150391	-33.035248
30275.683594	-33.022865
30297.216797	-33.071415
30318.750000	-32.886505
30340.283203	-32.841820
30361.816406	-32.900986
30383.349609	-33.238022
30404.882812	-32.978550
30426.416016	-33.024227
30447.949219	-33.144897
30469.482422	-32.909416
30491.015625	-33.110859
30512.548828	-33.120621
30534.082031	-33.078632
30555.615234	-33.261761
30577.148438	-33.209312
30598.681641	-32.890892
30620.214844	-32.804859
30641.748047	-32.675877
30663.281250	-32.839577
30684.814453	-33.039070
30706.347656	-33.268036
30727.880859	-33.235268
30749.414062	-33.039459
30770.947266	-32.927486
30792.480469	-33.141586
30814.013672	-33.318935
30835.546875	-33.313629
30857.080078	-33.413315
30878.613281	-33.216209
30900.146484	-32.897366
30921.679688	-33.191975
30943.212891	-33.152893
30964.746094	-33.282974
30986.279297	-33.357147
31007.812500	-33.045090
31029.345703	-32.790482
31050.878906	-32.907925
31072.412109	-33.523903
31093.945312	-33.367290
31115.478516	-33.178848
31137.011719	-33.213219
31158.544922	-33.121754
31180.078125	-33.298447
31201.611328	-33.099697
31223.144531	-33.141376
31244.677734	-33.129707
31266.210938	-33.181881
31287.744141	-33.152100
31309.277344	-33.058132
31330.810547	-32.990021
31352.343750	-33.291096
31373.876953	-33.371239
31395.410156	-33.294067
31416.943359	-33.007401
31438.476562	-32.942997
31460.009766	-33.174080
31481.542969	-33.125401
31503.076172	-33.090858
31524.609375	-33.135090
31546.142578	-33.066975
31567.675781	-33.272537
31589.208984	-33.226025
31610.742188	-32.963139
31632.275391	-32.933994
31653.808594	-33.158440
31675.341797	-33.016449
31696.875000	-33.033409
31718.408203	-33.327980
31739.941406	-33.102955
31761.474609	-33.103935
31783.007812	-33.008511
31804.541016	-32.808819
31826.074219	-33.075394
31847.607422	-33.234619
31869.140625	-32.915092
31890.673828	-33.184666
31912.207031	-33.343609
31933.740234	-33.218719
31955.273438	-33.012241
31976.806641	-33.109169
31998.339844	-33.182503
32019.873047	-33.052158
32041.406250	-33.057674
32062.939453	-33.130947
32084.472656	-33.037998
32106.005859	-33.219757
32127.539062	-33.321159
32149.072266	-33.188091
32170.605469	-33.279140
32192.138672	-32.982021
32213.671875	-32.806995
32235.205078	-33.081383
32256.738281	-33.258492
32278.271484	-33.220676
32299.804688	-33.038483
32321.337891	-32.916466
32342.871094	-33.204830
32364.404297	-33.127110
32385.937500	-32.942741
32407.470703	-32.899246
32429.003906	-33.002914
32450.537109	-33.007576
32472.070312	-33.000633
32493.603516	-32.884434
32515.136719	-33.054413
32536.669922	-33.237797
32558.203125	-33.191093
32579.736328	-33.210438
32601.269531	-33.425949
32622.802734	-33.530956
32644.335938	-33.549274
32665.869141	-33.217934
32687.402344	-33.097034
32708.935547	-33.212006
32730.468750	-33.260067
32752.001953	-33.141312
32773.535156	-33.120815
32795.068359	-33.092587
32816.601562	-33.050655
32838.134766	-33.250954
32859.667969	-33.176189
32881.201172	-33.201008
32902.734375	-33.231182
32924.267578	-33.286747
32945.800781	-33.242607
32967.333984	-33.075966
32988.867188	-32.831348
33010.400391	-32.971485
33031.933594	-32.715652
33053.466797	-32.843155
33075.000000	-33.184402
33096.533203	-33.394928
33118.066406	-33.145466
33139.599609	-33.266014
33161.132812	-33.130547
33182.666016	-33.209934
33204.199219	-33.369957
33225.732422	-33.204285
33247.265625	-33.148464
33268.798828	-32.919518
33290.332031	-33.029690
33311.865234	-33.444008
33333.398438	-33.250420
33354.931641	-32.937538
33376.464844	-33.105167
33397.998047	-33.487957
33419.531250	-33.413517
33441.064453	-33.268536
33462.597656	-33.227501
33484.130859	-33.067871
33505.664062	-33.277668
33527.197266	-33.188923
33548.730469	-33.111122
33570.263672	-33.299019
33591.796875	-33.213345
33613.330078	-33.116455
33634.863281	-33.035305
33656.396484	-32.961231
33677.929688	-33.171257
33699.462891	-33.173939
33720.996094	-33.000130
33742.529297	-33.063633
33764.062500	-32.995155
33785.595703	-32.692432
33807.128906	-32.991249
33828.662109	-33.058865
33850.195312	-33.032440
33871.728516	-33.236340
33893.261719	-33.076744
33914.794922	-33.219505
33936.328125	-32.827072
33957.861328	-32.871857
33979.394531	-33.492371
34000.927734	-33.081596
34022.460938	-32.788982
34043.994141	-33.147942
34065.527344	-33.259529
34087.060547	-33.159721
34108.593750	-33.062744
34130.126953	-33.177967
34151.660156	-33.207909
34173.193359	-32.885246
34194.726562	-33.025631
34216.259766	-33.140186
34237.792969	-32.879822
34259.326172	-32.804611
34280.859375	-32.924686
34302.392578	-32.933308
34323.925781	-33.018986
34345.458984	-32.818050
34366.992188	-32.902763
34388.525391	-33.173229
34410.058594	-33.005608
34431.591797	-32.981647
34453.125000	-33.002216
34474.658203	-33.299706
34496.191406	-33.200001
34517.724609	-32.973049
34539.257812	-33.089291
34560.791016	-33.083652
34582.324219	-33.011932
34603.857422	-33.049335
34625.390625	-33.044231
34646.923828	-33.311813
34668.457031	-33.112690
34689.990234	-32.963158
34711.523438	-33.106686
34733.056641	-33.157578
34754.589844	-33.166424
34776.123047	-33.110279
34797.656250	-32.962326
34819.189453	-33.020443
34840.722656	-32.912224
34862.255859	-32.917625
34883.789062	-33.039742
34905.322266	-33.119839
34926.855469	-33.173210
34948.388672	-33.054546
34969.921875	-33.089397
34991.455078	-33.325478
35012.988281	-33.242577
35034.521484	-33.192722
35056.054688	-33.063465
35077.587891	-33.014938
35099.121094	-33.112972
35120.654297	-33.033058
35142.187500	-33.162838
35163.720703	-33.045807
35185.253906	-33.095596
35206.787109	-33.065933
35228.320312	-32.922768
35249.853516	-33.067497
35271.386719	-33.430962
35292.919922	-33.077362
35314.453125	-33.183475
35335.986328	-33.226379
35357.519531	-33.152069
35379.052734	-33.308517
35400.585938	-33.343388
35422.119141	-32.947098
35443.652344	-33.053768
35465.185547	-32.983349
35486.718750	-32.701340
35508.251953	-32.765114
35529.785156	-32.933292
35551.318359	-33.139820
35572.851562	-33.182365
35594.384766	-32.953461
35615.917969	-33.023712
35637.451172	-33.268486
35658.984375	-32.928860
35680.517578	-33.153915
35702.050781	-33.228916
35723.583984	-33.102768
35745.117188	-33.248337
35766.650391	-33.258358
35788.183594	-32.996723
35809.716797	-32.829079
35831.250000	-32.684616
35852.783203	-33.032825
35874.316406	-32.990654
35895.849609	-32.752346
35917.382812	-32.942696
35938.916016	-32.779247
35960.449219	-32.967236
35981.982422	-33.018158
36003.515625	-32.831867
36025.048828	-32.991634
36046.582031	-33.199158
36068.115234	-33.000526
36089.648438	-32.948139
36111.181641	-32.807568
36132.714844	-32.689316
36154.248047	-32.908222
36175.781250	-33.123295
36197.314453	-33.306316
36218.847656	-33.022537
36240.380859	-33.041729
36261.914062	-33.123055
36283.447266	-33.163624
36304.980469	-32.831356
36326.513672	-33.081940
36348.046875	-33.336369
36369.580078	-33.204536
36391.113281	-33.256783
36412.646484	-32.968758
36434.179688	-32.978607
36455.712891	-33.170898
36477.246094	-33.148243
36498.779297	-33.071857
36520.312500	-33.064129
36541.845703	-33.007698
36563.378906	-32.931110
36584.912109	-32.983017
36606.445312	-33.021759
36627.978516	-32.938965
36649.511719	-33.138817
36671.044922	-33.209930
36692.578125	-33.146751
36714.111328	-33.216679
36735.644531	-33.255581
36757.177734	-33.045238
36778.710938	-32.966068
36800.244141	-33.134212
36821.777344	-33.249798
36843.310547	-33.401791
36864.843750	-33.410557
36886.376953	-33.304253
36907.910156	-32.921947
36929.443359	-33.150410
36950.976562	-33.277493
36972.509766	-33.099518
36994.042969	-33.128384
37015.576172	-32.965588
37037.109375	-32.991611
37058.642578	-33.405464
37080.175781	-33.440868
37101.708984	-33.381538
37123.242188	-33.618786
37144.775391	-33.385559
37166.308594	-32.922867
37187.841797	-32.899284
37209.375000	-33.006557
37230.908203	-32.800018
37252.441406	-32.968410
37273.974609	-33.016991
37295.507812	-32.793308
37317.041016	-33.145996
37338.574219	-32.907249
37360.107422	-32.975178
37381.640625	-33.076714
37403.173828	-33.121330
37424.707031	-33.417400
37446.240234	-33.121449
37467.773438	-32.979309
37489.306641	-33.025249
37510.839844	-33.042881
37532.373047	-33.273056
37553.906250	-33.066303
37575.439453	-33.068672
37596.972656	-33.094826
37618.505859	-32.715084
37640.039062	-32.927437
37661.572266	-33.251614
37683.105469	-33.130116
37704.638672	-33.221397
37726.171875	-33.042515
37747.705078	-33.210812
37769.238281	-32.978489
37790.771484	-33.159042
37812.304688	-33.078629
37833.837891	-33.126415
37855.371094	-33.194782
37876.904297	-33.108322
37898.437500	-33.099777
37919.970703	-32.899426
37941.503906	-33.227695
37963.037109	-33.323215
37984.570312	-33.391594
38006.103516	-33.459003
38027.636719	-33.286591
38049.169922	-33.255840
38070.703125	-33.212708
38092.236328	-33.136028
38113.769531	-33.274536
38135.302734	-33.062302
38156.835938	-33.132866
38178.369141	-33.131462
38199.902344	-33.199230
38221.435547	-33.041351
38242.968750	-33.070618
38264.501953	-33.363796
38286.035156	-33.351727
38307.568359	-33.222149
38329.101562	-33.143421
38350.634766	-32.926422
38372.167969	-33.096069
38393.701172	-33.206154
38415.234375	-33.001122
38436.767578	-33.097050
38458.300781	-33.268921
38479.833984	-32.982498
38501.367188	-32.983768
38522.900391	-33.000957
38544.433594	-33.006165
38565.966797	-33.080078
38587.500000	-33.328491
38609.033203	-33.359360
38630.566406	-33.181168
38652.099609	-33.045704
38673.632812	-33.027054
38695.166016	-33.126663
38716.699219	-33.028248
38738.232422	-33.279568
38759.765625	-33.148235
38781.298828	-32.983170
38802.832031	-32.954746
38824.365234	-32.837460
38845.898438	-33.077824
38867.431641	-33.157948
38888.964844	-33.090523
38910.498047	-33.348347
38932.031250	-33.073959
38953.564453	-33.089214
38975.097656	-33.094471
38996.630859	-33.164787
39018.164062	-33.296394
39039.697266	-33.375389
39061.230469	-33.417938
39082.763672	-33.327297
39104.296875	-33.119892
39125.830078	-33.051304
39147.363281	-33.155300
39168.896484	-33.315624
39190.429688	-33.112438
39211.962891	-32.798702
39233.496094	-32.944683
39255.029297	-33.154423
39276.562500	-33.376511
39298.095703	-33.094139
39319.628906	-32.944588
39341.162109	-32.893658
39362.695312	-33.126930
39384.228516	-33.256275
39405.761719	-33.226959
39427.294922	-33.041309
39448.828125	-32.900124
39470.361328	-33.058937
39491.894531	-33.162781
39513.427734	-33.157028
39534.960938	-32.754032
39556.494141	-33.079727
39578.027344	-32.953262
39599.560547	-33.153851
39621.093750	-33.181061
39642.626953	-33.057854
39664.160156	-33.130932
39685.693359	-33.182434
39707.226562	-33.052654
39728.759766	-33.069672
39750.292969	-32.856682
39771.826172	-33.016266
39793.359375	-33.208992
39814.892578	-33.067993
39836.425781	-33.111832
39857.958984	-33.019634
39879.492188	-33.083660
39901.025391	-33.024487
39922.558594	-33.147419
39944.091797	-33.096546
39965.625000	-33.054367
39987.158203	-33.114288
40008.691406	-33.256359
40030.224609	-33.462624
40051.757812	-33.138988
40073.291016	-33.085785
40094.824219	-33.050724
40116.357422	-33.062412
40137.890625	-33.104580
40159.423828	-32.899845
40180.957031	-32.877979
40202.490234	-33.033005
40224.023438	-33.027035
40245.556641	-33.260757
40267.089844	-33.323704
40288.623047	-33.319294
40310.156250	-33.366806
40331.689453	-33.409382
40353.222656	-33.268799
40374.755859	-33.292599
40396.289062	-33.003822
40417.822266	-32.874729
40439.355469	-33.137486
40460.888672	-33.161457
40482.421875	-32.939766
40503.955078	-32.860085
40525.488281	-33.163918
40547.021484	-33.098221
40568.554688	-33.102417
40590.087891	-33.117954
40611.621094	-32.971428
40633.154297	-33.129818
40654.687500	-33.227150
40676.220703	-33.283432
40697.753906	-33.162292
40719.287109	-33.232006
40740.820312	-32.984154
40762.353516	-33.162949
40783.886719	-33.482132
40805.419922	-33.358318
40826.953125	-33.330715
40848.486328	-33.040333
40870.019531	-33.034607
40891.552734	-33.185501
40913.085938	-33.194149
40934.619141	-33.063976
40956.152344	-33.031780
40977.685547	-33.337654
40999.218750	-33.006870
41020.751953	-32.924591
41042.285156	-33.126976
41063.818359	-33.012978
41085.351562	-33.003727
41106.884766	-33.058678
41128.417969	-33.383934
41149.951172	-32.957062
41171.484375	-32.850040
41193.017578	-33.125439
41214.550781	-32.967842
41236.083984	-33.179375
41257.617188	-33.039490
41279.150391	-32.985538
41300.683594	-33.123871
41322.216797	-32.959270
41343.750000	-32.792042
41365.283203	-32.899727
41386.816406	-33.016388
41408.349609	-33.146835
41429.882812	-32.877945
41451.416016	-32.769951
41472.949219	-32.931328
41494.482422	-33.164234
41516.015625	-33.007385
41537.548828	-32.967194
41559.082031	-33.206562
41580.615234	-32.988808
41602.148438	-32.925266
41623.681641	-32.779835
41645.214844	-32.878181
41666.748047	-33.314053
41688.281250	-33.367115
41709.814453	-33.369781
41731.347656	-33.055836
41752.880859	-32.963318
41774.414062	-32.924759
41795.947266	-32.953747
41817.480469	-32.994022
41839.013672	-32.800964
41860.546875	-32.738129
41882.080078	-32.980602
41903.613281	-33.092159
41925.146484	-32.904819
41946.679688	-32.629169
41968.212891	-32.878353
41989.746094	-32.944202
42011.279297	-32.859486
42032.812500	-33.209137
42054.345703	-33.164173
42075.878906	-33.158966
42097.412109	-33.061443
42118.945312	-32.939289
42140.478516	-33.073425
42162.011719	-33.022442
42183.544922	-32.987690
42205.078125	-33.292503
42226.611328	-33.335243
42248.144531	-32.855797
42269.677734	-32.961048
42291.210938	-33.039066
42312.744141	-33.099678
42334.277344	-33.140297
42355.810547	-33.186916
42377.343750	-32.995754
42398.876953	-33.065464
42420.410156	-33.133419
42441.943359	-33.084702
42463.476562	-33.239513
42485.009766	-33.266598
42506.542969	-33.112438
42528.076172	-33.294918
42549.609375	-33.185017
42571.142578	-33.034882
42592.675781	-33.399261
42614.208984	-33.199837
42635.742188	-33.182861
42657.275391	-33.131218
42678.808594	-33.145241
42700.341797	-32.979031
42721.875000	-33.169060
42743.408203	-33.302979
42764.941406	-33.308964
42786.474609	-33.442375
42808.007812	-33.243492
42829.541016	-33.256207
42851.074219	-33.287201
42872.607422	-33.101982
42894.140625	-32.961357
42915.673828	-32.832531
42937.207031	-33.130737
42958.740234	-33.182648
42980.273438	-33.102741
43001.806641	-33.074654
43023.339844	-33.176704
43044.873047	-33.189693
43066.406250	-33.404919
43087.939453	-33.468716
43109.472656	-32.981277
43131.005859	-33.263382
43152.539062	-33.147518
43174.072266	-33.090065
43195.605469	-32.798016
43217.138672	-32.979324
43238.671875	-33.284447
43260.205078	-33.158863
43281.738281	-33.196697
43303.271484	-33.279003
43324.804688	-33.067356
43346.337891	-32.837669
43367.871094	-33.209705
43389.404297	-33.234295
43410.937500	-33.011024
43432.470703	-33.260731
43454.003906	-33.141144
43475.537109	-32.948982
43497.070312	-33.083427
43518.603516	-33.438377
43540.136719	-33.492744
43561.669922	-33.131977
43583.203125	-32.878639
43604.736328	-32.821011
43626.269531	-32.837643
43647.802734	-33.014355
43669.335938	-33.254803
43690.869141	-33.335426
43712.402344	-33.124771
43733.935547	-32.930107
43755.468750	-32.893753
43777.001953	-33.165596
43798.535156	-33.362007
43820.068359	-33.465118
43841.601562	-33.384144
43863.134766	-33.266918
43884.667969	-33.209480
43906.201172	-33.103519
43927.734375	-32.917294
43949.267578	-33.066330
43970.800781	-33.065548
43992.333984	-33.007706
44013.867188	-33.250221
44035.400391	-33.358799
44056.933594	-33.253319
44078.466797	-33.075928
