Frequency (Hz)	Level (dB)
11.718750	-117.532227
23.437500	-117.337990
35.156250	-117.021919
46.875000	-116.595337
58.593750	-116.070641
70.312500	-115.459953
82.031250	-114.766777
93.750000	-114.010078
105.468750	-113.194435
117.187500	-112.323647
128.906250	-111.401550
140.625000	-110.430458
152.343750	-109.409966
164.062500	-108.339859
175.781250	-107.217865
187.500000	-106.041275
199.218750	-104.805809
210.937500	-103.506859
222.656250	-102.138153
234.375000	-100.692360
246.093750	-99.161736
257.812500	-97.532982
269.531250	-95.796471
281.250000	-93.934776
292.968750	-91.929352
304.687500	-89.755562
316.406250	-87.382843
328.125000	-84.770309
339.843750	-81.863831
351.562500	-78.588020
363.281250	-74.833549
375.000000	-70.433151
386.718750	-65.109993
398.437500	-58.349571
410.156250	-48.984192
421.875000	-32.740925
433.593750	-17.759911
445.312500	-17.219555
457.031250	-30.252068
468.750000	-47.892441
480.468750	-57.620285
492.187500	-64.559540
503.906250	-69.991508
515.625000	-74.465820
527.343750	-78.274094
539.062500	-81.591072
550.781250	-84.530106
562.500000	-87.169083
574.218750	-89.563950
585.937500	-91.756302
597.656250	-93.777740
609.375000	-95.653297
621.093750	-97.402802
632.812500	-99.040970
644.531250	-100.582726
656.250000	-102.037888
667.968750	-103.415642
679.687500	-104.723885
691.406250	-105.969612
703.125000	-107.157547
714.843750	-108.293449
726.562500	-109.381310
738.281250	-110.424423
750.000000	-111.425949
761.718750	-112.389603
773.437500	-113.316010
785.156250	-114.207573
796.875000	-115.067070
808.593750	-115.894730
820.312500	-116.692833
832.031250	-117.449005
843.750000	-118.179001
855.468750	-118.872597
867.187500	-119.528618
878.906250	-120.138962
890.625000	-120.703659
902.343750	-121.206787
914.062500	-121.644165
925.781250	-122.000130
937.500000	-122.263458
949.218750	-122.416237
960.937500	-122.447746
972.656250	-122.345909
984.375000	-122.102798
996.093750	-121.720345
1007.812500	-121.199310
1019.531250	-120.551575
1031.250000	-119.783623
1042.968750	-118.908463
1054.687500	-117.932289
1066.406250	-116.867973
1078.125000	-115.716118
1089.843750	-114.478821
1101.562500	-113.158257
1113.281250	-111.749107
1125.000000	-110.247757
1136.718750	-108.645111
1148.437500	-106.930260
1160.156250	-105.089638
1171.875000	-103.105118
1183.593750	-100.953453
1195.312500	-98.604752
1207.031250	-96.020477
1218.750000	-93.147385
1230.468750	-89.912819
1242.187500	-86.211525
1253.906250	-81.883286
1265.625000	-76.665123
1277.343750	-70.074669
1289.062500	-61.043980
1300.781250	-45.946888
1312.500000	-28.653687
1324.218750	-27.028410
1335.937500	-38.356323
1347.656250	-57.764282
1359.375000	-67.886925
1371.093750	-75.015350
1382.812500	-80.561005
1394.531250	-85.112114
1406.250000	-88.976204
1417.968750	-92.335876
1429.687500	-95.308762
1441.406250	-97.975418
1453.125000	-100.393494
1464.843750	-102.605766
1476.562500	-104.644211
1488.281250	-106.534790
1500.000000	-108.296974
1511.718750	-109.948059
1523.437500	-111.499687
1535.156250	-112.964485
1546.875000	-114.350121
1558.593750	-115.666595
1570.312500	-116.917648
1582.031250	-118.111557
1593.750000	-119.251556
1605.468750	-120.342873
1617.187500	-121.386963
1628.906250	-122.389038
1640.625000	-123.349754
1652.343750	-124.271065
1664.062500	-125.156303
1675.781250	-125.998886
1687.500000	-126.812187
1699.218750	-127.581505
1710.937500	-128.309097
1722.656250	-128.992752
1734.375000	-129.627914
1746.093750	-130.202408
1757.812500	-130.718140
1769.531250	-131.151169
1781.250000	-131.501724
1792.968750	-131.746567
1804.687500	-131.880386
1816.406250	-131.898041
1828.125000	-131.781387
1839.843750	-131.533875
1851.562500	-131.159012
1863.281250	-130.662476
1875.000000	-130.051361
1886.718750	-129.339310
1898.437500	-128.532974
1910.156250	-127.642891
1921.875000	-126.672539
1933.593750	-125.628342
1945.312500	-124.518143
1957.031250	-123.332886
1968.750000	-122.077408
1980.468750	-120.746399
1992.187500	-119.333908
2003.906250	-117.833939
2015.625000	-116.238060
2027.343750	-114.533455
2039.062500	-112.705238
2050.781250	-110.736084
2062.500000	-108.602890
2074.218750	-106.276443
2085.937500	-103.718498
2097.656250	-100.877724
2109.375000	-97.683449
2121.093750	-94.034180
2132.812500	-89.776314
2144.531250	-84.659645
2156.250000	-78.231270
2167.968750	-69.511253
2179.687500	-55.379879
2191.406250	-35.182686
2203.125000	-32.459679
2214.843750	-42.255821
2226.562500	-64.030563
2238.281250	-74.585724
2250.000000	-81.914948
2261.718750	-87.579765
2273.437500	-92.210854
2285.156250	-96.132950
2296.875000	-99.536812
2308.593750	-102.544868
2320.312500	-105.240532
2332.031250	-107.682640
2343.750000	-109.915726
2355.468750	-111.972267
2367.187500	-113.878868
2378.906250	-115.654739
2390.625000	-117.319305
2402.343750	-118.883598
2414.062500	-120.359322
2425.781250	-121.754814
2437.500000	-123.080688
2449.218750	-124.341789
2460.937500	-125.544365
2472.656250	-126.693169
2484.375000	-127.793556
2496.093750	-128.845688
2507.812500	-129.856384
2519.531250	-130.826782
2531.250000	-131.756119
2542.968750	-132.645752
2554.687500	-133.513062
2566.406250	-134.323685
2578.125000	-135.100677
2589.843750	-135.838455
2601.562500	-136.540466
2613.281250	-137.182144
2625.000000	-137.773727
2636.718750	-138.297333
2648.437500	-138.756805
2660.156250	-139.123840
2671.875000	-139.392029
2683.593750	-139.557632
2695.312500	-139.593521
2707.031250	-139.499969
2718.750000	-139.280792
2730.468750	-138.928375
2742.187500	-138.451965
2753.906250	-137.865311
2765.625000	-137.164291
2777.343750	-136.375458
2789.062500	-135.497879
2800.781250	-134.545029
2812.500000	-133.516724
2824.218750	-132.417236
2835.937500	-131.241867
2847.656250	-129.997971
2859.375000	-128.679657
2871.093750	-127.279884
2882.812500	-125.795296
2894.531250	-124.211830
2906.250000	-122.523010
2917.968750	-120.711044
2929.687500	-118.760857
2941.406250	-116.650291
2953.125000	-114.347641
2964.843750	-111.818184
2976.562500	-109.011360
2988.281250	-105.858643
3000.000000	-102.262321
3011.718750	-98.074745
3023.437500	-93.057953
3035.156250	-86.785934
3046.875000	-78.356873
3058.593750	-65.056831
3070.312500	-40.835167
3082.031250	-36.992386
3093.750000	-45.383675
3105.468750	-70.657516
3117.187500	-81.690491
3128.906250	-89.234711
3140.625000	-95.026024
3152.343750	-99.742004
3164.062500	-103.725883
3175.781250	-107.177025
3187.500000	-110.223709
3199.218750	-112.950554
3210.937500	-115.419495
3222.656250	-117.675400
3234.375000	-119.752205
3246.093750	-121.677635
3257.812500	-123.470963
3269.531250	-125.149178
3281.250000	-126.727730
3292.968750	-128.216629
3304.687500	-129.620651
3316.406250	-130.970673
3328.125000	-132.236435
3339.843750	-133.449219
3351.562500	-134.606628
3363.281250	-135.720047
3375.000000	-136.782791
3386.718750	-137.804428
3398.437500	-138.790451
3410.156250	-139.722839
3421.875000	-140.645569
3433.593750	-141.523071
3445.312500	-142.380981
3457.031250	-143.151489
3468.750000	-143.926453
3480.468750	-144.653168
3492.187500	-145.375412
3503.906250	-146.005127
3515.625000	-146.610992
3527.343750	-147.155136
3539.062500	-147.638931
3550.781250	-148.032501
3562.500000	-148.362320
3574.218750	-148.565033
3585.937500	-148.675400
3597.656250	-148.680618
3609.375000	-148.508743
3621.093750	-148.222534
3632.812500	-147.813095
3644.531250	-147.254654
3656.250000	-146.578690
3667.968750	-145.801163
3679.687500	-144.925018
3691.406250	-143.968826
3703.125000	-142.926224
3714.843750	-141.804001
3726.562500	-140.602142
3738.281250	-139.309113
3750.000000	-137.942795
3761.718750	-136.489380
3773.437500	-134.930817
3785.156250	-133.270538
3796.875000	-131.488251
3808.593750	-129.566483
3820.312500	-127.485886
3832.031250	-125.218414
3843.750000	-122.724709
3855.468750	-119.960831
3867.187500	-116.859024
3878.906250	-113.323723
3890.625000	-109.213722
3902.343750	-104.302925
3914.062500	-98.189774
3925.781250	-90.041908
3937.500000	-77.476692
3949.218750	-46.285824
3960.937500	-41.290878
3972.656250	-48.372581
3984.375000	-80.132133
3996.093750	-91.703812
4007.812500	-99.486305
4019.531250	-105.419777
4031.250000	-110.233765
4042.968750	-114.291214
4054.687500	-117.801453
4066.406250	-120.894798
4078.125000	-123.666397
4089.843750	-126.172226
4101.562500	-128.460037
4113.281250	-130.570526
4125.000000	-132.524643
4136.718750	-134.346573
4148.437500	-136.051331
4160.156250	-137.651276
4171.875000	-139.162308
4183.593750	-140.610062
4195.312500	-141.942612
4207.031250	-143.261337
4218.750000	-144.484146
4230.468750	-145.669098
4242.187500	-146.805084
4253.906250	-147.882675
4265.625000	-148.924545
4277.343750	-149.934967
4289.062500	-150.918671
4300.781250	-151.864120
4312.500000	-152.775101
4324.218750	-153.567764
4335.937500	-154.458984
4347.656250	-155.299088
4359.375000	-156.047058
4371.093750	-156.841034
4382.812500	-157.572174
4394.531250	-158.326492
4406.250000	-159.032181
4417.968750	-159.673981
4429.687500	-160.263763
4441.406250	-160.932068
4453.125000	-161.501541
4464.843750	-162.257431
4476.562500	-162.715012
4488.281250	-163.419540
4500.000000	-163.730988
4511.718750	-164.228912
4523.437500	-164.596786
4535.156250	-164.984879
4546.875000	-165.235886
4558.593750	-165.308929
4570.312500	-164.851761
4582.031250	-164.829544
4593.750000	-164.355148
4605.468750	-163.497818
4617.187500	-162.432755
4628.906250	-161.269272
4640.625000	-159.654999
4652.343750	-158.080765
4664.062500	-156.291550
4675.781250	-154.376297
4687.500000	-152.186264
4699.218750	-149.914612
4710.937500	-147.448212
4722.656250	-144.759995
4734.375000	-141.814133
4746.093750	-138.520111
4757.812500	-134.829269
4769.531250	-130.575226
4781.250000	-125.550148
4792.968750	-119.373978
4804.687500	-111.280167
4816.406250	-99.157417
4828.125000	-51.753513
4839.843750	-45.561890
4851.562500	-51.406261
4863.281250	-98.096313
4875.000000	-110.074005
4886.718750	-117.918205
4898.437500	-123.810753
4910.156250	-128.540237
4921.875000	-132.487442
4933.593750	-135.880112
4945.312500	-138.840363
4957.031250	-141.473389
4968.750000	-143.839371
4980.468750	-145.983414
4992.187500	-147.964554
5003.906250	-149.757111
5015.625000	-151.429962
5027.343750	-152.960037
5039.062500	-154.399445
5050.781250	-155.729156
5062.500000	-156.960220
5074.218750	-158.228271
5085.937500	-159.342804
5097.656250	-160.411896
5109.375000	-161.244171
5121.093750	-162.097824
5132.812500	-163.020798
5144.531250	-163.658493
5156.250000	-164.112488
5167.968750	-164.674820
5179.687500	-165.203995
5191.406250	-165.073349
5203.125000	-165.347946
5214.843750	-165.402573
5226.562500	-165.366898
5238.281250	-165.214661
5250.000000	-164.950836
5261.718750	-164.558548
5273.437500	-164.115265
5285.156250	-163.639816
5296.875000	-163.003326
5308.593750	-162.343643
5320.312500	-161.852722
5332.031250	-161.004745
5343.750000	-160.223801
5355.468750	-159.492447
5367.187500	-158.562149
5378.906250	-157.722107
5390.625000	-156.839798
5402.343750	-155.877914
5414.062500	-154.845169
5425.781250	-153.824722
5437.500000	-152.786148
5449.218750	-151.654739
5460.937500	-150.473190
5472.656250	-149.269135
5484.375000	-147.982742
5496.093750	-146.640961
5507.812500	-145.205521
5519.531250	-143.691528
5531.250000	-142.106033
5542.968750	-140.414536
5554.687500	-138.590851
5566.406250	-136.673630
5578.125000	-134.575317
5589.843750	-132.289459
5601.562500	-129.800461
5613.281250	-127.044495
5625.000000	-123.966721
5636.718750	-120.476128
5648.437500	-116.442802
5660.156250	-111.659904
5671.875000	-105.770409
5683.593750	-98.060242
5695.312500	-86.650658
5707.031250	-57.328480
5718.750000	-49.880867
5730.468750	-54.542652
5742.187500	-83.168358
5753.906250	-95.936516
5765.625000	-104.165443
5777.343750	-110.325874
5789.062500	-115.269478
5800.781250	-119.403511
5812.500000	-122.958519
5824.218750	-126.078987
5835.937500	-128.857376
5847.656250	-131.363785
5859.375000	-133.646164
5871.093750	-135.736877
5882.812500	-137.675034
5894.531250	-139.472748
5906.250000	-141.149399
5917.968750	-142.731216
5929.687500	-144.226303
5941.406250	-145.609100
5953.125000	-146.920929
5964.843750	-148.183578
5976.562500	-149.371552
5988.281250	-150.497452
6000.000000	-151.609207
6011.718750	-152.614105
6023.437500	-153.594620
6035.156250	-154.547195
6046.875000	-155.420776
6058.593750	-156.220383
6070.312500	-156.949249
6082.031250	-157.728363
6093.750000	-158.369904
6105.468750	-158.870102
6117.187500	-159.423004
6128.906250	-159.675690
6140.625000	-160.083115
6152.343750	-160.209198
6164.062500	-160.175034
6175.781250	-160.077835
6187.500000	-159.878342
6199.218750	-159.486313
6210.937500	-159.104263
6222.656250	-158.515747
6234.375000	-157.900986
6246.093750	-157.262329
6257.812500	-156.458847
6269.531250	-155.605713
6281.250000	-154.725357
6292.968750	-153.789978
6304.687500	-152.772003
6316.406250	-151.773438
6328.125000	-150.665558
6339.843750	-149.517181
6351.562500	-148.327637
6363.281250	-147.054626
6375.000000	-145.746857
6386.718750	-144.341827
6398.437500	-142.858032
6410.156250	-141.294861
6421.875000	-139.611572
6433.593750	-137.825195
6445.312500	-135.914505
6457.031250	-133.836624
6468.750000	-131.592194
6480.468750	-129.131683
6492.187500	-126.413033
6503.906250	-123.379097
6515.625000	-119.942245
6527.343750	-115.977127
6539.062500	-111.285950
6550.781250	-105.531731
6562.500000	-98.050835
6574.218750	-87.159630
6585.937500	-63.059502
6597.656250	-54.277737
6609.375000	-57.797756
6621.093750	-80.697495
6632.812500	-94.223518
6644.531250	-102.734093
6656.250000	-109.050476
6667.968750	-114.095627
6679.687500	-118.302818
6691.406250	-121.916008
6703.125000	-125.081062
6714.843750	-127.898354
6726.562500	-130.437515
6738.281250	-132.747406
6750.000000	-134.870605
6761.718750	-136.825470
6773.437500	-138.649597
6785.156250	-140.344254
6796.875000	-141.941071
6808.593750	-143.449936
6820.312500	-144.854233
6832.031250	-146.196030
6843.750000	-147.465775
6855.468750	-148.673462
6867.187500	-149.837585
6878.906250	-150.929581
6890.625000	-151.994110
6902.343750	-152.989441
6914.062500	-153.931992
6925.781250	-154.833801
6937.500000	-155.734222
6949.218750	-156.543503
6960.937500	-157.308014
6972.656250	-157.984406
6984.375000	-158.651733
6996.093750	-159.129013
7007.812500	-159.673279
7019.531250	-160.125778
7031.250000	-160.401596
7042.968750	-160.645325
7054.687500	-160.629440
7066.406250	-160.395203
7078.125000	-160.457245
7089.843750	-160.082840
7101.562500	-159.616302
7113.281250	-159.162125
7125.000000	-158.510254
7136.718750	-157.833130
7148.437500	-157.056244
7160.156250	-156.185165
7171.875000	-155.276306
7183.593750	-154.289215
7195.312500	-153.295868
7207.031250	-152.234711
7218.750000	-151.120865
7230.468750	-149.934082
7242.187500	-148.699829
7253.906250	-147.356583
7265.625000	-145.984909
7277.343750	-144.519974
7289.062500	-142.961884
7300.781250	-141.291260
7312.500000	-139.531693
7324.218750	-137.626694
7335.937500	-135.578796
7347.656250	-133.349976
7359.375000	-130.916519
7371.093750	-128.229385
7382.812500	-125.232147
7394.531250	-121.841309
7406.250000	-117.936234
7417.968750	-113.328201
7429.687500	-107.698555
7441.406250	-100.427795
7453.125000	-90.000488
7464.843750	-68.984634
7476.562500	-58.765469
7488.281250	-61.173004
7500.000000	-80.458733
7511.718750	-94.850632
7523.437500	-103.657234
7535.156250	-110.131424
7546.875000	-115.276604
7558.593750	-119.554230
7570.312500	-123.218552
7582.031250	-126.425308
7593.750000	-129.275909
7605.468750	-131.843353
7617.187500	-134.176514
7628.906250	-136.318512
7640.625000	-138.295441
7652.343750	-140.126068
7664.062500	-141.837997
7675.781250	-143.450684
7687.500000	-144.951691
7699.218750	-146.388351
7710.937500	-147.736038
7722.656250	-149.029633
7734.375000	-150.252792
7746.093750	-151.371933
7757.812500	-152.508255
7769.531250	-153.585541
7781.250000	-154.607010
7792.968750	-155.580948
7804.687500	-156.473434
7816.406250	-157.281097
7828.125000	-158.191727
7839.843750	-159.036011
7851.562500	-159.728439
7863.281250	-160.359177
7875.000000	-160.961884
7886.718750	-161.547073
7898.437500	-162.026306
7910.156250	-162.398773
7921.875000	-162.657135
7933.593750	-162.864319
7945.312500	-162.529251
7957.031250	-162.698029
7968.750000	-162.543625
7980.468750	-162.150375
7992.187500	-161.798813
8003.906250	-161.150284
8015.625000	-160.498489
8027.343750	-159.780441
8039.062500	-158.915039
8050.781250	-158.087570
8062.500000	-157.108215
8074.218750	-156.122849
8085.937500	-155.068192
8097.656250	-153.945908
8109.375000	-152.770569
8121.093750	-151.564972
8132.812500	-150.254868
8144.531250	-148.876541
8156.250000	-147.421295
8167.968750	-145.873016
8179.687500	-144.243240
8191.406250	-142.491318
8203.125000	-140.580399
8214.843750	-138.550644
8226.562500	-136.346237
8238.281250	-133.935196
8250.000000	-131.279037
8261.718750	-128.316467
8273.437500	-124.968414
8285.156250	-121.121544
8296.875000	-116.592224
8308.593750	-111.079445
8320.312500	-104.006699
8332.031250	-94.000381
8343.750000	-75.145508
8355.468750	-63.350708
8367.187500	-64.665085
8378.906250	-81.250336
8390.625000	-96.654030
8402.343750	-105.777725
8414.062500	-112.415779
8425.781250	-117.664345
8437.500000	-122.013649
8449.218750	-125.730217
8460.937500	-128.976349
8472.656250	-131.861099
8484.375000	-134.454865
8496.093750	-136.809311
8507.812500	-138.967865
8519.531250	-140.968353
8531.250000	-142.809708
8542.968750	-144.535980
8554.687500	-146.148239
8566.406250	-147.611130
8578.125000	-149.130692
8589.843750	-150.472595
8601.562500	-151.759659
8613.281250	-153.002747
8625.000000	-154.186630
8636.718750	-155.316559
8648.437500	-156.328033
8660.156250	-157.426590
8671.875000	-158.379715
8683.593750	-159.326965
8695.312500	-160.094788
8707.031250	-161.107285
8718.750000	-161.805984
8730.468750	-162.606430
8742.187500	-163.250534
8753.906250	-163.844147
8765.625000	-164.576492
8777.343750	-165.068146
8789.062500	-165.384308
8800.781250	-165.743500
8812.500000	-165.965652
8824.218750	-165.875183
8835.937500	-165.967194
8847.656250	-165.901382
8859.375000	-165.558228
8871.093750	-165.208740
8882.812500	-164.476822
8894.531250	-164.027725
8906.250000	-163.398636
8917.968750	-162.428299
8929.687500	-161.745850
8941.406250	-160.657913
8953.125000	-159.808380
8964.843750	-158.734222
8976.562500	-157.708664
8988.281250	-156.497269
9000.000000	-155.261200
9011.718750	-154.007965
9023.437500	-152.632477
9035.156250	-151.183395
9046.875000	-149.656113
9058.593750	-148.023346
9070.312500	-146.304199
9082.031250	-144.400146
9093.750000	-142.389450
9105.468750	-140.216049
9117.187500	-137.827438
9128.906250	-135.192673
9140.625000	-132.262665
9152.343750	-128.961807
9164.062500	-125.169121
9175.781250	-120.716522
9187.500000	-115.316612
9199.218750	-108.429359
9210.937500	-98.808266
9222.656250	-81.598366
9234.375000	-68.038055
9246.093750	-68.269577
9257.812500	-82.663307
9269.531250	-99.276230
9281.250000	-108.742073
9292.968750	-115.552437
9304.687500	-120.908440
9316.406250	-125.326996
9328.125000	-129.097855
9339.843750	-132.385406
9351.562500	-135.301605
9363.281250	-137.925201
9375.000000	-140.304886
9386.718750	-142.486252
9398.437500	-144.490753
9410.156250	-146.356369
9421.875000	-148.120728
9433.593750	-149.669968
9445.312500	-151.272522
9457.031250	-152.700211
9468.750000	-154.071899
9480.468750	-155.431000
9492.187500	-156.617401
9503.906250	-157.810547
9515.625000	-158.977737
9527.343750	-160.078949
9539.062500	-161.108292
9550.781250	-162.035004
9562.500000	-163.055969
9574.218750	-163.719070
9585.937500	-164.846329
9597.656250	-165.619690
9609.375000	-166.381119
9621.093750	-166.992966
9632.812500	-167.631805
9644.531250	-168.277252
9656.250000	-169.138046
9667.968750	-169.301865
9679.687500	-169.416016
9691.406250	-169.987991
9703.125000	-170.121384
9714.843750	-170.249207
9726.562500	-170.115372
9738.281250	-170.038864
9750.000000	-169.588257
9761.718750	-169.327332
9773.437500	-168.405762
9785.156250	-168.064285
9796.875000	-167.243713
9808.593750	-166.115356
9820.312500	-165.311066
9832.031250	-164.395233
9843.750000	-163.343826
9855.468750	-162.274353
9867.187500	-161.008362
9878.906250	-159.818420
9890.625000	-158.521927
9902.343750	-157.179535
9914.062500	-155.740646
9925.781250	-154.237000
9937.500000	-152.642700
9949.218750	-150.831818
9960.937500	-149.025299
9972.656250	-147.021866
9984.375000	-144.840851
9996.093750	-142.481888
10007.812500	-139.874557
10019.531250	-136.980301
10031.250000	-133.712784
10042.968750	-129.975037
10054.687500	-125.594131
10066.406250	-120.301987
10078.125000	-113.590347
10089.843750	-104.323235
10101.562500	-88.429199
10113.281250	-72.831795
10125.000000	-71.982262
10136.718750	-84.506599
10148.437500	-102.606895
10160.156250	-112.444153
10171.875000	-119.436150
10183.593750	-124.903099
10195.312500	-129.398941
10207.031250	-133.219696
10218.750000	-136.547501
10230.468750	-139.496674
10242.187500	-142.144989
10253.906250	-144.552017
10265.625000	-146.736450
10277.343750	-148.749161
10289.062500	-150.649017
10300.781250	-152.381485
10312.500000	-153.985168
10324.218750	-155.548386
10335.937500	-157.012299
10347.656250	-158.487228
10359.375000	-159.629990
10371.093750	-160.991776
10382.812500	-162.177963
10394.531250	-163.211243
10406.250000	-164.375214
10417.968750	-165.298553
10429.687500	-166.446732
10441.406250	-167.037506
10453.125000	-168.096222
10464.843750	-169.020325
10476.562500	-169.974136
10488.281250	-170.589661
10500.000000	-171.423050
10511.718750	-172.047318
10523.437500	-172.732361
10535.156250	-173.108322
10546.875000	-173.774002
10558.593750	-174.059311
10570.312500	-173.820526
10582.031250	-174.724854
10593.750000	-174.567108
10605.468750	-174.744858
10617.187500	-174.839005
10628.906250	-174.390015
10640.625000	-174.031555
10652.343750	-173.088608
10664.062500	-172.386871
10675.781250	-171.338776
10687.500000	-170.834549
10699.218750	-170.437683
10710.937500	-169.602264
10722.656250	-168.562408
10734.375000	-167.364334
10746.093750	-166.109726
10757.812500	-165.206909
10769.531250	-163.813232
10781.250000	-162.484528
10792.968750	-161.088821
10804.687500	-159.422485
10816.406250	-157.974869
10828.125000	-156.234604
10839.843750	-154.372482
10851.562500	-152.400421
10863.281250	-150.253006
10875.000000	-147.929230
10886.718750	-145.342575
10898.437500	-142.474976
10910.156250	-139.252243
10921.875000	-135.567657
10933.593750	-131.263397
10945.312500	-126.072044
10957.031250	-119.529709
10968.750000	-110.589806
10980.468750	-95.784752
10992.187500	-77.736809
11003.906250	-75.799599
11015.625000	-86.674576
11027.343750	-106.682846
11039.062500	-116.925331
11050.781250	-124.110146
11062.500000	-129.688370
11074.218750	-134.261124
11085.937500	-138.144760
11097.656250	-141.516907
11109.375000	-144.494720
11121.093750	-147.163986
11132.812500	-149.562256
11144.531250	-151.800079
11156.250000	-153.862152
11167.968750	-155.740128
11179.687500	-157.491150
11191.406250	-159.055496
11203.125000	-160.771133
11214.843750	-162.175812
11226.562500	-163.564896
11238.281250	-164.841965
11250.000000	-166.236664
11261.718750	-167.325806
11273.437500	-168.542542
11285.156250	-169.656921
11296.875000	-170.497711
11308.593750	-171.055740
11320.312500	-172.283173
11332.031250	-173.013474
11343.750000	-174.168259
11355.468750	-175.170944
11367.187500	-175.707809
11378.906250	-176.351334
11390.625000	-177.311417
11402.343750	-177.855026
11414.062500	-178.441315
11425.781250	-178.630753
11437.500000	-179.202209
11449.218750	-179.646652
11460.937500	-179.529633
11472.656250	-179.316208
11484.375000	-180.469986
11496.093750	-179.038040
11507.812500	-179.018738
11519.531250	-179.344452
11531.250000	-179.166199
11542.968750	-175.654007
11554.687500	-168.278091
11566.406250	-168.483063
11578.125000	-175.185760
11589.843750	-175.289185
11601.562500	-174.473434
11613.281250	-173.492355
11625.000000	-172.469696
11636.718750	-171.442368
11648.437500	-170.034729
11660.156250	-168.757507
11671.875000	-167.385391
11683.593750	-165.912216
11695.312500	-163.933563
11707.031250	-162.511246
11718.750000	-160.827911
11730.468750	-158.818985
11742.187500	-156.717224
11753.906250	-154.397308
11765.625000	-151.823227
11777.343750	-148.997284
11789.062500	-145.814255
11800.781250	-142.178741
11812.500000	-137.939240
11824.218750	-132.856033
11835.937500	-126.470512
11847.656250	-117.835419
11859.375000	-103.953865
11871.093750	-82.759026
11882.812500	-79.718758
11894.531250	-89.102165
11906.250000	-111.722626
11917.968750	-122.409897
11929.687500	-129.798798
11941.406250	-135.495758
11953.125000	-140.151733
11964.843750	-144.102295
11976.562500	-147.499252
11988.281250	-150.552383
12000.000000	-153.241211
12011.718750	-155.661362
12023.437500	-157.906891
12035.156250	-159.923828
12046.875000	-161.879272
12058.593750	-163.511368
12070.312500	-165.193146
12082.031250	-166.883804
12093.750000	-168.408508
12105.468750	-169.863647
12117.187500	-170.994843
12128.906250	-172.233109
12140.625000	-173.827698
12152.343750	-174.505417
12164.062500	-176.014160
12175.781250	-176.728561
12187.500000	-177.505035
12199.218750	-178.939484
12210.937500	-179.126999
12222.656250	-181.039780
12234.375000	-180.887680
12246.093750	-180.989670
12257.812500	-180.616409
12269.531250	-181.986755
12281.250000	-181.866455
12292.968750	-182.703659
12304.687500	-179.677139
12316.406250	-179.931641
12328.125000	-184.946701
12339.843750	-184.501709
12351.562500	-183.622894
12363.281250	-185.264877
12375.000000	-185.232025
12386.718750	-186.423859
12398.437500	-185.919983
12410.156250	-185.234329
12421.875000	-177.675766
12433.593750	-167.662064
12445.312500	-164.981018
12457.031250	-176.511200
12468.750000	-182.897125
12480.468750	-181.559662
12492.187500	-180.001572
12503.906250	-178.745468
12515.625000	-179.223740
12527.343750	-177.390854
12539.062500	-176.934433
12550.781250	-175.324219
12562.500000	-173.969177
12574.218750	-172.365311
12585.937500	-170.461105
12597.656250	-169.005920
12609.375000	-166.859955
12621.093750	-164.719421
12632.812500	-162.545410
12644.531250	-160.051147
12656.250000	-157.191574
12667.968750	-154.056885
12679.687500	-150.468445
12691.406250	-146.321228
12703.125000	-141.314270
12714.843750	-135.083466
12726.562500	-126.737991
12738.281250	-113.655373
12750.000000	-87.905899
12761.718750	-83.737724
12773.437500	-91.746254
12785.156250	-118.402008
12796.875000	-129.583786
12808.593750	-137.199036
12820.312500	-143.031815
12832.031250	-147.756470
12843.750000	-151.757919
12855.468750	-155.233292
12867.187500	-158.302307
12878.906250	-161.008881
12890.625000	-163.526215
12902.343750	-165.718018
12914.062500	-167.711975
12925.781250	-169.728165
12937.500000	-171.408554
12949.218750	-173.275757
12960.937500	-175.026474
12972.656250	-175.855209
12984.375000	-177.499390
12996.093750	-178.086990
13007.812500	-179.008148
13019.531250	-180.894241
13031.250000	-182.294800
13042.968750	-182.215302
13054.687500	-177.201294
13066.406250	-177.683426
13078.125000	-184.246948
13089.843750	-183.516617
13101.562500	-184.943420
13113.281250	-186.235901
13125.000000	-187.112167
13136.718750	-189.250626
13148.437500	-186.470764
13160.156250	-188.038177
13171.875000	-188.982834
13183.593750	-178.934296
13195.312500	-178.204559
13207.031250	-186.601318
13218.750000	-190.201462
13230.468750	-188.949463
13242.187500	-184.963455
13253.906250	-185.910751
13265.625000	-191.103149
13277.343750	-186.934845
13289.062500	-186.804306
13300.781250	-187.480453
13312.500000	-176.541901
13324.218750	-174.545563
13335.937500	-184.217514
13347.656250	-188.732574
13359.375000	-190.228134
13371.093750	-184.843201
13382.812500	-183.535431
13394.531250	-185.479355
13406.250000	-185.557434
13417.968750	-186.765305
13429.687500	-181.572540
13441.406250	-180.465988
13453.125000	-183.821259
13464.843750	-181.673920
13476.562500	-180.605453
13488.281250	-179.395706
13500.000000	-177.459793
13511.718750	-174.996094
13523.437500	-172.532562
13535.156250	-169.986954
13546.875000	-166.862625
13558.593750	-163.456161
13570.312500	-159.137619
13582.031250	-154.451111
13593.750000	-148.375336
13605.468750	-140.312271
13617.187500	-127.953102
13628.906250	-93.186745
13640.625000	-87.855019
13652.343750	-94.576683
13664.062500	-129.811874
13675.781250	-141.567596
13687.500000	-149.405853
13699.218750	-155.393829
13710.937500	-160.239014
13722.656250	-164.235535
13734.375000	-167.848297
13746.093750	-170.585678
13757.812500	-173.487411
13769.531250	-176.333984
13781.250000	-178.335480
13792.968750	-180.254639
13804.687500	-178.685898
13816.406250	-178.849472
13828.125000	-185.682953
13839.843750	-183.931473
13851.562500	-185.857544
13863.281250	-187.770645
13875.000000	-188.413147
13886.718750	-188.426468
13898.437500	-187.306656
13910.156250	-188.781708
13921.875000	-187.534668
13933.593750	-175.840027
13945.312500	-174.883148
13957.031250	-185.845779
13968.750000	-192.043381
13980.468750	-191.512787
13992.187500	-186.382584
14003.906250	-187.429794
14015.625000	-192.037476
14027.343750	-186.646240
14039.062500	-187.154297
14050.781250	-187.656998
14062.500000	-189.902893
14074.218750	-188.167023
14085.937500	-189.887955
14097.656250	-187.603088
14109.375000	-187.201508
14121.093750	-181.677689
14132.812500	-183.896637
14144.531250	-188.841721
14156.250000	-191.481567
14167.968750	-189.921234
14179.687500	-181.190933
14191.406250	-178.892975
14203.125000	-177.733078
14214.843750	-187.549484
14226.562500	-185.101654
14238.281250	-188.571762
14250.000000	-190.949509
14261.718750	-189.896240
14273.437500	-189.966873
14285.156250	-189.039734
14296.875000	-188.794205
14308.593750	-182.904297
14320.312500	-182.826965
14332.031250	-188.513458
14343.750000	-188.856949
14355.468750	-186.408356
14367.187500	-185.565765
14378.906250	-182.970383
14390.625000	-182.306839
14402.343750	-179.775482
14414.062500	-177.454117
14425.781250	-174.184875
14437.500000	-170.867661
14449.218750	-166.911453
14460.937500	-162.150208
14472.656250	-156.070358
14484.375000	-148.185577
14496.093750	-136.340561
14507.812500	-98.613770
14519.531250	-92.070129
14531.250000	-97.571701
14542.968750	-134.850906
14554.687500	-147.152283
14566.406250	-155.095474
14578.125000	-161.174820
14589.843750	-165.912277
14601.562500	-170.013275
14613.281250	-173.208984
14625.000000	-176.705994
14636.718750	-178.904083
14648.437500	-180.584122
14660.156250	-182.236496
14671.875000	-185.503784
14683.593750	-179.771057
14695.312500	-177.774963
14707.031250	-186.137543
14718.750000	-188.854691
14730.468750	-189.357986
14742.187500	-185.625534
14753.906250	-185.955658
14765.625000	-190.098495
14777.343750	-186.938354
14789.062500	-186.793106
14800.781250	-187.969788
14812.500000	-184.792496
14824.218750	-184.074356
14835.937500	-188.872803
14847.656250	-189.248978
14859.375000	-191.119583
14871.093750	-184.547760
14882.812500	-184.751312
14894.531250	-189.633911
14906.250000	-190.737762
14917.968750	-182.918091
14929.687500	-180.363083
14941.406250	-183.103516
14953.125000	-189.914215
14964.843750	-186.857468
14976.562500	-186.135437
14988.281250	-187.258560
15000.000000	-182.702805
15011.718750	-187.966263
15023.437500	-188.971436
15035.156250	-187.991714
15046.875000	-191.563416
15058.593750	-183.267319
15070.312500	-183.302719
15082.031250	-183.425980
15093.750000	-189.103302
15105.468750	-189.668976
15117.187500	-185.720047
15128.906250	-187.685745
15140.625000	-189.943604
15152.343750	-187.257919
15164.062500	-186.432205
15175.781250	-184.921951
15187.500000	-185.564453
15199.218750	-185.101456
15210.937500	-185.065048
15222.656250	-183.646042
15234.375000	-181.448395
15246.093750	-179.668030
15257.812500	-177.919373
15269.531250	-176.596786
15281.250000	-174.491699
15292.968750	-171.712494
15304.687500	-168.396393
15316.406250	-164.859711
15328.125000	-161.133179
15339.843750	-156.411972
15351.562500	-150.542984
15363.281250	-142.911591
15375.000000	-131.652130
15386.718750	-104.202576
15398.437500	-96.382706
15410.156250	-100.714584
15421.875000	-127.329140
15433.593750	-140.328613
15445.312500	-148.580933
15457.031250	-154.810867
15468.750000	-159.788925
15480.468750	-163.953842
15492.187500	-167.494354
15503.906250	-170.704376
15515.625000	-173.407104
15527.343750	-175.645538
15539.062500	-177.843323
15550.781250	-179.296249
15562.500000	-181.485535
15574.218750	-182.426834
15585.937500	-184.288177
15597.656250	-184.964554
15609.375000	-187.192886
15621.093750	-183.299118
15632.812500	-183.845123
15644.531250	-187.256180
15656.250000	-190.754684
15667.968750	-187.873093
15679.687500	-181.142853
15691.406250	-181.193436
15703.125000	-188.127731
15714.843750	-187.077499
15726.562500	-188.403397
15738.281250	-188.377090
15750.000000	-190.504517
15761.718750	-190.738922
15773.437500	-189.014130
15785.156250	-188.661942
15796.875000	-183.317093
15808.593750	-182.532211
15820.312500	-182.822632
15832.031250	-187.853516
15843.750000	-190.551971
15855.468750	-191.751816
15867.187500	-181.906631
15878.906250	-176.494354
15890.625000	-181.777954
15902.343750	-188.068832
15914.062500	-187.240280
15925.781250	-187.594177
15937.500000	-188.033829
15949.218750	-188.534302
15960.937500	-185.749298
15972.656250	-188.900345
15984.375000	-191.202789
15996.093750	-183.606979
16007.812500	-184.932190
16019.531250	-188.183456
16031.250000	-189.825928
16042.968750	-188.078918
16054.687500	-178.131912
16066.406250	-176.510757
16078.125000	-185.798203
16089.843750	-184.207565
16101.562500	-182.138260
16113.281250	-181.193390
16125.000000	-179.686981
16136.718750	-179.517273
16148.437500	-176.753601
16160.156250	-174.652542
16171.875000	-171.862289
16183.593750	-168.065811
16195.312500	-165.436646
16207.031250	-161.629623
16218.750000	-156.955490
16230.468750	-151.242249
16242.187500	-143.817322
16253.906250	-133.053757
16265.625000	-109.974548
16277.343750	-100.793907
16289.062500	-103.993576
16300.781250	-125.724136
16312.500000	-139.477844
16324.218750	-148.077698
16335.937500	-154.402420
16347.656250	-159.474777
16359.375000	-163.751923
16371.093750	-167.229340
16382.812500	-170.579758
16394.531250	-173.362717
16406.250000	-175.946686
16417.968750	-178.079575
16429.687500	-178.025711
16441.406250	-178.112656
16453.125000	-182.973892
16464.843750	-184.938614
16476.562500	-184.723770
16488.281250	-186.474274
16500.000000	-187.021210
16511.718750	-187.100540
16523.437500	-185.653748
16535.156250	-188.161377
16546.875000	-189.924652
16558.593750	-183.740189
16570.312500	-184.145508
16582.031250	-189.374130
16593.750000	-189.490829
16605.468750	-189.333282
16617.187500	-185.802231
16628.906250	-186.296036
16640.625000	-192.224823
16652.343750	-188.255371
16664.062500	-187.039047
16675.781250	-181.665146
16687.500000	-181.941833
16699.218750	-188.482117
16710.937500	-188.847137
16722.656250	-189.058228
16734.375000	-190.667007
16746.093750	-180.295044
16757.812500	-171.545471
16769.531250	-174.976517
16781.250000	-191.523270
16792.968750	-189.152496
16804.687500	-181.174683
16816.406250	-181.055466
16828.125000	-188.976044
16839.843750	-186.051788
16851.562500	-186.578369
16863.281250	-189.234894
16875.000000	-189.453796
16886.718750	-190.574738
16898.437500	-187.684616
16910.156250	-187.765350
16921.875000	-186.848618
16933.593750	-176.131805
16945.312500	-175.380356
16957.031250	-184.459366
16968.750000	-187.540588
16980.468750	-185.525330
16992.187500	-183.575409
17003.906250	-181.863068
17015.625000	-181.623932
17027.343750	-178.607986
17039.062500	-176.362473
17050.781250	-174.071548
17062.500000	-171.257965
17074.218750	-167.912140
17085.937500	-163.894608
17097.656250	-159.443848
17109.375000	-153.809631
17121.093750	-146.593750
17132.812500	-136.283859
17144.531250	-115.957527
17156.250000	-105.304070
17167.968750	-107.397758
17179.687500	-125.843185
17191.406250	-140.510834
17203.125000	-149.403046
17214.843750	-155.979355
17226.562500	-161.109940
17238.281250	-165.329147
17250.000000	-169.096848
17261.718750	-172.030945
17273.437500	-175.062958
17285.156250	-177.175888
17296.875000	-179.644455
17308.593750	-178.280716
17320.312500	-180.583923
17332.031250	-183.350266
17343.750000	-186.280930
17355.468750	-186.983444
17367.187500	-187.178040
17378.906250	-184.856796
17390.625000	-187.365768
17402.343750	-184.622147
17414.062500	-186.860031
17425.781250	-187.427216
17437.500000	-188.590118
17449.218750	-189.814377
17460.937500	-189.913040
17472.656250	-187.990295
17484.375000	-190.237183
17496.093750	-185.399734
17507.812500	-185.619919
17519.531250	-189.731827
17531.250000	-190.300644
17542.968750	-184.335220
17554.687500	-170.151688
17566.406250	-171.710251
17578.125000	-185.844757
17589.843750	-187.531250
17601.562500	-188.754822
17613.281250	-190.668930
17625.000000	-178.536850
17636.718750	-168.974228
17648.437500	-171.439529
17660.156250	-187.556763
17671.875000	-190.595871
17683.593750	-178.895874
17695.312500	-179.500000
17707.031250	-187.521561
17718.750000	-189.535416
17730.468750	-190.438370
17742.187500	-186.988861
17753.906250	-185.779984
17765.625000	-191.551331
17777.343750	-188.556183
17789.062500	-186.803635
17800.781250	-188.437469
17812.500000	-186.016144
17824.218750	-183.422165
17835.937500	-187.050064
17847.656250	-186.257339
17859.375000	-188.723526
17871.093750	-182.488190
17882.812500	-180.534836
17894.531250	-183.256088
17906.250000	-182.601456
17917.968750	-180.095749
17929.687500	-176.291321
17941.406250	-174.260056
17953.125000	-171.026581
17964.843750	-167.393570
17976.562500	-162.814529
17988.281250	-157.450546
18000.000000	-150.429260
18011.718750	-140.533707
18023.437500	-122.192551
18035.156250	-109.916306
18046.875000	-110.920616
18058.593750	-126.836967
18070.312500	-142.569824
18082.031250	-151.780685
18093.750000	-158.447479
18105.468750	-163.739929
18117.187500	-167.996475
18128.906250	-171.507996
18140.625000	-175.152420
18152.343750	-177.566696
18164.062500	-179.528214
18175.781250	-180.503036
18187.500000	-183.438278
18199.218750	-185.192368
18210.937500	-186.392395
18222.656250	-187.672592
18234.375000	-189.093506
18246.093750	-184.035706
18257.812500	-183.964233
18269.531250	-188.206940
18281.250000	-189.399094
18292.968750	-189.053452
18304.687500	-181.087463
18316.406250	-180.932465
18328.125000	-189.978806
18339.843750	-187.651108
18351.562500	-188.066803
18363.281250	-188.655746
18375.000000	-190.621765
18386.718750	-190.802261
18398.437500	-189.986069
18410.156250	-188.604767
18421.875000	-182.860779
18433.593750	-169.786819
18445.312500	-169.477417
18457.031250	-182.963791
18468.750000	-192.059296
18480.468750	-191.389603
18492.187500	-185.284195
18503.906250	-175.801254
18515.625000	-164.501251
18527.343750	-165.840103
18539.062500	-181.367981
18550.781250	-188.845581
18562.500000	-188.847275
18574.218750	-187.771484
18585.937500	-188.542068
18597.656250	-189.056808
18609.375000	-189.915466
18621.093750	-185.061493
18632.812500	-186.074677
18644.531250	-190.584381
18656.250000	-192.459473
18667.968750	-189.452682
18679.687500	-181.298645
18691.406250	-183.362503
18703.125000	-187.202850
18714.843750	-189.210922
18726.562500	-188.003891
18738.281250	-188.978745
18750.000000	-188.396851
18761.718750	-188.129547
18773.437500	-186.464188
18785.156250	-185.201019
18796.875000	-182.781738
18808.593750	-178.880035
18820.312500	-177.429047
18832.031250	-175.191376
18843.750000	-171.676636
18855.468750	-167.174728
18867.187500	-161.862198
18878.906250	-155.060333
18890.625000	-145.552948
18902.343750	-128.743881
18914.062500	-114.633865
18925.781250	-114.556450
18937.500000	-128.387924
18949.218750	-145.392944
18960.937500	-154.958282
18972.656250	-161.815918
18984.375000	-167.199829
18996.093750	-171.610092
19007.812500	-175.167938
19019.531250	-178.669342
19031.250000	-181.372467
19042.968750	-183.650757
19054.687500	-175.572540
19066.406250	-176.755112
19078.125000	-187.372711
19089.843750	-185.147125
19101.562500	-186.788605
19113.281250	-190.095001
19125.000000	-190.716736
19136.718750	-192.541122
19148.437500	-186.942886
19160.156250	-186.323624
19171.875000	-187.183884
19183.593750	-178.822510
19195.312500	-179.005798
19207.031250	-189.781372
19218.750000	-192.373016
19230.468750	-190.037048
19242.187500	-184.950058
19253.906250	-185.598557
19265.625000	-192.760056
19277.343750	-188.246658
19289.062500	-188.739044
19300.781250	-188.015457
19312.500000	-182.677765
19324.218750	-179.320602
19335.937500	-186.334534
19347.656250	-189.305740
19359.375000	-191.727280
19371.093750	-186.090179
19382.812500	-173.693695
19394.531250	-160.512558
19406.250000	-160.993179
19417.968750	-175.220505
19429.687500	-182.478638
19441.406250	-182.148697
19453.125000	-189.395111
19464.843750	-188.378784
19476.562500	-187.204895
19488.281250	-188.404831
19500.000000	-190.959930
19511.718750	-191.607864
19523.437500	-189.215973
19535.156250	-188.762512
19546.875000	-191.076904
19558.593750	-183.452850
19570.312500	-183.577927
19582.031250	-187.585983
19593.750000	-191.881821
19605.468750	-190.602051
19617.187500	-185.231949
19628.906250	-186.104736
19640.625000	-190.280426
19652.343750	-187.709595
19664.062500	-186.236511
19675.781250	-183.103577
19687.500000	-183.277451
19699.218750	-183.079193
19710.937500	-179.730240
19722.656250	-176.400894
19734.375000	-172.392136
19746.093750	-166.723663
19757.812500	-160.358536
19769.531250	-151.282257
19781.250000	-135.705551
19792.968750	-119.457054
19804.687500	-118.296982
19816.406250	-130.327805
19828.125000	-148.915573
19839.843750	-158.911133
19851.562500	-165.860565
19863.281250	-171.092346
19875.000000	-175.365692
19886.718750	-179.774963
19898.437500	-181.973907
19910.156250	-184.425659
19921.875000	-184.709763
19933.593750	-175.854660
19945.312500	-175.300171
19957.031250	-185.957581
19968.750000	-190.663101
19980.468750	-191.305115
19992.187500	-186.301971
20003.906250	-186.141403
20015.625000	-192.194412
20027.343750	-186.651398
20039.062500	-183.521515
20050.781250	-187.727692
20062.500000	-187.725143
20074.218750	-186.689209
20085.937500	-188.947433
20097.656250	-189.601562
20109.375000	-190.858353
20121.093750	-184.588440
20132.812500	-184.942871
20144.531250	-190.649170
20156.250000	-191.343063
20167.968750	-189.968262
20179.687500	-182.439606
20191.406250	-180.253830
20203.125000	-183.811417
20214.843750	-187.229294
20226.562500	-187.780792
20238.281250	-189.054352
20250.000000	-186.681686
20261.718750	-171.888321
20273.437500	-156.969818
20285.156250	-156.281281
20296.875000	-168.958893
20308.593750	-180.729294
20320.312500	-182.700485
20332.031250	-188.440826
20343.750000	-191.245087
20355.468750	-189.770859
20367.187500	-186.040848
20378.906250	-186.251343
20390.625000	-192.521469
20402.343750	-188.948151
20414.062500	-187.748428
20425.781250	-186.248291
20437.500000	-186.038834
20449.218750	-189.188461
20460.937500	-187.705292
20472.656250	-189.374756
20484.375000	-193.278763
20496.093750	-186.280457
20507.812500	-184.910416
20519.531250	-189.016190
20531.250000	-192.478638
20542.968750	-184.706482
20554.687500	-172.954285
20566.406250	-173.349945
20578.125000	-184.607758
20589.843750	-183.556458
20601.562500	-180.693039
20613.281250	-178.127625
20625.000000	-172.893616
20636.718750	-166.659164
20648.437500	-157.734512
20660.156250	-143.251251
20671.875000	-124.397171
20683.593750	-122.144241
20695.312500	-132.579544
20707.031250	-153.221069
20718.750000	-163.553635
20730.468750	-170.896454
20742.187500	-176.056580
20753.906250	-180.650635
20765.625000	-183.725342
20777.343750	-184.571198
20789.062500	-185.731506
20800.781250	-186.434341
20812.500000	-185.668930
20824.218750	-184.112915
20835.937500	-186.132263
20847.656250	-187.292145
20859.375000	-192.177139
20871.093750	-186.041260
20882.812500	-185.390427
20894.531250	-190.141144
20906.250000	-187.380234
20917.968750	-183.009995
20929.687500	-180.527405
20941.406250	-183.409241
20953.125000	-191.133652
20964.843750	-187.108978
20976.562500	-187.187103
20988.281250	-189.606308
21000.000000	-187.496719
21011.718750	-189.245682
21023.437500	-189.183624
21035.156250	-189.035217
21046.875000	-190.292740
21058.593750	-184.061996
21070.312500	-183.698181
21082.031250	-186.330154
21093.750000	-191.465973
21105.468750	-191.170273
21117.187500	-186.382568
21128.906250	-183.025940
21140.625000	-171.196594
21152.343750	-153.591049
21164.062500	-151.865082
21175.781250	-162.941162
21187.500000	-180.979095
21199.218750	-187.587311
21210.937500	-187.412872
21222.656250	-188.123505
21234.375000	-191.948441
21246.093750	-184.531952
21257.812500	-185.049561
21269.531250	-189.905106
21281.250000	-192.921951
21292.968750	-189.057098
21304.687500	-180.463394
21316.406250	-179.456238
21328.125000	-189.375198
21339.843750	-189.243515
21351.562500	-186.789764
21363.281250	-190.810562
21375.000000	-190.793640
21386.718750	-189.196762
21398.437500	-184.443588
21410.156250	-186.128067
21421.875000	-187.920074
21433.593750	-174.076096
21445.312500	-174.500320
21457.031250	-184.188705
21468.750000	-190.478836
21480.468750	-186.070480
21492.187500	-182.812241
21503.906250	-179.165970
21515.625000	-173.999146
21527.343750	-165.423553
21539.062500	-151.758469
21550.781250	-129.453705
21562.500000	-126.093399
21574.218750	-135.077423
21585.937500	-158.649673
21597.656250	-169.288940
21609.375000	-176.745956
21621.093750	-180.534714
21632.812500	-182.421844
21644.531250	-187.406342
21656.250000	-189.974136
21667.968750	-189.885468
21679.687500	-182.774841
21691.406250	-184.624008
21703.125000	-189.130981
21714.843750	-186.422836
21726.562500	-187.320419
21738.281250	-189.723175
21750.000000	-189.801773
21761.718750	-191.593628
21773.437500	-189.007095
21785.156250	-184.739792
21796.875000	-178.577164
21808.593750	-178.542114
21820.312500	-182.656128
21832.031250	-191.005432
21843.750000	-191.746552
21855.468750	-191.747192
21867.187500	-185.825012
21878.906250	-184.745667
21890.625000	-190.893555
21902.343750	-187.657959
21914.062500	-188.299103
21925.781250	-187.826981
21937.500000	-189.115845
21949.218750	-188.533997
21960.937500	-188.732285
21972.656250	-188.859848
21984.375000	-190.995758
21996.093750	-185.599472
22007.812500	-181.465439
22019.531250	-170.640152
22031.250000	-150.115341
22042.968750	-147.233688
22054.687500	-156.931534
22066.406250	-175.781815
22078.125000	-185.406815
22089.843750	-188.150543
22101.562500	-187.711609
22113.281250	-188.125595
22125.000000	-188.697708
22136.718750	-190.606750
22148.437500	-188.150436
22160.156250	-188.630096
22171.875000	-190.178665
22183.593750	-179.844482
22195.312500	-177.633209
22207.031250	-187.004120
22218.750000	-192.238693
22230.468750	-190.734955
22242.187500	-185.708725
22253.906250	-186.243347
22265.625000	-191.405914
22277.343750	-187.644424
22289.062500	-186.955765
22300.781250	-188.531219
22312.500000	-184.787491
22324.218750	-181.646729
22335.937500	-187.606979
22347.656250	-187.949173
22359.375000	-189.061981
22371.093750	-184.247940
22382.812500	-183.881210
22394.531250	-182.752335
22406.250000	-175.021149
22417.968750	-162.175674
22429.687500	-134.633926
22441.406250	-130.135040
22453.125000	-137.764160
22464.843750	-166.053131
22476.562500	-177.665329
22488.281250	-184.010651
22500.000000	-187.624557
22511.718750	-189.006760
22523.437500	-188.532578
22535.156250	-188.194183
22546.875000	-190.839050
22558.593750	-183.907730
22570.312500	-182.805893
22582.031250	-189.248245
22593.750000	-193.161194
22605.468750	-191.079712
22617.187500	-185.691910
22628.906250	-184.492218
22640.625000	-192.165268
22652.343750	-189.544907
22664.062500	-182.394409
22675.781250	-172.586685
22687.500000	-174.750275
22699.218750	-186.458527
22710.937500	-188.117462
22722.656250	-188.700226
22734.375000	-191.492905
22746.093750	-186.087112
22757.812500	-185.306915
22769.531250	-190.031754
22781.250000	-192.081100
22792.968750	-188.808746
22804.687500	-180.212692
22816.406250	-180.396622
22828.125000	-190.812515
22839.843750	-187.962006
22851.562500	-187.622894
22863.281250	-190.322189
22875.000000	-188.603195
22886.718750	-184.222488
22898.437500	-171.836823
22910.156250	-146.873627
22921.875000	-142.860443
22933.593750	-151.068604
22945.312500	-172.768127
22957.031250	-183.961273
22968.750000	-189.940765
22980.468750	-190.138000
22992.187500	-185.289886
23003.906250	-185.252914
23015.625000	-191.507767
23027.343750	-189.000809
23039.062500	-187.804428
23050.781250	-188.779770
23062.500000	-189.463593
23074.218750	-188.217529
23085.937500	-187.765869
23097.656250	-188.870316
23109.375000	-192.194107
23121.093750	-184.839264
23132.812500	-186.460159
23144.531250	-190.796860
23156.250000	-189.933487
23167.968750	-188.353546
23179.687500	-182.098663
23191.406250	-182.383209
23203.125000	-186.578506
23214.843750	-188.718842
23226.562500	-187.426239
23238.281250	-189.213928
23250.000000	-190.150467
23261.718750	-191.265472
23273.437500	-189.066040
23285.156250	-186.263840
23296.875000	-179.709625
23308.593750	-139.950928
23320.312500	-134.271301
23332.031250	-140.637466
23343.750000	-181.337936
23355.468750	-188.570404
23367.187500	-185.508606
23378.906250	-185.680023
23390.625000	-189.782425
23402.343750	-185.703583
23414.062500	-188.158310
23425.781250	-186.866119
23437.500000	-188.961456
23449.218750	-189.806290
23460.937500	-188.490021
23472.656250	-187.881516
23484.375000	-190.277847
23496.093750	-185.359680
23507.812500	-186.043930
23519.531250	-189.677444
23531.250000	-188.548813
23542.968750	-176.428680
23554.687500	-161.366150
23566.406250	-161.502914
23578.125000	-176.936234
23589.843750	-187.926254
23601.562500	-187.626205
23613.281250	-190.343872
23625.000000	-190.656357
23636.718750	-191.742233
23648.437500	-189.350311
23660.156250	-188.406097
23671.875000	-190.095627
23683.593750	-179.480301
23695.312500	-180.087616
23707.031250	-188.323059
23718.750000	-191.246094
23730.468750	-189.777679
23742.187500	-184.522095
23753.906250	-184.860275
23765.625000	-187.369949
23777.343750	-175.887070
23789.062500	-143.679108
23800.781250	-138.506760
23812.500000	-145.404678
23824.218750	-178.496658
23835.937500	-186.666367
23847.656250	-187.576523
23859.375000	-191.342514
23871.093750	-185.227890
23882.812500	-186.341064
23894.531250	-190.394760
23906.250000	-191.762619
23917.968750	-189.999008
23929.687500	-182.217148
23941.406250	-182.750473
23953.125000	-191.129471
23964.843750	-189.117416
23976.562500	-188.495926
23988.281250	-190.638550
