Frequency (Hz)	Level (dB)
10.766602	-32.890358
21.533203	-32.771305
32.299805	-32.894917
43.066406	-32.447559
53.833008	-33.298164
64.599609	-33.764481
75.366211	-33.436668
86.132812	-33.211040
96.899414	-33.099926
107.666016	-32.645840
118.432617	-32.555504
129.199219	-33.280224
139.965820	-33.317501
150.732422	-33.100128
161.499023	-33.192989
172.265625	-32.857964
183.032227	-33.029636
193.798828	-33.532745
204.565430	-33.310059
215.332031	-33.134434
226.098633	-32.796333
236.865234	-32.807800
247.631836	-32.672153
258.398438	-33.280205
269.165039	-33.434219
279.931641	-33.593822
290.698242	-33.123394
301.464844	-33.091560
312.231445	-33.662853
322.998047	-33.858913
333.764648	-33.444542
344.531250	-33.010571
355.297852	-32.802235
366.064453	-33.229923
376.831055	-33.427673
387.597656	-32.625359
398.364258	-32.609024
409.130859	-32.929100
419.897461	-33.194279
430.664062	-33.635788
441.430664	-33.101452
452.197266	-32.741871
462.963867	-32.620068
473.730469	-32.974937
484.497070	-33.804813
495.263672	-33.448532
506.030273	-33.096573
516.796875	-33.598892
527.563477	-33.621498
538.330078	-33.683743
549.096680	-33.420097
559.863281	-33.260456
570.629883	-33.283363
581.396484	-33.278660
592.163086	-33.070683
602.929688	-33.419739
613.696289	-33.345421
624.462891	-32.663467
635.229492	-32.669518
645.996094	-32.889038
656.762695	-32.590492
667.529297	-33.398197
678.295898	-33.902184
689.062500	-33.833782
699.829102	-33.155632
710.595703	-32.936535
721.362305	-32.728077
732.128906	-32.385754
742.895508	-32.744080
753.662109	-33.540688
764.428711	-33.746243
775.195312	-33.041969
785.961914	-32.571621
796.728516	-32.896458
807.495117	-33.019226
818.261719	-33.462940
829.028320	-33.308174
839.794922	-32.752029
850.561523	-32.857964
861.328125	-32.903244
872.094727	-32.476376
882.861328	-32.873764
893.627930	-33.242004
904.394531	-33.357922
915.161133	-33.556492
925.927734	-33.281803
936.694336	-33.046425
947.460938	-32.582226
958.227539	-32.589207
968.994141	-32.945263
979.760742	-33.218525
990.527344	-32.898731
1001.293945	-32.954605
1012.060547	-33.172199
1022.827148	-33.392479
1033.593750	-33.387939
1044.360352	-33.197151
1055.126953	-33.046906
1065.893555	-32.272987
1076.660156	-32.083118
1087.426758	-32.476254
1098.193359	-32.946327
1108.959961	-33.430649
1119.726562	-33.684986
1130.493164	-33.473457
1141.259766	-33.034077
1152.026367	-33.051949
1162.792969	-32.792904
1173.559570	-33.099800
1184.326172	-33.182098
1195.092773	-33.819702
1205.859375	-33.674690
1216.625977	-33.190777
1227.392578	-33.178646
1238.159180	-32.927498
1248.925781	-32.624599
1259.692383	-32.923256
1270.458984	-33.091110
1281.225586	-33.041420
1291.992188	-33.383671
1302.758789	-33.466576
1313.525391	-33.013374
1324.291992	-32.351280
1335.058594	-32.630913
1345.825195	-33.148987
1356.591797	-33.196777
1367.358398	-33.370602
1378.125000	-33.120335
1388.891602	-33.497765
1399.658203	-33.258137
1410.424805	-32.903912
1421.191406	-32.561581
1431.958008	-32.804916
1442.724609	-32.698349
1453.491211	-33.019958
1464.257812	-32.548115
1475.024414	-32.883888
1485.791016	-33.451572
1496.557617	-32.912376
1507.324219	-32.556728
1518.090820	-32.834560
1528.857422	-32.525951
1539.624023	-32.502457
1550.390625	-33.373745
1561.157227	-33.763744
1571.923828	-33.548244
1582.690430	-33.456985
1593.457031	-33.667301
1604.223633	-33.382923
1614.990234	-33.030373
1625.756836	-33.078590
1636.523438	-33.238285
1647.290039	-33.113163
1658.056641	-33.191795
1668.823242	-32.830475
1679.589844	-32.986881
1690.356445	-33.341068
1701.123047	-33.064346
1711.889648	-33.113033
1722.656250	-33.390488
1733.422852	-33.209694
1744.189453	-33.119522
1754.956055	-33.244179
1765.722656	-33.081554
1776.489258	-33.470322
1787.255859	-33.543324
1798.022461	-33.152122
1808.789062	-33.194618
1819.555664	-33.253681
1830.322266	-33.138290
1841.088867	-33.305370
1851.855469	-32.890152
1862.622070	-32.951023
1873.388672	-33.802799
1884.155273	-33.224571
1894.921875	-33.111565
1905.688477	-33.790188
1916.455078	-34.178684
1927.221680	-33.500568
1937.988281	-32.887604
1948.754883	-32.701897
1959.521484	-33.048401
1970.288086	-33.849876
1981.054688	-33.651936
1991.821289	-33.745411
2002.587891	-33.687664
2013.354492	-33.965916
2024.121094	-33.794029
2034.887695	-33.580132
2045.654297	-33.567097
2056.420898	-33.277294
2067.187500	-33.329536
2077.954102	-33.259029
2088.720703	-33.301838
2099.487305	-33.034477
2110.253906	-33.501701
2121.020508	-33.660786
2131.787109	-33.293247
2142.553711	-33.395172
2153.320312	-32.940891
2164.086914	-33.081703
2174.853516	-33.360622
2185.620117	-33.009636
2196.386719	-33.748344
2207.153320	-33.396759
2217.919922	-33.519588
2228.686523	-34.325176
2239.453125	-33.570309
2250.219727	-33.242977
2260.986328	-33.449013
2271.752930	-33.054310
2282.519531	-32.932709
2293.286133	-33.596531
2304.052734	-33.543507
2314.819336	-33.723450
2325.585938	-33.376919
2336.352539	-32.877937
2347.119141	-33.105030
2357.885742	-33.172035
2368.652344	-32.814999
2379.418945	-33.398918
2390.185547	-33.385231
2400.952148	-33.412567
2411.718750	-33.627151
2422.485352	-33.251862
2433.251953	-33.379742
2444.018555	-33.784252
2454.785156	-34.067707
2465.551758	-33.406353
2476.318359	-32.921059
2487.084961	-33.109570
2497.851562	-33.093407
2508.618164	-33.836918
2519.384766	-33.354267
2530.151367	-32.982750
2540.917969	-33.191898
2551.684570	-33.523254
2562.451172	-33.487812
2573.217773	-33.002048
2583.984375	-33.259945
2594.750977	-33.677952
2605.517578	-33.471191
2616.284180	-33.552711
2627.050781	-33.412804
2637.817383	-33.065441
2648.583984	-33.063572
2659.350586	-33.054386
2670.117188	-33.368397
2680.883789	-33.412090
2691.650391	-33.636215
2702.416992	-33.861851
2713.183594	-33.485611
2723.950195	-32.914024
2734.716797	-32.945866
2745.483398	-33.405682
2756.250000	-33.131962
2767.016602	-32.988068
2777.783203	-33.054661
2788.549805	-33.151905
2799.316406	-33.290501
2810.083008	-33.514629
2820.849609	-33.705692
2831.616211	-33.508312
2842.382812	-32.934639
2853.149414	-33.598270
2863.916016	-33.414780
2874.682617	-33.013012
2885.449219	-33.020851
2896.215820	-33.291683
2906.982422	-33.504345
2917.749023	-33.928047
2928.515625	-33.676769
2939.282227	-33.646767
2950.048828	-33.084457
2960.815430	-33.131863
2971.582031	-33.382587
2982.348633	-33.624081
2993.115234	-33.743004
3003.881836	-34.028217
3014.648438	-33.524105
3025.415039	-33.665554
3036.181641	-33.999695
3046.948242	-33.701866
3057.714844	-33.752605
3068.481445	-33.678112
3079.248047	-33.481125
3090.014648	-33.533268
3100.781250	-33.959190
3111.547852	-33.889603
3122.314453	-34.339657
3133.081055	-34.234627
3143.847656	-33.906555
3154.614258	-33.738960
3165.380859	-34.056168
3176.147461	-33.954247
3186.914062	-33.390362
3197.680664	-33.331947
3208.447266	-33.721481
3219.213867	-33.687077
3229.980469	-33.073677
3240.747070	-33.385975
3251.513672	-33.234161
3262.280273	-33.384064
3273.046875	-33.248795
3283.813477	-33.293892
3294.580078	-33.478561
3305.346680	-33.801380
3316.113281	-33.856911
3326.879883	-33.820133
3337.646484	-34.275551
3348.413086	-34.373150
3359.179688	-34.086220
3369.946289	-34.284523
3380.712891	-34.006184
3391.479492	-33.722866
3402.246094	-33.479294
3413.012695	-33.591026
3423.779297	-33.814255
3434.545898	-33.509449
3445.312500	-34.062500
3456.079102	-33.854641
3466.845703	-33.709358
3477.612305	-33.599552
3488.378906	-33.329254
3499.145508	-33.140099
3509.912109	-32.949959
3520.678711	-33.602604
3531.445312	-33.723370
3542.211914	-33.425068
3552.978516	-33.302017
3563.745117	-33.767647
3574.511719	-33.530148
3585.278320	-33.202202
3596.044922	-33.041840
3606.811523	-33.308201
3617.578125	-33.918957
3628.344727	-33.500286
3639.111328	-33.494606
3649.877930	-33.637207
3660.644531	-33.999840
3671.411133	-34.119190
3682.177734	-33.941418
3692.944336	-33.498070
3703.710938	-33.281715
3714.477539	-33.601269
3725.244141	-33.674133
3736.010742	-33.926029
3746.777344	-33.606388
3757.543945	-32.910278
3768.310547	-33.684982
3779.077148	-33.416531
3789.843750	-33.425869
3800.610352	-33.820721
3811.376953	-33.786926
3822.143555	-33.152328
3832.910156	-33.322842
3843.676758	-33.406563
3854.443359	-33.649513
3865.209961	-33.897209
3875.976562	-33.153980
3886.743164	-33.366238
3897.509766	-33.802078
3908.276367	-33.798130
3919.042969	-34.037247
3929.809570	-34.138096
3940.576172	-33.827480
3951.342773	-33.739586
3962.109375	-33.652134
3972.875977	-33.523430
3983.642578	-33.963390
3994.409180	-33.953728
4005.175781	-33.768612
4015.942383	-34.005585
4026.708984	-34.022793
4037.475586	-33.589352
4048.242188	-33.410263
4059.008789	-33.755623
4069.775391	-33.844227
4080.541992	-33.832016
4091.308594	-33.719700
4102.075195	-33.651836
4112.841797	-33.720581
4123.608398	-33.242687
4134.375000	-33.477432
4145.141602	-33.332798
4155.908203	-33.611729
4166.674805	-33.640800
4177.441406	-33.874409
4188.208008	-33.632545
4198.974609	-33.648182
4209.741211	-33.472916
4220.507812	-33.630112
4231.274414	-34.468258
4242.041016	-34.071949
4252.807617	-33.895596
4263.574219	-34.101040
4274.340820	-33.823307
4285.107422	-33.650276
4295.874023	-33.771774
4306.640625	-33.583759
4317.407227	-33.621624
4328.173828	-33.914494
4338.940430	-34.089764
4349.707031	-33.995327
4360.473633	-33.453255
4371.240234	-33.976620
4382.006836	-34.126526
4392.773438	-34.147987
4403.540039	-33.993202
4414.306641	-34.390171
4425.073242	-34.198242
4435.839844	-34.356461
4446.606445	-34.149830
4457.373047	-33.813957
4468.139648	-34.029381
4478.906250	-34.078747
4489.672852	-33.623089
4500.439453	-33.622849
4511.206055	-33.714073
4521.972656	-33.729473
4532.739258	-33.743813
4543.505859	-33.502460
4554.272461	-33.267376
4565.039062	-33.513718
4575.805664	-33.813736
4586.572266	-33.917770
4597.338867	-33.923813
4608.105469	-34.104557
4618.872070	-34.055714
4629.638672	-34.342316
4640.405273	-34.037819
4651.171875	-33.891773
4661.938477	-34.052383
4672.705078	-34.353378
4683.471680	-34.302555
4694.238281	-34.664165
4705.004883	-34.468876
4715.771484	-34.254948
4726.538086	-33.434669
4737.304688	-33.107391
4748.071289	-33.273037
4758.837891	-33.877911
4769.604492	-34.305969
4780.371094	-34.131836
4791.137695	-33.296494
4801.904297	-33.566658
4812.670898	-33.436718
4823.437500	-34.031967
4834.204102	-34.548996
4844.970703	-34.306854
4855.737305	-33.847500
4866.503906	-33.641850
4877.270508	-33.695019
4888.037109	-33.872574
4898.803711	-34.054081
4909.570312	-33.991398
4920.336914	-33.755299
4931.103516	-33.962337
4941.870117	-33.451763
4952.636719	-33.590992
4963.403320	-33.283657
4974.169922	-33.845108
4984.936523	-34.219536
4995.703125	-34.199677
5006.469727	-34.328251
5017.236328	-34.459023
5028.002930	-33.824806
5038.769531	-33.560581
5049.536133	-34.104866
5060.302734	-34.602428
5071.069336	-33.954548
5081.835938	-34.366753
5092.602539	-34.313324
5103.369141	-33.996548
5114.135742	-33.856117
5124.902344	-33.788151
5135.668945	-34.065105
5146.435547	-34.403057
5157.202148	-34.492844
5167.968750	-34.302048
5178.735352	-33.253166
5189.501953	-33.442867
5200.268555	-33.749046
5211.035156	-33.893864
5221.801758	-33.732437
5232.568359	-33.542290
5243.334961	-34.043259
5254.101562	-34.420605
5264.868164	-34.587025
5275.634766	-34.221523
5286.401367	-34.250088
5297.167969	-34.074188
5307.934570	-33.678322
5318.701172	-34.093868
5329.467773	-34.122417
5340.234375	-34.350658
5351.000977	-33.845299
5361.767578	-33.333130
5372.534180	-33.722286
5383.300781	-34.022396
5394.067383	-34.161583
5404.833984	-33.684391
5415.600586	-33.802166
5426.367188	-34.310986
5437.133789	-34.391541
5447.900391	-34.682426
5458.666992	-34.455566
5469.433594	-33.989933
5480.200195	-33.888023
5490.966797	-34.025944
5501.733398	-34.329323
5512.500000	-34.187428
5523.266602	-33.823257
5534.033203	-34.377102
5544.799805	-34.192219
5555.566406	-33.995838
5566.333008	-33.875725
5577.099609	-33.868019
5587.866211	-34.420311
5598.632812	-33.965961
5609.399414	-34.308228
5620.166016	-34.595531
5630.932617	-34.090073
5641.699219	-33.796730
5652.465820	-33.955730
5663.232422	-34.309166
5673.999023	-34.194233
5684.765625	-34.171295
5695.532227	-34.072006
5706.298828	-34.208050
5717.065430	-34.304466
5727.832031	-34.380230
5738.598633	-34.135052
5749.365234	-33.782269
5760.131836	-33.372974
5770.898438	-33.950047
5781.665039	-34.255810
5792.431641	-34.355759
5803.198242	-34.127434
5813.964844	-34.007328
5824.731445	-34.139854
5835.498047	-33.657940
5846.264648	-33.889889
5857.031250	-34.305618
5867.797852	-34.547478
5878.564453	-34.519688
5889.331055	-34.228909
5900.097656	-34.319115
5910.864258	-34.397972
5921.630859	-34.094093
5932.397461	-34.043091
5943.164062	-33.879608
5953.930664	-33.295036
5964.697266	-33.795761
5975.463867	-34.580238
5986.230469	-33.790802
5996.997070	-33.260628
6007.763672	-34.261208
6018.530273	-35.162361
6029.296875	-34.899395
6040.063477	-34.680229
6050.830078	-34.625858
6061.596680	-34.275734
6072.363281	-34.309341
6083.129883	-34.833485
6093.896484	-34.485718
6104.663086	-34.196747
6115.429688	-33.754066
6126.196289	-34.438656
6136.962891	-34.586857
6147.729492	-34.469181
6158.496094	-34.276424
6169.262695	-33.663429
6180.029297	-34.063190
6190.795898	-33.948849
6201.562500	-34.194851
6212.329102	-34.418819
6223.095703	-34.577805
6233.862305	-33.825245
6244.628906	-34.288769
6255.395508	-34.880230
6266.162109	-35.108837
6276.928711	-34.529900
6287.695312	-34.446014
6298.461914	-34.191154
6309.228516	-34.365917
6319.995117	-34.567493
6330.761719	-34.553673
6341.528320	-34.189049
6352.294922	-34.376385
6363.061523	-33.960812
6373.828125	-33.872974
6384.594727	-34.661167
6395.361328	-34.619522
6406.127930	-34.579586
6416.894531	-34.307770
6427.661133	-34.621986
6438.427734	-34.160156
6449.194336	-34.028595
6459.960938	-34.342018
6470.727539	-33.947235
6481.494141	-33.666397
6492.260742	-34.008553
6503.027344	-33.912056
6513.793945	-34.718971
6524.560547	-35.095379
6535.327148	-34.464355
6546.093750	-34.585361
6556.860352	-34.620323
6567.626953	-34.413746
6578.393555	-34.444199
6589.160156	-34.513599
6599.926758	-34.436512
6610.693359	-34.701965
6621.459961	-34.802578
6632.226562	-34.470646
6642.993164	-34.480801
6653.759766	-34.540932
6664.526367	-34.768093
6675.292969	-34.475681
6686.059570	-34.228828
6696.826172	-34.420582
6707.592773	-34.369621
6718.359375	-34.462955
6729.125977	-34.710106
6739.892578	-34.616425
6750.659180	-34.523121
6761.425781	-34.634693
6772.192383	-34.104412
6782.958984	-34.230076
6793.725586	-34.802887
6804.492188	-34.523251
6815.258789	-34.752392
6826.025391	-35.076599
6836.791992	-35.070370
6847.558594	-34.298618
6858.325195	-34.384418
6869.091797	-34.707371
6879.858398	-35.102127
6890.625000	-35.850780
6901.391602	-35.465313
6912.158203	-34.868675
6922.924805	-34.846226
6933.691406	-34.677471
6944.458008	-34.243504
6955.224609	-33.904091
6965.991211	-34.418800
6976.757812	-34.710091
6987.524414	-34.619984
6998.291016	-34.522842
7009.057617	-34.397350
7019.824219	-34.662846
7030.590820	-34.559608
7041.357422	-34.655773
7052.124023	-34.501045
7062.890625	-34.370331
7073.657227	-34.480133
7084.423828	-34.847424
7095.190430	-35.133045
7105.957031	-34.712852
7116.723633	-34.979450
7127.490234	-35.174236
7138.256836	-35.077248
7149.023438	-34.880569
7159.790039	-34.647449
7170.556641	-34.028030
7181.323242	-34.255146
7192.089844	-34.633625
7202.856445	-35.155624
7213.623047	-34.534626
7224.389648	-34.267586
7235.156250	-34.340263
7245.922852	-34.741119
7256.689453	-35.094769
7267.456055	-34.870907
7278.222656	-34.771263
7288.989258	-34.723267
7299.755859	-34.602058
7310.522461	-34.333050
7321.289062	-34.726437
7332.055664	-35.123550
7342.822266	-34.755672
7353.588867	-35.123291
7364.355469	-34.678802
7375.122070	-34.742809
7385.888672	-35.108383
7396.655273	-34.593899
7407.421875	-34.006699
7418.188477	-34.369305
7428.955078	-35.116367
7439.721680	-34.886139
7450.488281	-35.131786
7461.254883	-35.189449
7472.021484	-34.960411
7482.788086	-34.977486
7493.554688	-34.410942
7504.321289	-34.277237
7515.087891	-34.540745
7525.854492	-34.499470
7536.621094	-35.137276
7547.387695	-35.136768
7558.154297	-34.757168
7568.920898	-34.340988
7579.687500	-35.014610
7590.454102	-34.830788
7601.220703	-34.294521
7611.987305	-34.714058
7622.753906	-34.799728
7633.520508	-34.596756
7644.287109	-35.365570
7655.053711	-35.264130
7665.820312	-34.791176
7676.586914	-34.982269
7687.353516	-35.176022
7698.120117	-34.646259
7708.886719	-34.504356
7719.653320	-34.871368
7730.419922	-34.844337
7741.186523	-34.813919
7751.953125	-35.246010
7762.719727	-35.252018
7773.486328	-35.220726
7784.252930	-35.642536
7795.019531	-34.686478
7805.786133	-34.530102
7816.552734	-35.019138
7827.319336	-35.089558
7838.085938	-34.886414
7848.852539	-34.839737
7859.619141	-34.642212
7870.385742	-35.258118
7881.152344	-35.569572
7891.918945	-35.471184
7902.685547	-35.120842
7913.452148	-34.624702
7924.218750	-34.720955
7934.985352	-34.989250
7945.751953	-35.038387
7956.518555	-35.198357
7967.285156	-35.084316
7978.051758	-34.388157
7988.818359	-34.473774
7999.584961	-34.916447
8010.351562	-35.073704
8021.118164	-35.004780
8031.884766	-35.619450
8042.651367	-35.907661
8053.417969	-35.272293
8064.184570	-35.256947
8074.951172	-35.165920
8085.717773	-34.483730
8096.484375	-34.864265
8107.250977	-34.972092
8118.017578	-35.390640
8128.784180	-34.963314
8139.550781	-34.539726
8150.317383	-34.931900
8161.083984	-34.679573
8171.850586	-34.666523
8182.617188	-34.643940
8193.383789	-34.463036
8204.150391	-35.046379
8214.916992	-35.031544
8225.683594	-34.569691
8236.450195	-34.524139
8247.216797	-34.566547
8257.983398	-34.767803
8268.750000	-34.546597
8279.516602	-34.719013
8290.283203	-34.762455
8301.049805	-35.130058
8311.816406	-35.274765
8322.583008	-35.115101
8333.349609	-35.139580
8344.116211	-35.396996
8354.882812	-34.862431
8365.649414	-35.040871
8376.416016	-35.583126
8387.182617	-35.124329
8397.949219	-35.112568
8408.715820	-34.500500
8419.482422	-34.672756
8430.249023	-35.233089
8441.015625	-35.375488
8451.782227	-35.295601
8462.548828	-34.685719
8473.315430	-35.278919
8484.082031	-35.699684
8494.848633	-35.370010
8505.615234	-35.145622
8516.381836	-35.421841
8527.148438	-34.992386
8537.915039	-35.148918
8548.681641	-35.008232
8559.448242	-34.899918
8570.214844	-34.905319
8580.981445	-34.941696
8591.748047	-35.079281
8602.514648	-35.118862
8613.281250	-34.981144
8624.047852	-35.424404
8634.814453	-35.379593
8645.581055	-35.390812
8656.347656	-35.153095
8667.114258	-35.199024
8677.880859	-35.113697
8688.647461	-35.038025
8699.414062	-35.016304
8710.180664	-34.686863
8720.947266	-34.961506
8731.713867	-34.861225
8742.480469	-35.000877
8753.247070	-34.925640
8764.013672	-35.200218
8774.780273	-35.684258
8785.546875	-35.352642
8796.313477	-35.144035
8807.080078	-35.668419
8817.846680	-35.535393
8828.613281	-35.541389
8839.379883	-35.156273
8850.146484	-34.686821
8860.913086	-34.870575
8871.679688	-35.320431
8882.446289	-34.804790
8893.212891	-35.129837
8903.979492	-35.346043
8914.746094	-35.262360
8925.512695	-35.099583
8936.279297	-35.495701
8947.045898	-35.310696
8957.812500	-35.362560
8968.579102	-35.185555
8979.345703	-35.317593
8990.112305	-35.405422
9000.878906	-35.575783
9011.645508	-35.848164
9022.412109	-35.269085
9033.178711	-35.232033
9043.945312	-35.333122
9054.711914	-35.734337
9065.478516	-35.896969
9076.245117	-35.412056
9087.011719	-35.894272
9097.778320	-35.046909
9108.544922	-34.882786
9119.311523	-35.302170
9130.078125	-35.278008
9140.844727	-35.109730
9151.611328	-34.902050
9162.377930	-35.345722
9173.144531	-35.438229
9183.911133	-35.688248
9194.677734	-35.275410
9205.444336	-35.190765
9216.210938	-35.515633
9226.977539	-35.628151
9237.744141	-34.912750
9248.510742	-35.398563
9259.277344	-35.359753
9270.043945	-35.054504
9280.810547	-35.035698
9291.577148	-35.070251
9302.343750	-34.868385
9313.110352	-35.196033
9323.876953	-35.201344
9334.643555	-35.826324
9345.410156	-35.059090
9356.176758	-35.234253
9366.943359	-35.141659
9377.709961	-35.043762
9388.476562	-35.519093
9399.243164	-35.159431
9410.009766	-34.663036
9420.776367	-35.025848
9431.542969	-35.116413
9442.309570	-35.306595
9453.076172	-35.539742
9463.842773	-35.683380
9474.609375	-35.112206
9485.375977	-35.598190
9496.142578	-35.513977
9506.909180	-35.318626
9517.675781	-35.277245
9528.442383	-35.054260
9539.208984	-35.808926
9549.975586	-35.594574
9560.742188	-35.231972
9571.508789	-35.148460
9582.275391	-35.249813
9593.041992	-34.988251
9603.808594	-35.310238
9614.575195	-35.027370
9625.341797	-35.297295
9636.108398	-35.682644
9646.875000	-35.969234
9657.641602	-35.983471
9668.408203	-36.045788
9679.174805	-35.811840
9689.941406	-35.493210
9700.708008	-35.257530
9711.474609	-35.837593
9722.241211	-35.690674
9733.007812	-35.479446
9743.774414	-35.346413
9754.541016	-35.173756
9765.307617	-35.514820
9776.074219	-35.743187
9786.840820	-35.320553
9797.607422	-35.255020
9808.374023	-35.479862
9819.140625	-35.748638
9829.907227	-35.217239
9840.673828	-35.389763
9851.440430	-35.404949
9862.207031	-35.828510
9872.973633	-35.555809
9883.740234	-35.357876
9894.506836	-35.341724
9905.273438	-35.171623
9916.040039	-35.024250
9926.806641	-35.507370
9937.573242	-35.525410
9948.339844	-35.704151
9959.106445	-35.313084
9969.873047	-35.131733
9980.639648	-35.155369
9991.406250	-35.973381
10002.172852	-35.605831
10012.939453	-35.370548
10023.706055	-35.255424
10034.472656	-35.582485
10045.239258	-35.527386
10056.005859	-35.741707
10066.772461	-35.894745
10077.539062	-35.155422
10088.305664	-35.591476
10099.072266	-35.994011
10109.838867	-36.039913
10120.605469	-35.583927
10131.372070	-35.450310
10142.138672	-35.352932
10152.905273	-35.672035
10163.671875	-36.118362
10174.438477	-36.004154
10185.205078	-35.771362
10195.971680	-35.450233
10206.738281	-35.586475
10217.504883	-35.880978
10228.271484	-35.631557
10239.038086	-35.036800
10249.804688	-35.557610
10260.571289	-35.714096
10271.337891	-36.235607
10282.104492	-36.494778
10292.871094	-35.742420
10303.637695	-36.006287
10314.404297	-36.099800
10325.170898	-36.022018
10335.937500	-35.929214
10346.704102	-35.468269
10357.470703	-35.124802
10368.237305	-34.686275
10379.003906	-35.171215
10389.770508	-35.524784
10400.537109	-35.960991
10411.303711	-36.097916
10422.070312	-35.847179
10432.836914	-35.470295
10443.603516	-35.082035
10454.370117	-34.941765
10465.136719	-35.057793
10475.903320	-34.893723
10486.669922	-35.132301
10497.436523	-35.846294
10508.203125	-35.969131
10518.969727	-36.052299
10529.736328	-35.644844
10540.502930	-35.350143
10551.269531	-35.555759
10562.036133	-35.830193
10572.802734	-35.877464
10583.569336	-35.414227
10594.335938	-35.246956
10605.102539	-35.626976
10615.869141	-36.087330
10626.635742	-36.189922
10637.402344	-36.120239
10648.168945	-36.370007
10658.935547	-36.028942
10669.702148	-35.852737
10680.468750	-35.499813
10691.235352	-35.814720
10702.001953	-35.324085
10712.768555	-35.661156
10723.535156	-35.823166
10734.301758	-35.891258
10745.068359	-36.133434
10755.834961	-35.769325
10766.601562	-35.963600
10777.368164	-35.703297
10788.134766	-35.157314
10798.901367	-34.878254
10809.667969	-35.428818
10820.434570	-35.737514
10831.201172	-36.064095
10841.967773	-36.245407
10852.734375	-37.076385
10863.500977	-36.011822
10874.267578	-35.732292
10885.034180	-35.609715
10895.800781	-35.793617
10906.567383	-35.573349
10917.333984	-35.434864
10928.100586	-35.843788
10938.867188	-35.881462
10949.633789	-35.852211
10960.400391	-36.167278
10971.166992	-36.013268
10981.933594	-36.914452
10992.700195	-36.382488
11003.466797	-35.768692
11014.233398	-35.784019
11025.000000	-35.861469
11035.766602	-35.560959
11046.533203	-35.573460
11057.299805	-36.018616
11068.066406	-35.502319
11078.833008	-35.351376
11089.599609	-35.358097
11100.366211	-35.904781
11111.132812	-35.792061
11121.899414	-35.668468
11132.666016	-35.680153
11143.432617	-36.176395
11154.199219	-36.024464
11164.965820	-35.957554
11175.732422	-35.502766
11186.499023	-35.739399
11197.265625	-35.677361
11208.032227	-35.992676
11218.798828	-36.689957
11229.565430	-36.317551
11240.332031	-35.928528
11251.098633	-36.370411
11261.865234	-36.238743
11272.631836	-36.068844
11283.398438	-35.808125
11294.165039	-35.905041
11304.931641	-35.884369
11315.698242	-36.082443
11326.464844	-36.644566
11337.231445	-35.855568
11347.998047	-36.030914
11358.764648	-36.095764
11369.531250	-36.024273
11380.297852	-36.012310
11391.064453	-35.773472
11401.831055	-35.741428
11412.597656	-36.223145
11423.364258	-36.090435
11434.130859	-36.335361
11444.897461	-36.246689
11455.664062	-36.076027
11466.430664	-36.029213
11477.197266	-35.766132
11487.963867	-35.628029
11498.730469	-35.737404
11509.497070	-36.144211
11520.263672	-36.045670
11531.030273	-36.343033
11541.796875	-36.827755
11552.563477	-36.308914
11563.330078	-36.335144
11574.096680	-36.304810
11584.863281	-36.488419
11595.629883	-35.854324
11606.396484	-35.692463
11617.163086	-35.948494
11627.929688	-35.758858
11638.696289	-36.699146
11649.462891	-36.965225
11660.229492	-36.689255
11670.996094	-36.469715
11681.762695	-36.193413
11692.529297	-36.292110
11703.295898	-36.486019
11714.062500	-36.366127
11724.829102	-35.700150
11735.595703	-35.739120
11746.362305	-36.063053
11757.128906	-35.897038
11767.895508	-36.049004
11778.662109	-36.131073
11789.428711	-36.388020
11800.195312	-35.995911
11810.961914	-36.366028
11821.728516	-36.336365
11832.495117	-35.989281
11843.261719	-35.675900
11854.028320	-35.538216
11864.794922	-35.526466
11875.561523	-35.670944
11886.328125	-36.025375
11897.094727	-36.044407
11907.861328	-36.017414
11918.627930	-36.172295
11929.394531	-36.611660
11940.161133	-36.305828
11950.927734	-36.229198
11961.694336	-36.210644
11972.460938	-35.818985
11983.227539	-36.386127
11993.994141	-36.487450
12004.760742	-36.845291
12015.527344	-36.269100
12026.293945	-36.165974
12037.060547	-35.979156
12047.827148	-35.423531
12058.593750	-35.947624
12069.360352	-35.580494
12080.126953	-36.221684
12090.893555	-36.520611
12101.660156	-36.911976
12112.426758	-36.612877
12123.193359	-35.905144
12133.959961	-35.964622
12144.726562	-36.358093
12155.493164	-36.686794
12166.259766	-36.671677
12177.026367	-36.718727
12187.792969	-37.306732
12198.559570	-36.966412
12209.326172	-36.136204
12220.092773	-36.470398
12230.859375	-36.743492
12241.625977	-36.052032
12252.392578	-36.198048
12263.159180	-36.697525
12273.925781	-37.003693
12284.692383	-36.666813
12295.458984	-36.153206
12306.225586	-35.867950
12316.992188	-36.470654
12327.758789	-36.026752
12338.525391	-35.361820
12349.291992	-35.895184
12360.058594	-36.358665
12370.825195	-36.016010
12381.591797	-36.068474
12392.358398	-36.296238
12403.125000	-36.458115
12413.891602	-37.097324
12424.658203	-37.167534
12435.424805	-35.931305
12446.191406	-35.483116
12456.958008	-36.220837
12467.724609	-36.327694
12478.491211	-36.011997
12489.257812	-36.137493
12500.024414	-36.113274
12510.791016	-36.777176
12521.557617	-36.576416
12532.324219	-36.631100
12543.090820	-36.441254
12553.857422	-36.288822
12564.624023	-36.296085
12575.390625	-36.560955
12586.157227	-36.221123
12596.923828	-36.218342
12607.690430	-36.197422
12618.457031	-35.845860
12629.223633	-36.300030
12639.990234	-36.666618
12650.756836	-37.060406
12661.523438	-36.371048
12672.290039	-35.747250
12683.056641	-36.370159
12693.823242	-35.943153
12704.589844	-35.595860
12715.356445	-36.481293
12726.123047	-36.520977
12736.889648	-36.317322
12747.656250	-36.003777
12758.422852	-36.261387
12769.189453	-36.532024
12779.956055	-37.033688
12790.722656	-36.958553
12801.489258	-36.397598
12812.255859	-36.152130
12823.022461	-36.080429
12833.789062	-36.102081
12844.555664	-36.180771
12855.322266	-36.338787
12866.088867	-36.106384
12876.855469	-36.155182
12887.622070	-36.575428
12898.388672	-36.605309
12909.155273	-36.413212
12919.921875	-36.685562
12930.688477	-36.648808
12941.455078	-37.146881
12952.221680	-37.334854
12962.988281	-36.336067
12973.754883	-35.762119
12984.521484	-36.573128
12995.288086	-36.417183
13006.054688	-36.099380
13016.821289	-35.798374
13027.587891	-35.906662
13038.354492	-36.951065
13049.121094	-36.589848
13059.887695	-36.270721
13070.654297	-36.518986
13081.420898	-36.644016
13092.187500	-36.779121
13102.954102	-36.619038
13113.720703	-36.742596
13124.487305	-36.236153
13135.253906	-36.253220
13146.020508	-36.392170
13156.787109	-36.437725
13167.553711	-37.025841
13178.320312	-37.583664
13189.086914	-36.672466
13199.853516	-36.075073
13210.620117	-36.336582
13221.386719	-36.582958
13232.153320	-36.409512
13242.919922	-36.036068
13253.686523	-36.100273
13264.453125	-36.536846
13275.219727	-35.946072
13285.986328	-35.912739
13296.752930	-36.321457
13307.519531	-36.246017
13318.286133	-36.124031
13329.052734	-36.351208
13339.819336	-36.823727
13350.585938	-36.843330
13361.352539	-36.699692
13372.119141	-37.244308
13382.885742	-36.724693
13393.652344	-36.337543
13404.418945	-36.072231
13415.185547	-35.890247
13425.952148	-36.392418
13436.718750	-36.381214
13447.485352	-36.222969
13458.251953	-36.116825
13469.018555	-36.689507
13479.785156	-37.053108
13490.551758	-37.081097
13501.318359	-36.940651
13512.084961	-36.485909
13522.851562	-36.236443
13533.618164	-36.317802
13544.384766	-36.587929
13555.151367	-36.893822
13565.917969	-37.011982
13576.684570	-36.139286
13587.451172	-35.931221
13598.217773	-36.076668
13608.984375	-36.078533
13619.750977	-36.310566
13630.517578	-36.751331
13641.284180	-37.191242
13652.050781	-36.883083
13662.817383	-36.614918
13673.583984	-36.746593
13684.350586	-36.236671
13695.117188	-36.105362
13705.883789	-36.368702
13716.650391	-36.582329
13727.416992	-36.520168
13738.183594	-36.219967
13748.950195	-36.541748
13759.716797	-36.434189
13770.483398	-36.557919
13781.250000	-37.150990
13792.016602	-37.162079
13802.783203	-36.735207
13813.549805	-36.282646
13824.316406	-36.506584
13835.083008	-36.788307
13845.849609	-35.848343
13856.616211	-36.482666
13867.382812	-36.520973
13878.149414	-36.629616
13888.916016	-37.223385
13899.682617	-37.105762
13910.449219	-35.977867
13921.215820	-36.221855
13931.982422	-36.321362
13942.749023	-36.434223
13953.515625	-36.575974
13964.282227	-36.168530
13975.048828	-36.294712
13985.815430	-36.288391
13996.582031	-36.044003
14007.348633	-36.109306
14018.115234	-36.390961
14028.881836	-37.009808
14039.648438	-37.119720
14050.415039	-36.636959
14061.181641	-36.316486
14071.948242	-36.542671
14082.714844	-37.078941
14093.481445	-36.321846
14104.248047	-36.748688
14115.014648	-36.492039
14125.781250	-36.662029
14136.547852	-37.111507
14147.314453	-37.847656
14158.081055	-36.932713
14168.847656	-36.994473
14179.614258	-36.911858
14190.380859	-37.054810
14201.147461	-36.434708
14211.914062	-36.104454
14222.680664	-36.362049
14233.447266	-37.058956
14244.213867	-37.459183
14254.980469	-37.540833
14265.747070	-37.229462
14276.513672	-36.662495
14287.280273	-36.661434
14298.046875	-36.660591
14308.813477	-36.933720
14319.580078	-37.447536
14330.346680	-36.776562
14341.113281	-37.179104
14351.879883	-37.103638
14362.646484	-36.815872
14373.413086	-36.741825
14384.179688	-36.638184
14394.946289	-36.949860
14405.712891	-36.607948
14416.479492	-36.588112
14427.246094	-36.641197
14438.012695	-37.169331
14448.779297	-36.154831
14459.545898	-36.176605
14470.312500	-36.652695
14481.079102	-37.248760
14491.845703	-36.781960
14502.612305	-36.488262
14513.378906	-37.124866
14524.145508	-36.826176
14534.912109	-36.891808
14545.678711	-36.564144
14556.445312	-36.496799
14567.211914	-36.703358
14577.978516	-36.428463
14588.745117	-36.482601
14599.511719	-36.875912
14610.278320	-36.874958
14621.044922	-36.933044
14631.811523	-37.048466
14642.578125	-37.548531
14653.344727	-37.219627
14664.111328	-36.754578
14674.877930	-36.600800
14685.644531	-36.556698
14696.411133	-36.732342
14707.177734	-36.486031
14717.944336	-36.344490
14728.710938	-36.023354
14739.477539	-36.736778
14750.244141	-37.031902
14761.010742	-37.462761
14771.777344	-37.263794
14782.543945	-37.345661
14793.310547	-37.269360
14804.077148	-36.755436
14814.843750	-36.216991
14825.610352	-36.391033
14836.376953	-36.122116
14847.143555	-36.441719
14857.910156	-36.834900
14868.676758	-37.336952
14879.443359	-37.434258
14890.209961	-37.205330
14900.976562	-37.084000
14911.743164	-37.032013
14922.509766	-37.415028
14933.276367	-36.917030
14944.042969	-36.578762
14954.809570	-36.897163
14965.576172	-36.452244
14976.342773	-36.849300
14987.109375	-36.928383
14997.875977	-36.315105
15008.642578	-36.321632
15019.409180	-37.131615
15030.175781	-37.319813
15040.942383	-36.997284
15051.708984	-36.917355
15062.475586	-36.837578
15073.242188	-37.024651
15084.008789	-37.353119
15094.775391	-37.407318
15105.541992	-37.447659
15116.308594	-36.768429
15127.075195	-36.430489
15137.841797	-36.465164
15148.608398	-36.601227
15159.375000	-36.558395
15170.141602	-36.758808
15180.908203	-37.196922
15191.674805	-36.481850
15202.441406	-36.615921
15213.208008	-36.993488
15223.974609	-36.587357
15234.741211	-36.517502
15245.507812	-36.436184
15256.274414	-37.162933
15267.041016	-37.153572
15277.807617	-36.568863
15288.574219	-37.162609
15299.340820	-37.707661
15310.107422	-37.059788
15320.874023	-36.724770
15331.640625	-36.530796
15342.407227	-36.646835
15353.173828	-37.380539
15363.940430	-37.575706
15374.707031	-36.636517
15385.473633	-36.313877
15396.240234	-36.614311
15407.006836	-36.736443
15417.773438	-36.775822
15428.540039	-37.479568
15439.306641	-37.212063
15450.073242	-37.053238
15460.839844	-37.147285
15471.606445	-36.727348
15482.373047	-36.411510
15493.139648	-36.770821
15503.906250	-37.119095
15514.672852	-37.130993
15525.439453	-37.175575
15536.206055	-36.618431
15546.972656	-36.769093
15557.739258	-36.629776
15568.505859	-36.696629
15579.272461	-36.864902
15590.039062	-36.848648
15600.805664	-36.908012
15611.572266	-36.814228
15622.338867	-36.821449
15633.105469	-36.896118
15643.872070	-37.069340
15654.638672	-37.042118
15665.405273	-37.268856
15676.171875	-37.328960
15686.938477	-37.638695
15697.705078	-37.382355
15708.471680	-36.924438
15719.238281	-36.609951
15730.004883	-37.358574
15740.771484	-37.544819
15751.538086	-36.869915
15762.304688	-36.988918
15773.071289	-37.372658
15783.837891	-37.228348
15794.604492	-36.770363
15805.371094	-37.129688
15816.137695	-37.526562
15826.904297	-37.569809
15837.670898	-37.633358
15848.437500	-37.149616
15859.204102	-36.744110
15869.970703	-36.613815
15880.737305	-36.798687
15891.503906	-36.561504
15902.270508	-36.951340
15913.037109	-36.788044
15923.803711	-36.882423
15934.570312	-36.958839
15945.336914	-37.039696
15956.103516	-36.904110
15966.870117	-36.937283
15977.636719	-36.861950
15988.403320	-36.856495
15999.169922	-37.363934
16009.936523	-37.299290
16020.703125	-37.107628
16031.469727	-37.011311
16042.236328	-37.064590
16053.002930	-37.090061
16063.769531	-36.649258
16074.536133	-36.572720
16085.302734	-36.820171
16096.069336	-37.321835
16106.835938	-37.106720
16117.602539	-36.959106
16128.369141	-37.156174
16139.135742	-36.820427
16149.902344	-36.855137
16160.668945	-37.200859
16171.435547	-36.920971
16182.202148	-36.972328
16192.968750	-36.761921
16203.735352	-37.122200
16214.501953	-37.236557
16225.268555	-36.872543
16236.035156	-36.895836
16246.801758	-37.464405
16257.568359	-37.449314
16268.334961	-37.660091
16279.101562	-37.172447
16289.868164	-36.890564
16300.634766	-37.798569
16311.401367	-37.617252
16322.167969	-37.806465
16332.934570	-36.868706
16343.701172	-36.822586
16354.467773	-37.035446
16365.234375	-37.326870
16376.000977	-37.699074
16386.767578	-37.561855
16397.534180	-37.411957
16408.300781	-37.380524
16419.067383	-37.120514
16429.833984	-37.216839
16440.600586	-37.432854
16451.367188	-37.587440
16462.133789	-37.597210
16472.900391	-37.339912
16483.666992	-37.313728
16494.433594	-37.723843
16505.200195	-37.400879
16515.966797	-36.845482
16526.733398	-37.099522
16537.500000	-37.285454
16548.266602	-36.853264
16559.033203	-37.382214
16569.799805	-36.827831
16580.566406	-36.696777
16591.333008	-36.732838
16602.099609	-36.619705
16612.866211	-36.726143
16623.632812	-36.952610
16634.399414	-36.906792
16645.166016	-37.279026
16655.932617	-37.316357
16666.699219	-37.123978
16677.465820	-37.409813
16688.232422	-37.366261
16698.999023	-37.041851
16709.765625	-36.796978
16720.532227	-37.409122
16731.298828	-37.513321
16742.065430	-37.151920
16752.832031	-36.525105
16763.598633	-36.462364
16774.365234	-36.841591
16785.131836	-37.116768
16795.898438	-37.301285
16806.665039	-37.253628
16817.431641	-36.865414
16828.198242	-37.345482
16838.964844	-37.102329
16849.731445	-36.880436
16860.498047	-37.607311
16871.264648	-37.586338
16882.031250	-37.025997
16892.797852	-36.851994
16903.564453	-36.960438
16914.331055	-37.140385
16925.097656	-37.439995
16935.864258	-38.078384
16946.630859	-37.268173
16957.397461	-37.770420
16968.164062	-37.926281
16978.930664	-37.450169
16989.697266	-37.496307
17000.463867	-37.580875
17011.230469	-37.335175
17021.997070	-37.670616
17032.763672	-37.514874
17043.530273	-37.110313
17054.296875	-37.497272
17065.063477	-37.112755
17075.830078	-36.892433
17086.596680	-36.542454
17097.363281	-37.011204
17108.129883	-37.841492
17118.896484	-38.180992
17129.663086	-38.257668
17140.429688	-37.494762
17151.196289	-37.316216
17161.962891	-37.284199
17172.729492	-36.930878
17183.496094	-36.811611
17194.262695	-36.560101
17205.029297	-36.659473
17215.795898	-36.855709
17226.562500	-37.316738
17237.329102	-37.460018
17248.095703	-37.318966
17258.862305	-37.802876
17269.628906	-37.633259
17280.395508	-37.328945
17291.162109	-37.291519
17301.928711	-36.865063
17312.695312	-36.993015
17323.461914	-37.282730
17334.228516	-36.945446
17344.995117	-37.250984
17355.761719	-37.565525
17366.528320	-37.665157
17377.294922	-37.583694
17388.061523	-37.422413
17398.828125	-37.135326
17409.594727	-37.571609
17420.361328	-37.293270
17431.127930	-37.262981
17441.894531	-37.498436
17452.661133	-37.248020
17463.427734	-36.966896
17474.194336	-37.298485
17484.960938	-37.324703
17495.727539	-37.838646
17506.494141	-37.459854
17517.260742	-37.356770
17528.027344	-36.893940
17538.793945	-37.564392
17549.560547	-37.832256
17560.327148	-37.736298
17571.093750	-37.571621
17581.860352	-37.277393
17592.626953	-37.343452
17603.393555	-37.501564
17614.160156	-37.980038
17624.926758	-37.510536
17635.693359	-37.043392
17646.459961	-36.787510
17657.226562	-37.234638
17667.993164	-37.325653
17678.759766	-37.361786
17689.526367	-37.218578
17700.292969	-37.291431
17711.059570	-37.652073
17721.826172	-37.386532
17732.592773	-37.284718
17743.359375	-37.363075
17754.125977	-37.221306
17764.892578	-37.169968
17775.659180	-36.334042
17786.425781	-36.746017
17797.192383	-37.369381
17807.958984	-36.689323
17818.725586	-36.755630
17829.492188	-36.973118
17840.258789	-37.216606
17851.025391	-37.468128
17861.791992	-38.006882
17872.558594	-37.105202
17883.325195	-37.059811
17894.091797	-37.643192
17904.858398	-37.350704
17915.625000	-37.122971
17926.391602	-37.153515
17937.158203	-37.139187
17947.924805	-36.680202
17958.691406	-36.513981
17969.458008	-36.901447
17980.224609	-37.056355
17990.991211	-36.563759
18001.757812	-36.703987
18012.524414	-36.968330
18023.291016	-37.770821
18034.057617	-37.318203
18044.824219	-37.068699
18055.590820	-37.205006
18066.357422	-37.494492
18077.124023	-37.738194
18087.890625	-37.494865
18098.657227	-37.891762
18109.423828	-38.087265
18120.190430	-37.347954
18130.957031	-37.410778
18141.723633	-37.149651
18152.490234	-37.097855
18163.256836	-37.355991
18174.023438	-37.539955
18184.790039	-37.278572
18195.556641	-37.546406
18206.323242	-37.272636
18217.089844	-37.010441
18227.856445	-37.165352
18238.623047	-37.516121
18249.389648	-37.709480
18260.156250	-37.970749
18270.922852	-37.174011
18281.689453	-37.059898
18292.456055	-36.736038
18303.222656	-36.681000
18313.989258	-36.869755
18324.755859	-36.885063
18335.522461	-37.612911
18346.289062	-37.863129
18357.055664	-37.509144
18367.822266	-37.451336
18378.588867	-37.671749
18389.355469	-37.423744
18400.122070	-37.172337
18410.888672	-37.109779
18421.655273	-37.516895
18432.421875	-37.719799
18443.188477	-37.481144
18453.955078	-37.321079
18464.721680	-37.568741
18475.488281	-38.006180
18486.254883	-38.253124
18497.021484	-38.256725
18507.788086	-37.358707
18518.554688	-37.014812
18529.321289	-36.840183
18540.087891	-37.494461
18550.854492	-38.371002
18561.621094	-37.689480
18572.387695	-37.313534
18583.154297	-37.111454
18593.920898	-37.630665
18604.687500	-38.094429
18615.454102	-38.088024
18626.220703	-37.757999
18636.987305	-37.073624
18647.753906	-37.122398
18658.520508	-36.931278
18669.287109	-36.791386
18680.053711	-37.494141
18690.820312	-37.651314
18701.586914	-37.610256
18712.353516	-37.749329
18723.120117	-37.200169
18733.886719	-37.235924
18744.653320	-37.798435
18755.419922	-37.367363
18766.186523	-37.263180
18776.953125	-37.611496
18787.719727	-37.522419
18798.486328	-37.743454
18809.252930	-37.375336
18820.019531	-37.527920
18830.786133	-38.119141
18841.552734	-37.298923
18852.319336	-36.567959
18863.085938	-36.939159
18873.852539	-37.271847
18884.619141	-37.583771
18895.385742	-37.462204
18906.152344	-37.439541
18916.918945	-37.490967
18927.685547	-37.866459
18938.452148	-37.618290
18949.218750	-37.249416
18959.985352	-36.987492
18970.751953	-36.976074
18981.518555	-36.936928
18992.285156	-37.099964
19003.051758	-36.757130
19013.818359	-36.471565
19024.584961	-37.050949
19035.351562	-36.968555
19046.118164	-37.431042
19056.884766	-37.442974
19067.651367	-37.631767
19078.417969	-37.348385
19089.184570	-37.684956
19099.951172	-37.903370
19110.717773	-37.953892
19121.484375	-37.413597
19132.250977	-36.922607
19143.017578	-37.519566
19153.784180	-37.893105
19164.550781	-37.124363
19175.317383	-37.449768
19186.083984	-37.470181
19196.850586	-37.526516
19207.617188	-37.330074
19218.383789	-37.560127
19229.150391	-37.384251
19239.916992	-37.419209
19250.683594	-36.985035
19261.450195	-37.092976
19272.216797	-36.984901
19282.983398	-37.397236
19293.750000	-37.141445
19304.516602	-37.150898
19315.283203	-37.375763
19326.049805	-37.457230
19336.816406	-37.238808
19347.583008	-37.383312
19358.349609	-37.413185
19369.116211	-36.895824
19379.882812	-37.321709
19390.649414	-37.262341
19401.416016	-37.166447
19412.182617	-37.516254
19422.949219	-37.428501
19433.715820	-37.209492
19444.482422	-37.039635
19455.249023	-36.974659
19466.015625	-37.148529
19476.782227	-37.536552
19487.548828	-37.182266
19498.315430	-37.158825
19509.082031	-37.587753
19519.848633	-38.042812
19530.615234	-37.911736
19541.381836	-37.919903
19552.148438	-38.304920
19562.915039	-37.950905
19573.681641	-37.247368
19584.448242	-37.380547
19595.214844	-37.674568
19605.981445	-37.490917
19616.748047	-36.862865
19627.514648	-37.410469
19638.281250	-37.741631
19649.047852	-37.554996
19659.814453	-37.712940
19670.581055	-37.881168
19681.347656	-37.170380
19692.114258	-37.620380
19702.880859	-37.741051
19713.647461	-37.123077
19724.414062	-37.367786
19735.180664	-37.625031
19745.947266	-37.300407
19756.713867	-36.901550
19767.480469	-37.259487
19778.247070	-37.353233
19789.013672	-37.654568
19799.780273	-37.510643
19810.546875	-37.265232
19821.313477	-37.411816
19832.080078	-37.987823
19842.846680	-37.654057
19853.613281	-37.403801
19864.379883	-37.251263
19875.146484	-37.689262
19885.913086	-37.934498
19896.679688	-37.743847
19907.446289	-37.071320
19918.212891	-36.772938
19928.979492	-37.082279
19939.746094	-36.724716
19950.512695	-36.532352
19961.279297	-37.267212
19972.045898	-37.640770
19982.812500	-36.949520
19993.579102	-37.093109
20004.345703	-37.203873
20015.112305	-37.733109
20025.878906	-37.004097
20036.645508	-37.311157
20047.412109	-37.500656
20058.178711	-37.485271
20068.945312	-37.656269
20079.711914	-37.598362
20090.478516	-37.390171
20101.245117	-37.224846
20112.011719	-37.475933
20122.778320	-37.697891
20133.544922	-37.858593
20144.311523	-37.921200
20155.078125	-37.703331
20165.844727	-37.329575
20176.611328	-37.415710
20187.377930	-37.258553
20198.144531	-37.025444
20208.911133	-37.832359
20219.677734	-37.367481
20230.444336	-37.354855
20241.210938	-37.629047
20251.977539	-37.218197
20262.744141	-37.957787
20273.510742	-38.791241
20284.277344	-38.046944
20295.043945	-37.621033
20305.810547	-37.288296
20316.577148	-37.957890
20327.343750	-37.994907
20338.110352	-37.431213
20348.876953	-37.435333
20359.643555	-37.794991
20370.410156	-37.775784
20381.176758	-37.490211
20391.943359	-37.605701
20402.709961	-37.679684
20413.476562	-37.820568
20424.243164	-37.405128
20435.009766	-37.782928
20445.776367	-37.773952
20456.542969	-37.384369
20467.309570	-37.702007
20478.076172	-37.508972
20488.842773	-37.804798
20499.609375	-37.342018
20510.375977	-37.232563
20521.142578	-37.334396
20531.909180	-37.699245
20542.675781	-37.861927
20553.442383	-37.581966
20564.208984	-37.357681
20574.975586	-37.929722
20585.742188	-37.752399
20596.508789	-37.299461
20607.275391	-37.124332
20618.041992	-37.642597
20628.808594	-37.755379
20639.575195	-37.071869
20650.341797	-36.803978
20661.108398	-37.874298
20671.875000	-37.424942
20682.641602	-37.460178
20693.408203	-37.650509
20704.174805	-37.638264
20714.941406	-36.900982
20725.708008	-36.799568
20736.474609	-37.222561
20747.241211	-37.810829
20758.007812	-37.784874
20768.774414	-37.242329
20779.541016	-37.519859
20790.307617	-37.663132
20801.074219	-37.715408
20811.840820	-37.569130
20822.607422	-37.686069
20833.374023	-37.708321
20844.140625	-37.756863
20854.907227	-37.633041
20865.673828	-37.900322
20876.440430	-37.497944
20887.207031	-37.376801
20897.973633	-37.037769
20908.740234	-36.747646
20919.506836	-37.018745
20930.273438	-37.544735
20941.040039	-37.654781
20951.806641	-37.629147
20962.573242	-37.564716
20973.339844	-37.678497
20984.106445	-37.734089
20994.873047	-37.512222
21005.639648	-37.329285
21016.406250	-37.732876
21027.172852	-38.105419
21037.939453	-38.024052
21048.706055	-37.770515
21059.472656	-37.070427
21070.239258	-37.023403
21081.005859	-37.990971
21091.772461	-38.019970
21102.539062	-37.166817
21113.305664	-37.216091
21124.072266	-37.444370
21134.838867	-37.218754
21145.605469	-37.128738
21156.372070	-37.658966
21167.138672	-37.530422
21177.905273	-37.059280
21188.671875	-36.999065
21199.438477	-37.277363
21210.205078	-37.590031
21220.971680	-37.228783
21231.738281	-36.772816
21242.504883	-37.402943
21253.271484	-37.200672
21264.038086	-37.137585
21274.804688	-37.143105
21285.571289	-37.332943
21296.337891	-37.333008
21307.104492	-37.191864
21317.871094	-37.205532
21328.637695	-36.776531
21339.404297	-37.389763
21350.170898	-37.782516
21360.937500	-37.384567
21371.704102	-37.191998
21382.470703	-37.276703
21393.237305	-37.494915
21404.003906	-37.338581
21414.770508	-37.169960
21425.537109	-37.960873
21436.303711	-37.931774
21447.070312	-38.016804
21457.836914	-37.920345
21468.603516	-37.599140
21479.370117	-37.489456
21490.136719	-37.444027
21500.903320	-37.394871
21511.669922	-37.745487
21522.436523	-37.640041
21533.203125	-37.249111
21543.969727	-37.098442
21554.736328	-37.428928
21565.502930	-37.466354
21576.269531	-37.676788
21587.036133	-37.582905
21597.802734	-38.121994
21608.569336	-38.209290
21619.335938	-38.453671
21630.102539	-37.884586
21640.869141	-37.532631
21651.635742	-37.808392
21662.402344	-37.419605
21673.168945	-37.034275
21683.935547	-37.357891
21694.702148	-37.729511
21705.468750	-37.338123
21716.235352	-37.649494
21727.001953	-37.270622
21737.768555	-37.217361
21748.535156	-37.118507
21759.301758	-37.093582
21770.068359	-37.387764
21780.834961	-37.260036
21791.601562	-37.638718
21802.368164	-36.893925
21813.134766	-36.897671
21823.901367	-37.360058
21834.667969	-37.462074
21845.434570	-37.388577
21856.201172	-37.736858
21866.967773	-38.036118
21877.734375	-37.641739
21888.500977	-37.275246
21899.267578	-37.954025
21910.034180	-37.866013
21920.800781	-38.023689
21931.567383	-38.130920
21942.333984	-38.013905
21953.100586	-37.946018
21963.867188	-37.162868
21974.633789	-37.019642
21985.400391	-37.577866
21996.166992	-37.978413
22006.933594	-37.635189
22017.700195	-37.154282
22028.466797	-37.712727
22039.233398	-38.083042
