Frequency (Hz)	Level (dB)
10.766602	-32.864880
21.533203	-32.930107
32.299805	-32.976776
43.066406	-32.544903
53.833008	-33.120834
64.599609	-33.776608
75.366211	-33.518974
86.132812	-33.543312
96.899414	-32.857277
107.666016	-32.993984
118.432617	-33.028439
129.199219	-33.521820
139.965820	-33.216240
150.732422	-33.213581
161.499023	-32.909332
172.265625	-33.021431
183.032227	-32.973507
193.798828	-33.055870
204.565430	-33.228020
215.332031	-33.128700
226.098633	-32.991753
236.865234	-32.632278
247.631836	-33.013214
258.398438	-33.718529
269.165039	-33.701820
279.931641	-33.772438
290.698242	-33.371281
301.464844	-33.363953
312.231445	-33.580879
322.998047	-33.539349
333.764648	-33.257301
344.531250	-32.794868
355.297852	-32.689445
366.064453	-33.297642
376.831055	-33.291046
387.597656	-32.769272
398.364258	-32.877567
409.130859	-33.061718
419.897461	-33.083435
430.664062	-33.349007
441.430664	-33.130825
452.197266	-33.227100
462.963867	-33.025738
473.730469	-33.254921
484.497070	-33.286217
495.263672	-33.151188
506.030273	-33.183159
516.796875	-33.228210
527.563477	-33.291687
538.330078	-33.331543
549.096680	-33.285202
559.863281	-33.151089
570.629883	-33.401363
581.396484	-33.115562
592.163086	-33.235867
602.929688	-33.479908
613.696289	-33.434902
624.462891	-33.271446
635.229492	-33.195839
645.996094	-33.169056
656.762695	-32.875317
667.529297	-33.552132
678.295898	-33.725056
689.062500	-33.658073
699.829102	-33.356461
710.595703	-32.997963
721.362305	-33.110538
732.128906	-32.948879
742.895508	-33.263687
753.662109	-33.613533
764.428711	-34.002331
775.195312	-33.453918
785.961914	-32.795879
796.728516	-32.902729
807.495117	-33.434204
818.261719	-33.729092
829.028320	-33.446888
839.794922	-33.251083
850.561523	-33.381752
861.328125	-33.093754
872.094727	-32.525375
882.861328	-32.853168
893.627930	-32.930210
904.394531	-33.531033
915.161133	-33.636765
925.927734	-33.264889
936.694336	-32.993458
947.460938	-32.685513
958.227539	-32.845463
968.994141	-33.084770
979.760742	-33.040405
990.527344	-32.787983
1001.293945	-33.149231
1012.060547	-33.386780
1022.827148	-33.530724
1033.593750	-33.730991
1044.360352	-33.369514
1055.126953	-33.096039
1065.893555	-32.959106
1076.660156	-32.550480
1087.426758	-32.973846
1098.193359	-33.484856
1108.959961	-33.502846
1119.726562	-33.131084
1130.493164	-32.673748
1141.259766	-32.953209
1152.026367	-33.284492
1162.792969	-33.342854
1173.559570	-33.485638
1184.326172	-33.496750
1195.092773	-33.561981
1205.859375	-33.606621
1216.625977	-33.181622
1227.392578	-32.992653
1238.159180	-33.222626
1248.925781	-33.557892
1259.692383	-33.166367
1270.458984	-33.138004
1281.225586	-33.555321
1291.992188	-33.572231
1302.758789	-33.617325
1313.525391	-33.295162
1324.291992	-32.842407
1335.058594	-33.450523
1345.825195	-33.487026
1356.591797	-33.210995
1367.358398	-33.709099
1378.125000	-33.428429
1388.891602	-33.301022
1399.658203	-33.529537
1410.424805	-33.669411
1421.191406	-33.256168
1431.958008	-32.862492
1442.724609	-32.988541
1453.491211	-33.345020
1464.257812	-33.130016
1475.024414	-33.536831
1485.791016	-33.681927
1496.557617	-33.381653
1507.324219	-33.256462
1518.090820	-33.040192
1528.857422	-32.780315
1539.624023	-32.872452
1550.390625	-33.567787
1561.157227	-33.721817
1571.923828	-33.951832
1582.690430	-33.785576
1593.457031	-33.748932
1604.223633	-33.687237
1614.990234	-33.323849
1625.756836	-33.483471
1636.523438	-33.686878
1647.290039	-33.542892
1658.056641	-33.374195
1668.823242	-33.381790
1679.589844	-33.437637
1690.356445	-33.642559
1701.123047	-33.440483
1711.889648	-33.424294
1722.656250	-33.674873
1733.422852	-33.415230
1744.189453	-33.498215
1754.956055	-33.558277
1765.722656	-33.423985
1776.489258	-33.892170
1787.255859	-33.957935
1798.022461	-33.657791
1808.789062	-33.376659
1819.555664	-33.737514
1830.322266	-33.605785
1841.088867	-33.733429
1851.855469	-33.447102
1862.622070	-33.572590
1873.388672	-34.159328
1884.155273	-33.943752
1894.921875	-33.738976
1905.688477	-34.114918
1916.455078	-34.260124
1927.221680	-33.881367
1937.988281	-33.473122
1948.754883	-33.222591
1959.521484	-33.514854
1970.288086	-33.862423
1981.054688	-33.935085
1991.821289	-34.420773
2002.587891	-34.485992
2013.354492	-34.014259
2024.121094	-34.312195
2034.887695	-34.348225
2045.654297	-34.042587
2056.420898	-33.650730
2067.187500	-33.466385
2077.954102	-33.772381
2088.720703	-33.847820
2099.487305	-33.625874
2110.253906	-33.919430
2121.020508	-34.319550
2131.787109	-33.871910
2142.553711	-34.028717
2153.320312	-34.083153
2164.086914	-33.834686
2174.853516	-33.666615
2185.620117	-33.892334
2196.386719	-33.956532
2207.153320	-33.834751
2217.919922	-34.156834
2228.686523	-34.210667
2239.453125	-34.192768
2250.219727	-33.617996
2260.986328	-33.684982
2271.752930	-33.829960
2282.519531	-34.129639
2293.286133	-34.149105
2304.052734	-34.037766
2314.819336	-33.947353
2325.585938	-33.757351
2336.352539	-33.717194
2347.119141	-33.957935
2357.885742	-33.877220
2368.652344	-33.911217
2379.418945	-34.109459
2390.185547	-33.419704
2400.952148	-34.002556
2411.718750	-34.276333
2422.485352	-34.226734
2433.251953	-34.192905
2444.018555	-34.246292
2454.785156	-34.624821
2465.551758	-34.049557
2476.318359	-33.580715
2487.084961	-34.188641
2497.851562	-34.279869
2508.618164	-34.363083
2519.384766	-33.733238
2530.151367	-33.592628
2540.917969	-34.001911
2551.684570	-34.066528
2562.451172	-34.136780
2573.217773	-33.929562
2583.984375	-33.787933
2594.750977	-34.150616
2605.517578	-34.459755
2616.284180	-34.415176
2627.050781	-34.108540
2637.817383	-33.637535
2648.583984	-33.569210
2659.350586	-33.713940
2670.117188	-34.242031
2680.883789	-34.036339
2691.650391	-34.235973
2702.416992	-34.493652
2713.183594	-34.147018
2723.950195	-34.045185
2734.716797	-33.887928
2745.483398	-34.332027
2756.250000	-34.337334
2767.016602	-34.329182
2777.783203	-34.025349
2788.549805	-34.244892
2799.316406	-34.441914
2810.083008	-34.803253
2820.849609	-34.798676
2831.616211	-34.663097
2842.382812	-34.255276
2853.149414	-34.564022
2863.916016	-34.445766
2874.682617	-34.148521
2885.449219	-34.016994
2896.215820	-34.210606
2906.982422	-34.559406
2917.749023	-34.464207
2928.515625	-34.535290
2939.282227	-34.153652
2950.048828	-33.880474
2960.815430	-34.620529
2971.582031	-34.604008
2982.348633	-34.604759
2993.115234	-34.574608
3003.881836	-34.522552
3014.648438	-34.776207
3025.415039	-34.933754
3036.181641	-35.013557
3046.948242	-34.992500
3057.714844	-34.579002
3068.481445	-34.219070
3079.248047	-34.348213
3090.014648	-34.732647
3100.781250	-34.992573
3111.547852	-35.108082
3122.314453	-35.267269
3133.081055	-35.399536
3143.847656	-35.044865
3154.614258	-34.858498
3165.380859	-34.956196
3176.147461	-34.871864
3186.914062	-34.449104
3197.680664	-34.354969
3208.447266	-34.240536
3219.213867	-34.423080
3229.980469	-34.161163
3240.747070	-34.292744
3251.513672	-34.661587
3262.280273	-34.821346
3273.046875	-34.595989
3283.813477	-34.415489
3294.580078	-34.920586
3305.346680	-35.127651
3316.113281	-35.397717
3326.879883	-35.197342
3337.646484	-35.569527
3348.413086	-35.436275
3359.179688	-35.507233
3369.946289	-35.185619
3380.712891	-34.691719
3391.479492	-34.848087
3402.246094	-34.660244
3413.012695	-34.698406
3423.779297	-35.030113
3434.545898	-35.027744
3445.312500	-35.114155
3456.079102	-35.039494
3466.845703	-34.987476
3477.612305	-34.696968
3488.378906	-34.757149
3499.145508	-34.447006
3509.912109	-34.699387
3520.678711	-35.080467
3531.445312	-35.237595
3542.211914	-34.896870
3552.978516	-34.847534
3563.745117	-35.217781
3574.511719	-34.539642
3585.278320	-34.451073
3596.044922	-34.526169
3606.811523	-34.724384
3617.578125	-34.961231
3628.344727	-34.913208
3639.111328	-34.718056
3649.877930	-34.830128
3660.644531	-35.113754
3671.411133	-35.139477
3682.177734	-35.103912
3692.944336	-35.221214
3703.710938	-34.732975
3714.477539	-35.172432
3725.244141	-35.627064
3736.010742	-35.376652
3746.777344	-35.334221
3757.543945	-34.966724
3768.310547	-35.027348
3779.077148	-35.312195
3789.843750	-34.988682
3800.610352	-35.147327
3811.376953	-35.255802
3822.143555	-34.548058
3832.910156	-34.546635
3843.676758	-35.119068
3854.443359	-35.166515
3865.209961	-35.245937
3875.976562	-34.947880
3886.743164	-35.085339
3897.509766	-35.059761
3908.276367	-35.219177
3919.042969	-35.589226
3929.809570	-35.620396
3940.576172	-35.292660
3951.342773	-35.825977
3962.109375	-35.444004
3972.875977	-35.459019
3983.642578	-35.492825
3994.409180	-35.523125
4005.175781	-35.696247
4015.942383	-35.262184
4026.708984	-35.160912
4037.475586	-34.831806
4048.242188	-34.949501
4059.008789	-35.276596
4069.775391	-35.070667
4080.541992	-35.193977
4091.308594	-35.187290
4102.075195	-35.159805
4112.841797	-35.277939
4123.608398	-35.133553
4134.375000	-35.084064
4145.141602	-35.191074
4155.908203	-35.282280
4166.674805	-35.493301
4177.441406	-35.508366
4188.208008	-35.183224
4198.974609	-35.163338
4209.741211	-35.191929
4220.507812	-35.511349
4231.274414	-35.982693
4242.041016	-35.633385
4252.807617	-35.269238
4263.574219	-35.440544
4274.340820	-35.513538
4285.107422	-35.549759
4295.874023	-35.509369
4306.640625	-35.544418
4317.407227	-35.792736
4328.173828	-35.714535
4338.940430	-35.689911
4349.707031	-35.104103
4360.473633	-35.368519
4371.240234	-35.642189
4382.006836	-35.764008
4392.773438	-35.694214
4403.540039	-35.966663
4414.306641	-36.126942
4425.073242	-35.671829
4435.839844	-35.729366
4446.606445	-35.835136
4457.373047	-35.674057
4468.139648	-35.697018
4478.906250	-35.346008
4489.672852	-35.108879
4500.439453	-35.322170
4511.206055	-35.278370
4521.972656	-35.617756
4532.739258	-35.590771
4543.505859	-35.611141
4554.272461	-35.484688
4565.039062	-35.509048
4575.805664	-35.932926
4586.572266	-35.934711
4597.338867	-36.149044
4608.105469	-35.856274
4618.872070	-35.382435
4629.638672	-35.418213
4640.405273	-35.551929
4651.171875	-35.489037
4661.938477	-35.583031
4672.705078	-36.270500
4683.471680	-36.334427
4694.238281	-36.133945
4705.004883	-36.107704
4715.771484	-35.977123
4726.538086	-35.433041
4737.304688	-35.357025
4748.071289	-35.375412
4758.837891	-35.883816
4769.604492	-35.987949
4780.371094	-35.756477
4791.137695	-35.746696
4801.904297	-35.825596
4812.670898	-35.716858
4823.437500	-36.330444
4834.204102	-36.429279
4844.970703	-36.114788
4855.737305	-35.947483
4866.503906	-35.893559
4877.270508	-35.713303
4888.037109	-35.574833
4898.803711	-35.826462
4909.570312	-36.118797
4920.336914	-35.955269
4931.103516	-35.999043
4941.870117	-36.025661
4952.636719	-36.105518
4963.403320	-35.700951
4974.169922	-36.065567
4984.936523	-36.358948
4995.703125	-36.451073
5006.469727	-36.016129
5017.236328	-36.214291
5028.002930	-36.169399
5038.769531	-36.015484
5049.536133	-36.243565
5060.302734	-36.382530
5071.069336	-35.966869
5081.835938	-36.557976
5092.602539	-36.659790
5103.369141	-36.464352
5114.135742	-36.198105
5124.902344	-36.156258
5135.668945	-36.583057
5146.435547	-36.761795
5157.202148	-36.495956
5167.968750	-36.310909
5178.735352	-36.238564
5189.501953	-36.139606
5200.268555	-36.150940
5211.035156	-36.376087
5221.801758	-36.206429
5232.568359	-35.897034
5243.334961	-36.320869
5254.101562	-36.526360
5264.868164	-36.620449
5275.634766	-36.545387
5286.401367	-36.609119
5297.167969	-36.233616
5307.934570	-35.682823
5318.701172	-36.260120
5329.467773	-36.083282
5340.234375	-36.118484
5351.000977	-36.262226
5361.767578	-35.991924
5372.534180	-36.149273
5383.300781	-36.446362
5394.067383	-36.968483
5404.833984	-36.322727
5415.600586	-36.216789
5426.367188	-36.629440
5437.133789	-36.451145
5447.900391	-36.788696
5458.666992	-36.760811
5469.433594	-36.412483
5480.200195	-36.127274
5490.966797	-36.615250
5501.733398	-36.484291
5512.500000	-36.627098
5523.266602	-36.531742
5534.033203	-36.581902
5544.799805	-36.532185
5555.566406	-36.648102
5566.333008	-36.378265
5577.099609	-36.700142
5587.866211	-37.151485
5598.632812	-36.470562
5609.399414	-36.928623
5620.166016	-36.991234
5630.932617	-36.454681
5641.699219	-36.076481
5652.465820	-36.304955
5663.232422	-36.657173
5673.999023	-36.882473
5684.765625	-36.862103
5695.532227	-36.320282
5706.298828	-36.628895
5717.065430	-36.547188
5727.832031	-36.794437
5738.598633	-36.136963
5749.365234	-35.999901
5760.131836	-36.033833
5770.898438	-36.265171
5781.665039	-36.856842
5792.431641	-36.970654
5803.198242	-36.571362
5813.964844	-36.570229
5824.731445	-36.762341
5835.498047	-36.797153
5846.264648	-36.830662
5857.031250	-37.152710
5867.797852	-37.095543
5878.564453	-36.829781
5889.331055	-36.472851
5900.097656	-36.500160
5910.864258	-37.454193
5921.630859	-37.502174
5932.397461	-36.756344
5943.164062	-36.142879
5953.930664	-36.109417
5964.697266	-36.369720
5975.463867	-36.645000
5986.230469	-36.282215
5996.997070	-36.238823
6007.763672	-37.006058
6018.530273	-37.011810
6029.296875	-37.152958
6040.063477	-37.144844
6050.830078	-36.903847
6061.596680	-36.678230
6072.363281	-37.179428
6083.129883	-37.046055
6093.896484	-37.026562
6104.663086	-36.910072
6115.429688	-36.522251
6126.196289	-36.960712
6136.962891	-37.021320
6147.729492	-37.280903
6158.496094	-37.068058
6169.262695	-36.663464
6180.029297	-36.950268
6190.795898	-37.076542
6201.562500	-36.709881
6212.329102	-36.862270
6223.095703	-36.967033
6233.862305	-36.706291
6244.628906	-36.690350
6255.395508	-37.120602
6266.162109	-37.160774
6276.928711	-37.085434
6287.695312	-37.377789
6298.461914	-37.180717
6309.228516	-37.158829
6319.995117	-37.145340
6330.761719	-36.971775
6341.528320	-36.897163
6352.294922	-37.076000
6363.061523	-36.884228
6373.828125	-36.832520
6384.594727	-36.951283
6395.361328	-37.104397
6406.127930	-37.072559
6416.894531	-37.067245
6427.661133	-37.529438
6438.427734	-37.126778
6449.194336	-36.814327
6459.960938	-36.890121
6470.727539	-36.799534
6481.494141	-36.759918
6492.260742	-36.914021
6503.027344	-36.951492
6513.793945	-37.254402
6524.560547	-37.370239
6535.327148	-37.416588
6546.093750	-37.553215
6556.860352	-37.094780
6567.626953	-36.966007
6578.393555	-37.132843
6589.160156	-37.244411
6599.926758	-37.188686
6610.693359	-37.425102
6621.459961	-37.322273
6632.226562	-37.133804
6642.993164	-37.330467
6653.759766	-37.330296
6664.526367	-37.454979
6675.292969	-37.161060
6686.059570	-37.277763
6696.826172	-37.313602
6707.592773	-37.324974
6718.359375	-37.479618
6729.125977	-37.495953
6739.892578	-37.406418
6750.659180	-37.474377
6761.425781	-37.575241
6772.192383	-37.224663
6782.958984	-37.250240
6793.725586	-37.435055
6804.492188	-37.373730
6815.258789	-37.679539
6826.025391	-38.226479
6836.791992	-38.160553
6847.558594	-37.295475
6858.325195	-37.411423
6869.091797	-38.165104
6879.858398	-38.206501
6890.625000	-38.461239
6901.391602	-38.307713
6912.158203	-37.799789
6922.924805	-37.603149
6933.691406	-37.407181
6944.458008	-37.083237
6955.224609	-37.031544
6965.991211	-37.392410
6976.757812	-37.599529
6987.524414	-37.619328
6998.291016	-37.389374
7009.057617	-37.618938
7019.824219	-38.142715
7030.590820	-37.667248
7041.357422	-37.630238
7052.124023	-37.502804
7062.890625	-37.252834
7073.657227	-37.711796
7084.423828	-37.940971
7095.190430	-37.796280
7105.957031	-37.623978
7116.723633	-37.701485
7127.490234	-38.008953
7138.256836	-37.952717
7149.023438	-38.125782
7159.790039	-37.716202
7170.556641	-37.539978
7181.323242	-37.940048
7192.089844	-37.788952
7202.856445	-37.967514
7213.623047	-38.168304
7224.389648	-37.666046
7235.156250	-37.435757
7245.922852	-37.810722
7256.689453	-37.918243
7267.456055	-37.927303
7278.222656	-37.840069
7288.989258	-38.011108
7299.755859	-37.723351
7310.522461	-37.334869
7321.289062	-37.738754
7332.055664	-38.712124
7342.822266	-38.146194
7353.588867	-37.721745
7364.355469	-37.815960
7375.122070	-37.798111
7385.888672	-38.010006
7396.655273	-37.531975
7407.421875	-37.391994
7418.188477	-37.749001
7428.955078	-38.295475
7439.721680	-38.122215
7450.488281	-38.274914
7461.254883	-38.406319
7472.021484	-38.244942
7482.788086	-38.065590
7493.554688	-37.656208
7504.321289	-37.573563
7515.087891	-37.828690
7525.854492	-37.956013
7536.621094	-38.165833
7547.387695	-38.120296
7558.154297	-38.259705
7568.920898	-38.293327
7579.687500	-38.382469
7590.454102	-37.889771
7601.220703	-38.026215
7611.987305	-38.296780
7622.753906	-38.079868
7633.520508	-37.928513
7644.287109	-38.500053
7655.053711	-38.741760
7665.820312	-38.294258
7676.586914	-37.939465
7687.353516	-37.762733
7698.120117	-38.195591
7708.886719	-38.030399
7719.653320	-38.394829
7730.419922	-38.268101
7741.186523	-38.205311
7751.953125	-38.390499
7762.719727	-38.441338
7773.486328	-38.483925
7784.252930	-38.705971
7795.019531	-38.022861
7805.786133	-37.864304
7816.552734	-38.459904
7827.319336	-38.178516
7838.085938	-37.932022
7848.852539	-37.880165
7859.619141	-38.240826
7870.385742	-38.548531
7881.152344	-38.792370
7891.918945	-38.541687
7902.685547	-38.623390
7913.452148	-38.502289
7924.218750	-38.245808
7934.985352	-38.448242
7945.751953	-38.968891
7956.518555	-38.503635
7967.285156	-38.111393
7978.051758	-37.774357
7988.818359	-37.908665
7999.584961	-38.388432
8010.351562	-38.556683
8021.118164	-38.450294
8031.884766	-38.381428
8042.651367	-38.763111
8053.417969	-38.760239
8064.184570	-38.379002
8074.951172	-38.421631
8085.717773	-38.468689
8096.484375	-38.422493
8107.250977	-37.937580
8118.017578	-38.373611
8128.784180	-38.589790
8139.550781	-38.213688
8150.317383	-38.397926
8161.083984	-38.099758
8171.850586	-37.870659
8182.617188	-38.502243
8193.383789	-38.364948
8204.150391	-38.587814
8214.916992	-38.709831
8225.683594	-38.773159
8236.450195	-38.312080
8247.216797	-38.037788
8257.983398	-37.988152
8268.750000	-38.120159
8279.516602	-38.587780
8290.283203	-38.494549
8301.049805	-38.685505
8311.816406	-38.814938
8322.583008	-38.363235
8333.349609	-38.205006
8344.116211	-38.622086
8354.882812	-38.605003
8365.649414	-38.725609
8376.416016	-38.607231
8387.182617	-38.788567
8397.949219	-38.419830
8408.715820	-38.085125
8419.482422	-38.481613
8430.249023	-38.873806
8441.015625	-39.038536
8451.782227	-38.936100
8462.548828	-38.300625
8473.315430	-38.605423
8484.082031	-39.101967
8494.848633	-38.812443
8505.615234	-38.347721
8516.381836	-38.557575
8527.148438	-38.521259
8537.915039	-38.792076
8548.681641	-38.944698
8559.448242	-38.759403
8570.214844	-38.571712
8580.981445	-38.709267
8591.748047	-38.679363
8602.514648	-38.603039
8613.281250	-38.690384
8624.047852	-39.025143
8634.814453	-39.336956
8645.581055	-39.148006
8656.347656	-38.686443
8667.114258	-38.498821
8677.880859	-38.425289
8688.647461	-38.409920
8699.414062	-38.773201
8710.180664	-38.645355
8720.947266	-38.474548
8731.713867	-38.517056
8742.480469	-39.061363
8753.247070	-38.484520
8764.013672	-38.755962
8774.780273	-39.286648
8785.546875	-38.781391
8796.313477	-38.558559
8807.080078	-38.622875
8817.846680	-39.152317
8828.613281	-39.314449
8839.379883	-39.141674
8850.146484	-38.529060
8860.913086	-38.543282
8871.679688	-38.463787
8882.446289	-38.472321
8893.212891	-39.048409
8903.979492	-39.261261
8914.746094	-39.021301
8925.512695	-38.687614
8936.279297	-38.764542
8947.045898	-38.751171
8957.812500	-38.893356
8968.579102	-38.981575
8979.345703	-38.911724
8990.112305	-38.909584
9000.878906	-38.755333
9011.645508	-39.085300
9022.412109	-38.901566
9033.178711	-39.191505
9043.945312	-38.944759
9054.711914	-39.287537
9065.478516	-39.357025
9076.245117	-39.404335
9087.011719	-39.354843
9097.778320	-38.840141
9108.544922	-38.916832
9119.311523	-39.099205
9130.078125	-39.154774
9140.844727	-38.950134
9151.611328	-38.939716
9162.377930	-38.864967
9173.144531	-38.898937
9183.911133	-39.186195
9194.677734	-38.839684
9205.444336	-38.539104
9216.210938	-39.069496
9226.977539	-39.299072
9237.744141	-38.805664
9248.510742	-39.197327
9259.277344	-39.221779
9270.043945	-38.634571
9280.810547	-38.975163
9291.577148	-39.053284
9302.343750	-38.780560
9313.110352	-38.988750
9323.876953	-39.250977
9334.643555	-39.378235
9345.410156	-39.059814
9356.176758	-38.906528
9366.943359	-38.820305
9377.709961	-39.024784
9388.476562	-39.141483
9399.243164	-39.173153
9410.009766	-38.771938
9420.776367	-39.156910
9431.542969	-39.151985
9442.309570	-38.943729
9453.076172	-38.981491
9463.842773	-39.167263
9474.609375	-38.936039
9485.375977	-39.238605
9496.142578	-39.183525
9506.909180	-39.101444
9517.675781	-39.656826
9528.442383	-39.268417
9539.208984	-39.328537
9549.975586	-39.107258
9560.742188	-39.077499
9571.508789	-39.139587
9582.275391	-39.045906
9593.041992	-39.104404
9603.808594	-39.086956
9614.575195	-39.031258
9625.341797	-39.130779
9636.108398	-39.258717
9646.875000	-39.930111
9657.641602	-39.572578
9668.408203	-39.171978
9679.174805	-39.383209
9689.941406	-39.363148
9700.708008	-39.285404
9711.474609	-39.178627
9722.241211	-39.228668
9733.007812	-39.274921
9743.774414	-39.590263
9754.541016	-38.997551
9765.307617	-39.355709
9776.074219	-39.680386
9786.840820	-39.714066
9797.607422	-39.483849
9808.374023	-39.385590
9819.140625	-39.607925
9829.907227	-39.568588
9840.673828	-39.539753
9851.440430	-39.891815
9862.207031	-39.916336
9872.973633	-39.704166
9883.740234	-39.348499
9894.506836	-39.515518
9905.273438	-39.514339
9916.040039	-39.408382
9926.806641	-39.623360
9937.573242	-39.440056
9948.339844	-39.195881
9959.106445	-39.467075
9969.873047	-39.445915
9980.639648	-39.301720
9991.406250	-39.495728
10002.172852	-39.701195
10012.939453	-39.213177
10023.706055	-39.204021
10034.472656	-39.290497
10045.239258	-39.593094
10056.005859	-39.499279
10066.772461	-39.205837
10077.539062	-39.014477
10088.305664	-39.638554
10099.072266	-40.118053
10109.838867	-39.861912
10120.605469	-39.715828
10131.372070	-39.261761
10142.138672	-39.281906
10152.905273	-39.340260
10163.671875	-39.848915
10174.438477	-39.708344
10185.205078	-39.497177
10195.971680	-39.292850
10206.738281	-39.171242
10217.504883	-39.634373
10228.271484	-39.304905
10239.038086	-39.034836
10249.804688	-39.627827
10260.571289	-40.016819
10271.337891	-40.354973
10282.104492	-40.286572
10292.871094	-39.731815
10303.637695	-40.141891
10314.404297	-40.267059
10325.170898	-40.286079
10335.937500	-40.147243
10346.704102	-39.626072
10357.470703	-39.571083
10368.237305	-39.191048
10379.003906	-39.439045
10389.770508	-39.734978
10400.537109	-40.062038
10411.303711	-39.982929
10422.070312	-40.028198
10432.836914	-39.722721
10443.603516	-39.316784
10454.370117	-39.275265
10465.136719	-39.492493
10475.903320	-39.610386
10486.669922	-39.521187
10497.436523	-39.884888
10508.203125	-40.121620
10518.969727	-39.722519
10529.736328	-39.493404
10540.502930	-39.419853
10551.269531	-39.669540
10562.036133	-39.858044
10572.802734	-39.957226
10583.569336	-39.496067
10594.335938	-39.551495
10605.102539	-40.178635
10615.869141	-40.525139
10626.635742	-40.313824
10637.402344	-40.152771
10648.168945	-40.260670
10658.935547	-40.044727
10669.702148	-40.030502
10680.468750	-39.720188
10691.235352	-39.963043
10702.001953	-39.937759
10712.768555	-40.104809
10723.535156	-40.213188
10734.301758	-40.089550
10745.068359	-39.858360
10755.834961	-40.027187
10766.601562	-40.075123
10777.368164	-40.157940
10788.134766	-39.347279
10798.901367	-39.389668
10809.667969	-39.579388
10820.434570	-40.173901
10831.201172	-40.560535
10841.967773	-39.972122
10852.734375	-40.419720
10863.500977	-40.126469
10874.267578	-39.784698
10885.034180	-39.953369
10895.800781	-39.896694
10906.567383	-39.799435
10917.333984	-39.878353
10928.100586	-40.415146
10938.867188	-40.101292
10949.633789	-40.366985
10960.400391	-40.063004
10971.166992	-40.021214
10981.933594	-40.541103
10992.700195	-40.567272
11003.466797	-40.039318
11014.233398	-39.809238
11025.000000	-40.073700
11035.766602	-40.043636
11046.533203	-40.077568
11057.299805	-40.371006
11068.066406	-40.173893
11078.833008	-39.641941
11089.599609	-39.768284
11100.366211	-40.251629
11111.132812	-40.109764
11121.899414	-39.956570
11132.666016	-39.935478
11143.432617	-40.313499
11154.199219	-40.124378
11164.965820	-40.182468
11175.732422	-39.901199
11186.499023	-40.262363
11197.265625	-40.205723
11208.032227	-40.492580
11218.798828	-40.587151
11229.565430	-40.367832
11240.332031	-40.516914
11251.098633	-40.634941
11261.865234	-40.477356
11272.631836	-40.289780
11283.398438	-40.116951
11294.165039	-39.969822
11304.931641	-40.012417
11315.698242	-40.490452
11326.464844	-40.920528
11337.231445	-40.194733
11347.998047	-40.114758
11358.764648	-40.293839
11369.531250	-40.312370
11380.297852	-40.380455
11391.064453	-40.317005
11401.831055	-40.643055
11412.597656	-40.668907
11423.364258	-40.561844
11434.130859	-40.460022
11444.897461	-40.348568
11455.664062	-40.284092
11466.430664	-40.033615
11477.197266	-40.087791
11487.963867	-40.258289
11498.730469	-40.108074
11509.497070	-40.147278
11520.263672	-40.605537
11531.030273	-40.766029
11541.796875	-40.712284
11552.563477	-40.622898
11563.330078	-40.787643
11574.096680	-40.874020
11584.863281	-40.535561
11595.629883	-40.118069
11606.396484	-40.010544
11617.163086	-40.413078
11627.929688	-40.079388
11638.696289	-40.534206
11649.462891	-41.109009
11660.229492	-40.890095
11670.996094	-40.676159
11681.762695	-40.645557
11692.529297	-40.456642
11703.295898	-40.726025
11714.062500	-40.727554
11724.829102	-40.578281
11735.595703	-40.378574
11746.362305	-40.602192
11757.128906	-40.058128
11767.895508	-40.184937
11778.662109	-40.524426
11789.428711	-40.603741
11800.195312	-40.436806
11810.961914	-40.520657
11821.728516	-40.858772
11832.495117	-40.484497
11843.261719	-40.272511
11854.028320	-40.037079
11864.794922	-39.837128
11875.561523	-40.312996
11886.328125	-40.432270
11897.094727	-40.398823
11907.861328	-40.303757
11918.627930	-40.588360
11929.394531	-40.867611
11940.161133	-40.951973
11950.927734	-40.948051
11961.694336	-40.932003
11972.460938	-40.540081
11983.227539	-40.536232
11993.994141	-40.888126
12004.760742	-41.127682
12015.527344	-40.609547
12026.293945	-40.506115
12037.060547	-40.614475
12047.827148	-40.495667
12058.593750	-40.163837
12069.360352	-40.371273
12080.126953	-40.513432
12090.893555	-40.521328
12101.660156	-41.233490
12112.426758	-40.858742
12123.193359	-40.345440
12133.959961	-40.258255
12144.726562	-40.397884
12155.493164	-40.907482
12166.259766	-40.948082
12177.026367	-41.054173
12187.792969	-41.642277
12198.559570	-41.177258
12209.326172	-40.545975
12220.092773	-40.687576
12230.859375	-40.650852
12241.625977	-40.537083
12252.392578	-40.537601
12263.159180	-41.001503
12273.925781	-41.086548
12284.692383	-40.980801
12295.458984	-40.551735
12306.225586	-40.808666
12316.992188	-41.214424
12327.758789	-40.587013
12338.525391	-39.787842
12349.291992	-40.664417
12360.058594	-40.857960
12370.825195	-40.687744
12381.591797	-40.832218
12392.358398	-40.575794
12403.125000	-40.967991
12413.891602	-41.280437
12424.658203	-40.727337
12435.424805	-40.087517
12446.191406	-39.954807
12456.958008	-40.546822
12467.724609	-41.080257
12478.491211	-41.086151
12489.257812	-40.986935
12500.024414	-40.895908
12510.791016	-41.219719
12521.557617	-40.857388
12532.324219	-40.672848
12543.090820	-40.869171
12553.857422	-40.763672
12564.624023	-40.704327
12575.390625	-40.776638
12586.157227	-40.592342
12596.923828	-40.552586
12607.690430	-40.390888
12618.457031	-40.782936
12629.223633	-41.312695
12639.990234	-41.071007
12650.756836	-40.981457
12661.523438	-41.257507
12672.290039	-41.009106
12683.056641	-40.892334
12693.823242	-40.690601
12704.589844	-40.069794
12715.356445	-41.192196
12726.123047	-41.204010
12736.889648	-40.773640
12747.656250	-40.980560
12758.422852	-40.871029
12769.189453	-41.037930
12779.956055	-41.397552
12790.722656	-41.366196
12801.489258	-41.188534
12812.255859	-40.421989
12823.022461	-40.399040
12833.789062	-40.746178
12844.555664	-41.171265
12855.322266	-40.957302
12866.088867	-40.771980
12876.855469	-40.896854
12887.622070	-41.428852
12898.388672	-41.045471
12909.155273	-40.820789
12919.921875	-41.166294
12930.688477	-41.072605
12941.455078	-41.431908
12952.221680	-41.443474
12962.988281	-40.783188
12973.754883	-40.504429
12984.521484	-40.969830
12995.288086	-41.054150
13006.054688	-41.020626
13016.821289	-40.738361
13027.587891	-40.480820
13038.354492	-40.675495
13049.121094	-41.134010
13059.887695	-41.011154
13070.654297	-40.878109
13081.420898	-41.144169
13092.187500	-41.185528
13102.954102	-40.957855
13113.720703	-41.178852
13124.487305	-41.142185
13135.253906	-40.907684
13146.020508	-41.063942
13156.787109	-40.966576
13167.553711	-41.285957
13178.320312	-41.623264
13189.086914	-41.379745
13199.853516	-40.778557
13210.620117	-40.829865
13221.386719	-40.822258
13232.153320	-40.959873
13242.919922	-40.992039
13253.686523	-41.199692
13264.453125	-41.282780
13275.219727	-40.870296
13285.986328	-40.627361
13296.752930	-40.979755
13307.519531	-40.814320
13318.286133	-41.075191
13329.052734	-40.976391
13339.819336	-41.254681
13350.585938	-41.356037
13361.352539	-41.523308
13372.119141	-41.451809
13382.885742	-41.073784
13393.652344	-41.159939
13404.418945	-40.803223
13415.185547	-40.664307
13425.952148	-40.898453
13436.718750	-41.024635
13447.485352	-40.842411
13458.251953	-40.971428
13469.018555	-41.209049
13479.785156	-41.528069
13490.551758	-41.249123
13501.318359	-41.560898
13512.084961	-41.443668
13522.851562	-40.759037
13533.618164	-40.714115
13544.384766	-41.486401
13555.151367	-41.702240
13565.917969	-41.562531
13576.684570	-40.851910
13587.451172	-40.693367
13598.217773	-40.684013
13608.984375	-40.899258
13619.750977	-41.373642
13630.517578	-41.567356
13641.284180	-41.523983
13652.050781	-41.381622
13662.817383	-41.171574
13673.583984	-41.176224
13684.350586	-41.037277
13695.117188	-40.940502
13705.883789	-40.762146
13716.650391	-40.995483
13727.416992	-41.269386
13738.183594	-41.159691
13748.950195	-40.984276
13759.716797	-41.061543
13770.483398	-41.203739
13781.250000	-41.532478
13792.016602	-41.506824
13802.783203	-41.350143
13813.549805	-40.727371
13824.316406	-40.667934
13835.083008	-41.067204
13845.849609	-40.876884
13856.616211	-40.943863
13867.382812	-41.086056
13878.149414	-41.297722
13888.916016	-41.447739
13899.682617	-40.870335
13910.449219	-40.678165
13921.215820	-41.175182
13931.982422	-41.305069
13942.749023	-40.968277
13953.515625	-41.257423
13964.282227	-40.907387
13975.048828	-41.307007
13985.815430	-41.329330
13996.582031	-40.614964
14007.348633	-40.836479
14018.115234	-41.487125
14028.881836	-41.757618
14039.648438	-42.177959
14050.415039	-41.585636
14061.181641	-41.043690
14071.948242	-41.132229
14082.714844	-41.830608
14093.481445	-41.323051
14104.248047	-41.288059
14115.014648	-41.434090
14125.781250	-41.185925
14136.547852	-42.043766
14147.314453	-41.982983
14158.081055	-42.027630
14168.847656	-41.706249
14179.614258	-41.691452
14190.380859	-41.863636
14201.147461	-41.475567
14211.914062	-41.071575
14222.680664	-40.895866
14233.447266	-41.518669
14244.213867	-41.659527
14254.980469	-42.238148
14265.747070	-42.103268
14276.513672	-41.805130
14287.280273	-41.740051
14298.046875	-41.668385
14308.813477	-41.557663
14319.580078	-41.449089
14330.346680	-41.455879
14341.113281	-41.837357
14351.879883	-41.843365
14362.646484	-41.816845
14373.413086	-41.335857
14384.179688	-41.157196
14394.946289	-41.572063
14405.712891	-41.503323
14416.479492	-41.310680
14427.246094	-41.206825
14438.012695	-41.459217
14448.779297	-41.500561
14459.545898	-41.091251
14470.312500	-41.432697
14481.079102	-41.715199
14491.845703	-41.421078
14502.612305	-41.320877
14513.378906	-41.546906
14524.145508	-41.304493
14534.912109	-41.517624
14545.678711	-41.542114
14556.445312	-41.482555
14567.211914	-41.587326
14577.978516	-41.836685
14588.745117	-41.662426
14599.511719	-41.222061
14610.278320	-41.316349
14621.044922	-41.413963
14631.811523	-41.653721
14642.578125	-42.132359
14653.344727	-41.956364
14664.111328	-41.461117
14674.877930	-41.617290
14685.644531	-41.677597
14696.411133	-41.555206
14707.177734	-41.169491
14717.944336	-41.176666
14728.710938	-41.421391
14739.477539	-41.534546
14750.244141	-41.609779
14761.010742	-41.842606
14771.777344	-42.144363
14782.543945	-41.938984
14793.310547	-41.671364
14804.077148	-41.546661
14814.843750	-41.439671
14825.610352	-41.441364
14836.376953	-41.251911
14847.143555	-41.285107
14857.910156	-41.772709
14868.676758	-42.411713
14879.443359	-42.023201
14890.209961	-41.489605
14900.976562	-41.605057
14911.743164	-42.021458
14922.509766	-41.737682
14933.276367	-41.641312
14944.042969	-41.537441
14954.809570	-41.605255
14965.576172	-41.680019
14976.342773	-41.773632
14987.109375	-41.650135
14997.875977	-41.202759
15008.642578	-41.099251
15019.409180	-41.617073
15030.175781	-41.981060
15040.942383	-41.758469
15051.708984	-41.911106
15062.475586	-41.831093
15073.242188	-41.834949
15084.008789	-42.408504
15094.775391	-41.862217
15105.541992	-42.077305
15116.308594	-41.605068
15127.075195	-41.445953
15137.841797	-41.585396
15148.608398	-41.587395
15159.375000	-41.722473
15170.141602	-41.994301
15180.908203	-41.696854
15191.674805	-41.647251
15202.441406	-41.605953
15213.208008	-41.817089
15223.974609	-41.609356
15234.741211	-41.674774
15245.507812	-41.680180
15256.274414	-41.868172
15267.041016	-41.682804
15277.807617	-41.534103
15288.574219	-42.355415
15299.340820	-42.193855
15310.107422	-41.696499
15320.874023	-41.463615
15331.640625	-41.546864
15342.407227	-41.669205
15353.173828	-42.111660
15363.940430	-42.029785
15374.707031	-41.277225
15385.473633	-41.065781
15396.240234	-41.722969
15407.006836	-41.730511
15417.773438	-41.693298
15428.540039	-42.006325
15439.306641	-42.064610
15450.073242	-42.007446
15460.839844	-41.981747
15471.606445	-41.590439
15482.373047	-41.482391
15493.139648	-41.351631
15503.906250	-41.520367
15514.672852	-41.916996
15525.439453	-42.074856
15536.206055	-41.771446
15546.972656	-42.032589
15557.739258	-41.682140
15568.505859	-41.987736
15579.272461	-42.019726
15590.039062	-42.043045
15600.805664	-41.494297
15611.572266	-41.638023
15622.338867	-42.035469
15633.105469	-41.808346
15643.872070	-42.149757
15654.638672	-42.071636
15665.405273	-42.129646
15676.171875	-42.254436
15686.938477	-42.288082
15697.705078	-42.397568
15708.471680	-42.025181
15719.238281	-41.838551
15730.004883	-42.114960
15740.771484	-42.065701
15751.538086	-41.891727
15762.304688	-41.763546
15773.071289	-41.694103
15783.837891	-41.655357
15794.604492	-41.752384
15805.371094	-41.843113
15816.137695	-41.995243
15826.904297	-42.102718
15837.670898	-42.184868
15848.437500	-41.988018
15859.204102	-41.665390
15869.970703	-41.842537
15880.737305	-41.798595
15891.503906	-41.454838
15902.270508	-41.620403
15913.037109	-41.563339
15923.803711	-41.544510
15934.570312	-41.500645
15945.336914	-41.805454
15956.103516	-41.765423
15966.870117	-42.017754
15977.636719	-41.947010
15988.403320	-41.812572
15999.169922	-42.105392
16009.936523	-41.967224
16020.703125	-41.784679
16031.469727	-41.419327
16042.236328	-41.887512
16053.002930	-42.340790
16063.769531	-41.843807
16074.536133	-41.693520
16085.302734	-41.825600
16096.069336	-42.346279
16106.835938	-42.074646
16117.602539	-42.097477
16128.369141	-42.116982
16139.135742	-41.759068
16149.902344	-41.849335
16160.668945	-42.012714
16171.435547	-41.802818
16182.202148	-42.179409
16192.968750	-42.271568
16203.735352	-42.259693
16214.501953	-42.108654
16225.268555	-41.933765
16236.035156	-41.974270
16246.801758	-42.181496
16257.568359	-42.060627
16268.334961	-42.312477
16279.101562	-42.124123
16289.868164	-42.184280
16300.634766	-42.431320
16311.401367	-42.612091
16322.167969	-42.430801
16332.934570	-41.879395
16343.701172	-42.078030
16354.467773	-42.402779
16365.234375	-42.300869
16376.000977	-42.260796
16386.767578	-42.356888
16397.534180	-42.268814
16408.300781	-42.034435
16419.067383	-41.812588
16429.833984	-41.849800
16440.600586	-42.062622
16451.367188	-42.223305
16462.133789	-42.545937
16472.900391	-42.447083
16483.666992	-42.018887
16494.433594	-42.406963
16505.200195	-42.090317
16515.966797	-42.123138
16526.733398	-42.397312
16537.500000	-42.150944
16548.266602	-42.000118
16559.033203	-41.938076
16569.799805	-41.925514
16580.566406	-41.624264
16591.333008	-41.623100
16602.099609	-41.588070
16612.866211	-41.978558
16623.632812	-42.005013
16634.399414	-42.452988
16645.166016	-42.226616
16655.932617	-42.290520
16666.699219	-42.576218
16677.465820	-42.489281
16688.232422	-41.882923
16698.999023	-41.562729
16709.765625	-41.637875
16720.532227	-42.070553
16731.298828	-42.005962
16742.065430	-41.871704
16752.832031	-41.739632
16763.598633	-41.808212
16774.365234	-42.108265
16785.131836	-42.370098
16795.898438	-42.371792
16806.665039	-42.254013
16817.431641	-41.814354
16828.198242	-42.189232
16838.964844	-42.068981
16849.731445	-41.717087
16860.498047	-42.355484
16871.264648	-42.396667
16882.031250	-41.594048
16892.797852	-41.875580
16903.564453	-42.347610
16914.331055	-42.276203
16925.097656	-42.491539
16935.864258	-42.853123
16946.630859	-42.048660
16957.397461	-42.112221
16968.164062	-42.702793
16978.930664	-42.626980
16989.697266	-42.764709
17000.463867	-42.466148
17011.230469	-42.335045
17021.997070	-42.323055
17032.763672	-41.909439
17043.530273	-41.660698
17054.296875	-42.502781
17065.063477	-42.269470
17075.830078	-41.886295
17086.596680	-41.893471
17097.363281	-42.133469
17108.129883	-42.545036
17118.896484	-42.475250
17129.663086	-42.485363
17140.429688	-42.402714
17151.196289	-41.910343
17161.962891	-41.728775
17172.729492	-41.965336
17183.496094	-41.655556
17194.262695	-41.841690
17205.029297	-41.681831
17215.795898	-41.987812
17226.562500	-41.966824
17237.329102	-42.368610
17248.095703	-42.463573
17258.862305	-42.273167
17269.628906	-42.177258
17280.395508	-42.225418
17291.162109	-42.192772
17301.928711	-41.815845
17312.695312	-41.962864
17323.461914	-42.278488
17334.228516	-42.074936
17344.995117	-42.224827
17355.761719	-42.646595
17366.528320	-42.531570
17377.294922	-42.324539
17388.061523	-42.577656
17398.828125	-42.168926
17409.594727	-42.037357
17420.361328	-42.322323
17431.127930	-42.351894
17441.894531	-42.788425
17452.661133	-42.548576
17463.427734	-41.952530
17474.194336	-41.971878
17484.960938	-42.029419
17495.727539	-42.481285
17506.494141	-42.520004
17517.260742	-42.026123
17528.027344	-41.898403
17538.793945	-42.616558
17549.560547	-42.665138
17560.327148	-42.428658
17571.093750	-42.721260
17581.860352	-42.206284
17592.626953	-42.438568
17603.393555	-42.649239
17614.160156	-43.098251
17624.926758	-42.500004
17635.693359	-42.202206
17646.459961	-42.315323
17657.226562	-42.486649
17667.993164	-42.416019
17678.759766	-42.465622
17689.526367	-42.635895
17700.292969	-42.366821
17711.059570	-42.606972
17721.826172	-42.524117
17732.592773	-42.119545
17743.359375	-42.331020
17754.125977	-42.238010
17764.892578	-42.189514
17775.659180	-41.752636
17786.425781	-42.119034
17797.192383	-41.884087
17807.958984	-41.819103
17818.725586	-41.859726
17829.492188	-42.006615
17840.258789	-42.273651
17851.025391	-42.167305
17861.791992	-42.784317
17872.558594	-42.534992
17883.325195	-42.188381
17894.091797	-42.489792
17904.858398	-42.225914
17915.625000	-42.474731
17926.391602	-42.466026
17937.158203	-42.200886
17947.924805	-42.031776
17958.691406	-42.008873
17969.458008	-41.800224
17980.224609	-41.578274
17990.991211	-41.929768
18001.757812	-42.180870
18012.524414	-42.209373
18023.291016	-42.223434
18034.057617	-42.058590
18044.824219	-42.010792
18055.590820	-42.290054
18066.357422	-42.669041
18077.124023	-42.253983
18087.890625	-42.477055
18098.657227	-42.652523
18109.423828	-42.513210
18120.190430	-42.306438
18130.957031	-42.175858
18141.723633	-42.116577
18152.490234	-42.381233
18163.256836	-42.622364
18174.023438	-42.559471
18184.790039	-42.150906
18195.556641	-42.476604
18206.323242	-42.820435
18217.089844	-42.070641
18227.856445	-42.100281
18238.623047	-42.351395
18249.389648	-42.177082
18260.156250	-42.527531
18270.922852	-42.489834
18281.689453	-42.086372
18292.456055	-41.680069
18303.222656	-41.756695
18313.989258	-42.157295
18324.755859	-42.027424
18335.522461	-42.357407
18346.289062	-42.809422
18357.055664	-42.521126
18367.822266	-42.350250
18378.588867	-42.611805
18389.355469	-42.485687
18400.122070	-41.937836
18410.888672	-42.077412
18421.655273	-42.651333
18432.421875	-42.912609
18443.188477	-42.800888
18453.955078	-42.537468
18464.721680	-42.668720
18475.488281	-42.747635
18486.254883	-42.971420
18497.021484	-43.152309
18507.788086	-42.330441
18518.554688	-41.815948
18529.321289	-42.319801
18540.087891	-42.752934
18550.854492	-42.620628
18561.621094	-42.354961
18572.387695	-42.488098
18583.154297	-42.250813
18593.920898	-42.537544
18604.687500	-42.627682
18615.454102	-42.858398
18626.220703	-42.320839
18636.987305	-42.562965
18647.753906	-42.230343
18658.520508	-42.044342
18669.287109	-42.140778
18680.053711	-42.426556
18690.820312	-42.510487
18701.586914	-42.524117
18712.353516	-42.570633
18723.120117	-42.112751
18733.886719	-42.151600
18744.653320	-42.943653
18755.419922	-42.672676
18766.186523	-42.556034
18776.953125	-42.740093
18787.719727	-42.681808
18798.486328	-42.774818
18809.252930	-42.520878
18820.019531	-42.550545
18830.786133	-42.655407
18841.552734	-42.202419
18852.319336	-41.801041
18863.085938	-42.474686
18873.852539	-42.486076
18884.619141	-42.496288
18895.385742	-42.625301
18906.152344	-42.674026
18916.918945	-42.879631
18927.685547	-42.632195
18938.452148	-42.583515
18949.218750	-42.401680
18959.985352	-42.347874
18970.751953	-42.173809
18981.518555	-41.857471
18992.285156	-42.109619
19003.051758	-41.859470
19013.818359	-41.857777
19024.584961	-42.344131
19035.351562	-42.520256
19046.118164	-42.151890
19056.884766	-42.348175
19067.651367	-42.623272
19078.417969	-42.655773
19089.184570	-42.368294
19099.951172	-42.684242
19110.717773	-43.095039
19121.484375	-42.833393
19132.250977	-42.207500
19143.017578	-42.322739
19153.784180	-42.289894
19164.550781	-41.998440
19175.317383	-42.402702
19186.083984	-42.638428
19196.850586	-42.650997
19207.617188	-42.673084
19218.383789	-42.626835
19229.150391	-42.475319
19239.916992	-42.409843
19250.683594	-42.318336
19261.450195	-42.329357
19272.216797	-42.145554
19282.983398	-42.497028
19293.750000	-42.631618
19304.516602	-42.435730
19315.283203	-42.412731
19326.049805	-42.409569
19336.816406	-42.546276
19347.583008	-42.751297
19358.349609	-42.431713
19369.116211	-42.212692
19379.882812	-42.187843
19390.649414	-42.635941
19401.416016	-42.715565
19412.182617	-42.282310
19422.949219	-42.303120
19433.715820	-42.541283
19444.482422	-42.345112
19455.249023	-42.392284
19466.015625	-42.150517
19476.782227	-42.631279
19487.548828	-42.334133
19498.315430	-42.543861
19509.082031	-42.933178
19519.848633	-43.064331
19530.615234	-43.042942
19541.381836	-43.263058
19552.148438	-42.848179
19562.915039	-42.934505
19573.681641	-42.538651
19584.448242	-42.830730
19595.214844	-42.892319
19605.981445	-42.402836
19616.748047	-42.231579
19627.514648	-42.410183
19638.281250	-42.558914
19649.047852	-42.639000
19659.814453	-42.494884
19670.581055	-42.516254
19681.347656	-42.398998
19692.114258	-42.550007
19702.880859	-42.701847
19713.647461	-42.691505
19724.414062	-42.740128
19735.180664	-42.421116
19745.947266	-42.335201
19756.713867	-42.276600
19767.480469	-42.910542
19778.247070	-42.560722
19789.013672	-42.713039
19799.780273	-42.318413
19810.546875	-42.466873
19821.313477	-42.575668
19832.080078	-42.786095
19842.846680	-42.386478
19853.613281	-42.515358
19864.379883	-42.956635
19875.146484	-42.710033
19885.913086	-42.945576
19896.679688	-42.957237
19907.446289	-42.557377
19918.212891	-42.359009
19928.979492	-42.173286
19939.746094	-41.898609
19950.512695	-42.040089
19961.279297	-42.457588
19972.045898	-42.895103
19982.812500	-42.355057
19993.579102	-42.223206
20004.345703	-42.124439
20015.112305	-42.519398
20025.878906	-42.299961
20036.645508	-42.411270
20047.412109	-42.798744
20058.178711	-42.566463
20068.945312	-42.617809
20079.711914	-42.476219
20090.478516	-42.554237
20101.245117	-42.862034
20112.011719	-42.845364
20122.778320	-42.720448
20133.544922	-42.857380
20144.311523	-42.971825
20155.078125	-42.967827
20165.844727	-42.636307
20176.611328	-42.536724
20187.377930	-42.489540
20198.144531	-42.154591
20208.911133	-42.637505
20219.677734	-42.723301
20230.444336	-42.601662
20241.210938	-42.748367
20251.977539	-42.454208
20262.744141	-42.938759
20273.510742	-43.022552
20284.277344	-42.819267
20295.043945	-42.690720
20305.810547	-42.678802
20316.577148	-42.640171
20327.343750	-42.745228
20338.110352	-42.283974
20348.876953	-42.177818
20359.643555	-42.296860
20370.410156	-42.449070
20381.176758	-42.545479
20391.943359	-42.864647
20402.709961	-42.785263
20413.476562	-42.464500
20424.243164	-42.283314
20435.009766	-42.389671
20445.776367	-42.720177
20456.542969	-42.754623
20467.309570	-43.000034
20478.076172	-42.932415
20488.842773	-42.476662
20499.609375	-42.403301
20510.375977	-42.318409
20521.142578	-42.631210
20531.909180	-42.803020
20542.675781	-42.898872
20553.442383	-42.751751
20564.208984	-42.567776
20574.975586	-42.781670
20585.742188	-42.438347
20596.508789	-42.005238
20607.275391	-42.446377
20618.041992	-42.922070
20628.808594	-42.840275
20639.575195	-42.616405
20650.341797	-42.578373
20661.108398	-42.907440
20671.875000	-42.703869
20682.641602	-42.435318
20693.408203	-42.630348
20704.174805	-42.516964
20714.941406	-42.061489
20725.708008	-42.109226
20736.474609	-42.050358
20747.241211	-42.994705
20758.007812	-42.977768
20768.774414	-42.202583
20779.541016	-42.700672
20790.307617	-42.741680
20801.074219	-42.196106
20811.840820	-42.543060
20822.607422	-42.817551
20833.374023	-42.713226
20844.140625	-42.638794
20854.907227	-43.103001
20865.673828	-43.094826
20876.440430	-42.774597
20887.207031	-43.032639
20897.973633	-42.545197
20908.740234	-42.219963
20919.506836	-42.468491
20930.273438	-43.010666
20941.040039	-42.932877
20951.806641	-42.601746
20962.573242	-42.354568
20973.339844	-42.907627
20984.106445	-43.153358
20994.873047	-42.975727
21005.639648	-42.685833
21016.406250	-43.079903
21027.172852	-43.176323
21037.939453	-42.964451
21048.706055	-42.920628
21059.472656	-42.611805
21070.239258	-42.484932
21081.005859	-43.093868
21091.772461	-43.141586
21102.539062	-42.686237
21113.305664	-42.547352
21124.072266	-42.390533
21134.838867	-42.451431
21145.605469	-42.515247
21156.372070	-42.726326
21167.138672	-42.749657
21177.905273	-42.503071
21188.671875	-42.278793
21199.438477	-42.258259
21210.205078	-42.731705
21220.971680	-42.403240
21231.738281	-42.303825
21242.504883	-42.686817
21253.271484	-42.694141
21264.038086	-42.551018
21274.804688	-42.400070
21285.571289	-42.584686
21296.337891	-42.607090
21307.104492	-42.561813
21317.871094	-42.568722
21328.637695	-42.480968
21339.404297	-42.719509
21350.170898	-43.041119
21360.937500	-42.384945
21371.704102	-42.253952
21382.470703	-42.713665
21393.237305	-42.711536
21404.003906	-42.598640
21414.770508	-42.827923
21425.537109	-42.989414
21436.303711	-42.945995
21447.070312	-42.631695
21457.836914	-42.761620
21468.603516	-42.556629
21479.370117	-42.840305
21490.136719	-43.046970
21500.903320	-42.949589
21511.669922	-42.650719
21522.436523	-42.615707
21533.203125	-42.680435
21543.969727	-42.473705
21554.736328	-42.572899
21565.502930	-42.828152
21576.269531	-43.025959
21587.036133	-42.879169
21597.802734	-42.914570
21608.569336	-43.289825
21619.335938	-43.241829
21630.102539	-42.897385
21640.869141	-42.770271
21651.635742	-42.866535
21662.402344	-42.496639
21673.168945	-42.392673
21683.935547	-42.630032
21694.702148	-42.815163
21705.468750	-42.927452
21716.235352	-42.935226
21727.001953	-42.616184
21737.768555	-42.790684
21748.535156	-42.801228
21759.301758	-42.452824
21770.068359	-42.244595
21780.834961	-42.655903
21791.601562	-42.839836
21802.368164	-42.247463
21813.134766	-42.207050
21823.901367	-42.413841
21834.667969	-42.559109
21845.434570	-42.590549
21856.201172	-42.781811
21866.967773	-42.649956
21877.734375	-42.612873
21888.500977	-42.633476
21899.267578	-42.935894
21910.034180	-42.972603
21920.800781	-42.847897
21931.567383	-42.775887
21942.333984	-42.981400
21953.100586	-42.941643
21963.867188	-42.601372
21974.633789	-42.448208
21985.400391	-42.867512
21996.166992	-42.662159
22006.933594	-42.373009
22017.700195	-42.199303
22028.466797	-42.383324
22039.233398	-42.851429
