Frequency (Hz)	Level (dB)
10.766602	-33.047699
21.533203	-32.974602
32.299805	-33.010582
43.066406	-32.714531
53.833008	-33.198635
64.599609	-33.110020
75.366211	-33.098804
86.132812	-33.568428
96.899414	-33.538490
107.666016	-33.088127
118.432617	-33.142860
129.199219	-33.460384
139.965820	-33.309425
150.732422	-33.244358
161.499023	-33.159836
172.265625	-32.959995
183.032227	-32.969479
193.798828	-33.366825
204.565430	-33.226776
215.332031	-33.304668
226.098633	-32.912563
236.865234	-32.876507
247.631836	-33.124496
258.398438	-33.576042
269.165039	-33.562191
279.931641	-33.226177
290.698242	-33.060741
301.464844	-33.342541
312.231445	-33.270489
322.998047	-33.291267
333.764648	-33.423588
344.531250	-33.086872
355.297852	-32.802143
366.064453	-32.926929
376.831055	-33.124405
387.597656	-32.917343
398.364258	-32.935638
409.130859	-33.401028
419.897461	-33.514347
430.664062	-33.603249
441.430664	-32.994205
452.197266	-33.344936
462.963867	-33.490173
473.730469	-33.284336
484.497070	-33.484001
495.263672	-33.351475
506.030273	-33.105976
516.796875	-33.618874
527.563477	-33.458164
538.330078	-33.321041
549.096680	-33.471951
559.863281	-33.486443
570.629883	-33.391613
581.396484	-33.211185
592.163086	-33.888680
602.929688	-33.843647
613.696289	-33.495430
624.462891	-33.163139
635.229492	-33.325672
645.996094	-33.696857
656.762695	-33.475830
667.529297	-33.762650
678.295898	-33.871990
689.062500	-33.888638
699.829102	-33.824596
710.595703	-33.504627
721.362305	-33.440548
732.128906	-33.616299
742.895508	-33.720825
753.662109	-33.905003
764.428711	-33.689125
775.195312	-33.390038
785.961914	-33.444935
796.728516	-33.655281
807.495117	-33.849842
818.261719	-34.387115
829.028320	-34.130283
839.794922	-33.842068
850.561523	-33.788452
861.328125	-33.636238
872.094727	-33.492462
882.861328	-33.702930
893.627930	-33.944695
904.394531	-33.951805
915.161133	-33.976704
925.927734	-33.963490
936.694336	-33.884712
947.460938	-33.491947
958.227539	-33.868698
968.994141	-33.809002
979.760742	-33.994965
990.527344	-33.910732
1001.293945	-34.020058
1012.060547	-34.016197
1022.827148	-34.157196
1033.593750	-34.476883
1044.360352	-34.226498
1055.126953	-34.104191
1065.893555	-33.985615
1076.660156	-33.646252
1087.426758	-33.755562
1098.193359	-33.919998
1108.959961	-34.105774
1119.726562	-33.835800
1130.493164	-33.991982
1141.259766	-34.244915
1152.026367	-34.385227
1162.792969	-34.395477
1173.559570	-34.376862
1184.326172	-34.400124
1195.092773	-34.863995
1205.859375	-34.467541
1216.625977	-34.316986
1227.392578	-34.296482
1238.159180	-34.412868
1248.925781	-34.439278
1259.692383	-34.715672
1270.458984	-34.637253
1281.225586	-34.482731
1291.992188	-34.477390
1302.758789	-34.580139
1313.525391	-34.221500
1324.291992	-34.266071
1335.058594	-34.855679
1345.825195	-35.091312
1356.591797	-34.648956
1367.358398	-34.606876
1378.125000	-34.362297
1388.891602	-34.918346
1399.658203	-34.882454
1410.424805	-34.822605
1421.191406	-34.766430
1431.958008	-34.669373
1442.724609	-34.647404
1453.491211	-34.605465
1464.257812	-34.466839
1475.024414	-34.683899
1485.791016	-35.330597
1496.557617	-35.084602
1507.324219	-34.813923
1518.090820	-34.724148
1528.857422	-34.561665
1539.624023	-34.659000
1550.390625	-35.287998
1561.157227	-35.168053
1571.923828	-35.253456
1582.690430	-35.202404
1593.457031	-35.555511
1604.223633	-35.292393
1614.990234	-34.915657
1625.756836	-35.098488
1636.523438	-35.286049
1647.290039	-35.227116
1658.056641	-35.090668
1668.823242	-35.207691
1679.589844	-35.328205
1690.356445	-35.473995
1701.123047	-35.213238
1711.889648	-35.417496
1722.656250	-35.584530
1733.422852	-35.411175
1744.189453	-35.410412
1754.956055	-35.602955
1765.722656	-35.506855
1776.489258	-35.694225
1787.255859	-35.532566
1798.022461	-35.213463
1808.789062	-35.464203
1819.555664	-35.748775
1830.322266	-35.513714
1841.088867	-35.883739
1851.855469	-35.620777
1862.622070	-35.809914
1873.388672	-36.329079
1884.155273	-35.892769
1894.921875	-35.659904
1905.688477	-35.936260
1916.455078	-36.113396
1927.221680	-35.900208
1937.988281	-35.588974
1948.754883	-35.643253
1959.521484	-36.005646
1970.288086	-36.076393
1981.054688	-36.026009
1991.821289	-36.409779
2002.587891	-36.414143
2013.354492	-36.539139
2024.121094	-36.358997
2034.887695	-36.283020
2045.654297	-36.417553
2056.420898	-36.259308
2067.187500	-36.047077
2077.954102	-36.238697
2088.720703	-36.212585
2099.487305	-35.943424
2110.253906	-36.151775
2121.020508	-36.361015
2131.787109	-36.421825
2142.553711	-36.499092
2153.320312	-36.185680
2164.086914	-36.074131
2174.853516	-36.336132
2185.620117	-36.473843
2196.386719	-36.540482
2207.153320	-36.367569
2217.919922	-36.584015
2228.686523	-36.964165
2239.453125	-36.728218
2250.219727	-36.441902
2260.986328	-36.599667
2271.752930	-36.406639
2282.519531	-36.419853
2293.286133	-36.696541
2304.052734	-36.964722
2314.819336	-36.909500
2325.585938	-36.740730
2336.352539	-36.469601
2347.119141	-36.543873
2357.885742	-36.809132
2368.652344	-36.724392
2379.418945	-37.096901
2390.185547	-36.905674
2400.952148	-37.060684
2411.718750	-36.970757
2422.485352	-36.597710
2433.251953	-36.892471
2444.018555	-37.395821
2454.785156	-37.552223
2465.551758	-37.087517
2476.318359	-36.818367
2487.084961	-37.271061
2497.851562	-37.416683
2508.618164	-37.414448
2519.384766	-37.024418
2530.151367	-36.828026
2540.917969	-37.074394
2551.684570	-37.248516
2562.451172	-37.147114
2573.217773	-37.129478
2583.984375	-37.324562
2594.750977	-37.721504
2605.517578	-37.361588
2616.284180	-37.470028
2627.050781	-37.386806
2637.817383	-37.014126
2648.583984	-37.257591
2659.350586	-37.191936
2670.117188	-37.284409
2680.883789	-37.175144
2691.650391	-37.459026
2702.416992	-37.692268
2713.183594	-37.443317
2723.950195	-37.480145
2734.716797	-37.510155
2745.483398	-37.569698
2756.250000	-37.361645
2767.016602	-37.234913
2777.783203	-37.392441
2788.549805	-37.617825
2799.316406	-37.764103
2810.083008	-37.883427
2820.849609	-38.118687
2831.616211	-38.098377
2842.382812	-37.696384
2853.149414	-37.793911
2863.916016	-37.767551
2874.682617	-37.826618
2885.449219	-37.631855
2896.215820	-37.752426
2906.982422	-37.769123
2917.749023	-38.112198
2928.515625	-38.042904
2939.282227	-37.980331
2950.048828	-37.399773
2960.815430	-37.688019
2971.582031	-38.107594
2982.348633	-38.301563
2993.115234	-38.250713
3003.881836	-38.244648
3014.648438	-38.246609
3025.415039	-38.381668
3036.181641	-38.388374
3046.948242	-38.480453
3057.714844	-38.577415
3068.481445	-38.350464
3079.248047	-37.982273
3090.014648	-38.059563
3100.781250	-38.484798
3111.547852	-38.949387
3122.314453	-39.144321
3133.081055	-38.836510
3143.847656	-38.518646
3154.614258	-38.544136
3165.380859	-38.647877
3176.147461	-38.773499
3186.914062	-38.442158
3197.680664	-38.413502
3208.447266	-38.165741
3219.213867	-38.405922
3229.980469	-38.196445
3240.747070	-38.201851
3251.513672	-38.477520
3262.280273	-38.598160
3273.046875	-38.469818
3283.813477	-38.606449
3294.580078	-38.823959
3305.346680	-39.088581
3316.113281	-38.952896
3326.879883	-39.155521
3337.646484	-39.484272
3348.413086	-39.512806
3359.179688	-39.389977
3369.946289	-39.273651
3380.712891	-38.657413
3391.479492	-38.828064
3402.246094	-38.924683
3413.012695	-38.690556
3423.779297	-39.021706
3434.545898	-38.724037
3445.312500	-38.788563
3456.079102	-38.790653
3466.845703	-38.901039
3477.612305	-39.015400
3488.378906	-39.059093
3499.145508	-38.785084
3509.912109	-38.729935
3520.678711	-39.087883
3531.445312	-39.021908
3542.211914	-39.181767
3552.978516	-39.211777
3563.745117	-39.309395
3574.511719	-39.026211
3585.278320	-38.935436
3596.044922	-38.778530
3606.811523	-38.763409
3617.578125	-39.197693
3628.344727	-39.196651
3639.111328	-38.996220
3649.877930	-39.035522
3660.644531	-39.459290
3671.411133	-39.525551
3682.177734	-39.541813
3692.944336	-39.244633
3703.710938	-39.248661
3714.477539	-39.351780
3725.244141	-39.682045
3736.010742	-39.752357
3746.777344	-39.345070
3757.543945	-39.136223
3768.310547	-39.573952
3779.077148	-39.546337
3789.843750	-39.457779
3800.610352	-40.051727
3811.376953	-40.009930
3822.143555	-39.271782
3832.910156	-39.229916
3843.676758	-39.316612
3854.443359	-39.735252
3865.209961	-39.957497
3875.976562	-39.508766
3886.743164	-39.642731
3897.509766	-39.812450
3908.276367	-39.632271
3919.042969	-39.797211
3929.809570	-40.168747
3940.576172	-39.993004
3951.342773	-40.035393
3962.109375	-39.841759
3972.875977	-39.510456
3983.642578	-39.802006
3994.409180	-40.274208
4005.175781	-40.090439
4015.942383	-39.837208
4026.708984	-39.977989
4037.475586	-39.894348
4048.242188	-39.847420
4059.008789	-39.895164
4069.775391	-40.198620
4080.541992	-40.242100
4091.308594	-40.055790
4102.075195	-39.955833
4112.841797	-40.083305
4123.608398	-40.049980
4134.375000	-40.019154
4145.141602	-39.910912
4155.908203	-40.160538
4166.674805	-39.855301
4177.441406	-40.201771
4188.208008	-40.402386
4198.974609	-40.285709
4209.741211	-40.139355
4220.507812	-40.362450
4231.274414	-41.157524
4242.041016	-40.806858
4252.807617	-40.320442
4263.574219	-40.454025
4274.340820	-40.436394
4285.107422	-40.276611
4295.874023	-40.513958
4306.640625	-40.663727
4317.407227	-40.789116
4328.173828	-40.490486
4338.940430	-40.525822
4349.707031	-40.776760
4360.473633	-40.739380
4371.240234	-40.831448
4382.006836	-40.488743
4392.773438	-40.779907
4403.540039	-40.640224
4414.306641	-40.859108
4425.073242	-40.877090
4435.839844	-40.869595
4446.606445	-40.985443
4457.373047	-40.615906
4468.139648	-40.648628
4478.906250	-40.692108
4489.672852	-40.590763
4500.439453	-40.782349
4511.206055	-40.737019
4521.972656	-40.884758
4532.739258	-41.180317
4543.505859	-40.766747
4554.272461	-40.666565
4565.039062	-41.017380
4575.805664	-40.918453
4586.572266	-40.874886
4597.338867	-41.014484
4608.105469	-40.870369
4618.872070	-40.555656
4629.638672	-40.861046
4640.405273	-41.022121
4651.171875	-40.969818
4661.938477	-40.823700
4672.705078	-41.064594
4683.471680	-41.243458
4694.238281	-41.417915
4705.004883	-41.230885
4715.771484	-41.091290
4726.538086	-40.756062
4737.304688	-40.492687
4748.071289	-40.630901
4758.837891	-40.993710
4769.604492	-41.057205
4780.371094	-41.408268
4791.137695	-41.004482
4801.904297	-40.913628
4812.670898	-40.754944
4823.437500	-41.324238
4834.204102	-41.724049
4844.970703	-41.374420
4855.737305	-41.116016
4866.503906	-41.229191
4877.270508	-41.006424
4888.037109	-40.956474
4898.803711	-41.402470
4909.570312	-41.581593
4920.336914	-41.256927
4931.103516	-41.307018
4941.870117	-41.344326
4952.636719	-41.524555
4963.403320	-41.374844
4974.169922	-41.633137
4984.936523	-41.865433
4995.703125	-41.743843
5006.469727	-41.459137
5017.236328	-41.525314
5028.002930	-41.398144
5038.769531	-41.362755
5049.536133	-41.613522
5060.302734	-41.880020
5071.069336	-41.516579
5081.835938	-41.503048
5092.602539	-41.633026
5103.369141	-41.876076
5114.135742	-41.541958
5124.902344	-41.383610
5135.668945	-41.941345
5146.435547	-42.172340
5157.202148	-41.771942
5167.968750	-41.596661
5178.735352	-41.434715
5189.501953	-41.758392
5200.268555	-41.634369
5211.035156	-41.562218
5221.801758	-41.609772
5232.568359	-41.739246
5243.334961	-41.778351
5254.101562	-41.743717
5264.868164	-42.107353
5275.634766	-41.998928
5286.401367	-41.836491
5297.167969	-41.661270
5307.934570	-41.607399
5318.701172	-41.834103
5329.467773	-41.681488
5340.234375	-41.830357
5351.000977	-41.861538
5361.767578	-41.877815
5372.534180	-41.734970
5383.300781	-41.759155
5394.067383	-41.898064
5404.833984	-41.920902
5415.600586	-42.016727
5426.367188	-42.202499
5437.133789	-42.088947
5447.900391	-42.298557
5458.666992	-42.060593
5469.433594	-41.964947
5480.200195	-41.915356
5490.966797	-41.920948
5501.733398	-41.857616
5512.500000	-42.007980
5523.266602	-41.825848
5534.033203	-42.125271
5544.799805	-42.160717
5555.566406	-42.169724
5566.333008	-42.048515
5577.099609	-42.157452
5587.866211	-42.497284
5598.632812	-42.191536
5609.399414	-42.345222
5620.166016	-42.414581
5630.932617	-42.574520
5641.699219	-42.218250
5652.465820	-42.176083
5663.232422	-42.409626
5673.999023	-42.593979
5684.765625	-42.666012
5695.532227	-42.239067
5706.298828	-42.324879
5717.065430	-42.459797
5727.832031	-42.636562
5738.598633	-42.489368
5749.365234	-42.032013
5760.131836	-41.760746
5770.898438	-42.052975
5781.665039	-42.220272
5792.431641	-42.613094
5803.198242	-42.647114
5813.964844	-42.497295
5824.731445	-42.281322
5835.498047	-42.101658
5846.264648	-42.398563
5857.031250	-42.681259
5867.797852	-42.705776
5878.564453	-42.859608
5889.331055	-42.578529
5900.097656	-42.405174
5910.864258	-42.811905
5921.630859	-42.825260
5932.397461	-42.542385
5943.164062	-42.254364
5953.930664	-42.183014
5964.697266	-42.743862
5975.463867	-43.074078
5986.230469	-42.548168
5996.997070	-42.286224
6007.763672	-42.911346
6018.530273	-43.073090
6029.296875	-42.795788
6040.063477	-42.765778
6050.830078	-42.732117
6061.596680	-42.812256
6072.363281	-43.077419
6083.129883	-43.009323
6093.896484	-42.980682
6104.663086	-42.859043
6115.429688	-42.628361
6126.196289	-42.933777
6136.962891	-42.746910
6147.729492	-43.151897
6158.496094	-43.122501
6169.262695	-42.726147
6180.029297	-42.957741
6190.795898	-43.058849
6201.562500	-43.125076
6212.329102	-43.207451
6223.095703	-43.118023
6233.862305	-42.791691
6244.628906	-42.796211
6255.395508	-43.029926
6266.162109	-43.492229
6276.928711	-42.982681
6287.695312	-43.222206
6298.461914	-43.148167
6309.228516	-42.981991
6319.995117	-43.094097
6330.761719	-43.219315
6341.528320	-43.130951
6352.294922	-43.063713
6363.061523	-42.864658
6373.828125	-42.841988
6384.594727	-43.254406
6395.361328	-43.063908
6406.127930	-43.173111
6416.894531	-43.271416
6427.661133	-43.370201
6438.427734	-43.151611
6449.194336	-43.295837
6459.960938	-43.127186
6470.727539	-43.021870
6481.494141	-42.964733
6492.260742	-43.363987
6503.027344	-43.250004
6513.793945	-43.449924
6524.560547	-43.695984
6535.327148	-43.477917
6546.093750	-43.370838
6556.860352	-43.449646
6567.626953	-43.400200
6578.393555	-43.348549
6589.160156	-43.244354
6599.926758	-43.425262
6610.693359	-43.800610
6621.459961	-43.545326
6632.226562	-43.405750
6642.993164	-43.281635
6653.759766	-43.593861
6664.526367	-43.604443
6675.292969	-43.442738
6686.059570	-43.492020
6696.826172	-43.741589
6707.592773	-43.677048
6718.359375	-43.454792
6729.125977	-43.756824
6739.892578	-43.879391
6750.659180	-43.789356
6761.425781	-43.844017
6772.192383	-43.375111
6782.958984	-43.339649
6793.725586	-43.758968
6804.492188	-43.872059
6815.258789	-43.651527
6826.025391	-43.844986
6836.791992	-43.988201
6847.558594	-43.631912
6858.325195	-43.669353
6869.091797	-43.943317
6879.858398	-43.945107
6890.625000	-44.412968
6901.391602	-44.519005
6912.158203	-44.073822
6922.924805	-44.024773
6933.691406	-43.670921
6944.458008	-43.537659
6955.224609	-43.584805
6965.991211	-43.609638
6976.757812	-43.577847
6987.524414	-43.726124
6998.291016	-43.704098
7009.057617	-43.824722
7019.824219	-43.947220
7030.590820	-43.998367
7041.357422	-43.997723
7052.124023	-43.735222
7062.890625	-43.788895
7073.657227	-44.016693
7084.423828	-44.042656
7095.190430	-43.912865
7105.957031	-43.812218
7116.723633	-44.183414
7127.490234	-44.526737
7138.256836	-44.381390
7149.023438	-44.227283
7159.790039	-44.102764
7170.556641	-44.072536
7181.323242	-44.426605
7192.089844	-44.288639
7202.856445	-44.363029
7213.623047	-44.071709
7224.389648	-44.020931
7235.156250	-44.266933
7245.922852	-44.080975
7256.689453	-44.054024
7267.456055	-44.090500
7278.222656	-44.308960
7288.989258	-44.104763
7299.755859	-43.931026
7310.522461	-43.752899
7321.289062	-44.023575
7332.055664	-44.291466
7342.822266	-44.044456
7353.588867	-44.457886
7364.355469	-44.348381
7375.122070	-44.302357
7385.888672	-44.046944
7396.655273	-44.077477
7407.421875	-44.015747
7418.188477	-44.115280
7428.955078	-44.520969
7439.721680	-44.564926
7450.488281	-44.684788
7461.254883	-44.541000
7472.021484	-44.347069
7482.788086	-44.494095
7493.554688	-44.064732
7504.321289	-44.222485
7515.087891	-44.348385
7525.854492	-44.558243
7536.621094	-44.718067
7547.387695	-44.506096
7558.154297	-44.591156
7568.920898	-44.538090
7579.687500	-44.990425
7590.454102	-44.668293
7601.220703	-44.094254
7611.987305	-44.300919
7622.753906	-44.341583
7633.520508	-44.459042
7644.287109	-45.000957
7655.053711	-44.732319
7665.820312	-44.488842
7676.586914	-44.286148
7687.353516	-44.407642
7698.120117	-44.410946
7708.886719	-44.188915
7719.653320	-44.553043
7730.419922	-45.014015
7741.186523	-45.071739
7751.953125	-45.206539
7762.719727	-44.870571
7773.486328	-44.737961
7784.252930	-44.962547
7795.019531	-44.639023
7805.786133	-44.314301
7816.552734	-44.712807
7827.319336	-44.682671
7838.085938	-44.585682
7848.852539	-44.666191
7859.619141	-44.939274
7870.385742	-45.440403
7881.152344	-45.114723
7891.918945	-44.798096
7902.685547	-44.969555
7913.452148	-44.880058
7924.218750	-45.074757
7934.985352	-45.185768
7945.751953	-45.240459
7956.518555	-45.040905
7967.285156	-44.891907
7978.051758	-44.710445
7988.818359	-44.495522
7999.584961	-44.791092
8010.351562	-45.133480
8021.118164	-44.832150
8031.884766	-45.160522
8042.651367	-45.650043
8053.417969	-45.361916
8064.184570	-45.182163
8074.951172	-45.282776
8085.717773	-44.637222
8096.484375	-44.911476
8107.250977	-44.660686
8118.017578	-44.867565
8128.784180	-45.105759
8139.550781	-44.737007
8150.317383	-45.005146
8161.083984	-44.925442
8171.850586	-44.791096
8182.617188	-44.978863
8193.383789	-44.768044
8204.150391	-44.854336
8214.916992	-45.239204
8225.683594	-44.981964
8236.450195	-44.636089
8247.216797	-44.634651
8257.983398	-44.987488
8268.750000	-44.924850
8279.516602	-44.769444
8290.283203	-45.133644
8301.049805	-45.249886
8311.816406	-44.922226
8322.583008	-44.922131
8333.349609	-44.990158
8344.116211	-45.232166
8354.882812	-45.111698
8365.649414	-45.246212
8376.416016	-45.163868
8387.182617	-45.064568
8397.949219	-45.205898
8408.715820	-44.739990
8419.482422	-44.603748
8430.249023	-45.265026
8441.015625	-45.614079
8451.782227	-45.437683
8462.548828	-45.123817
8473.315430	-45.053375
8484.082031	-45.303940
8494.848633	-45.628895
8505.615234	-45.425938
8516.381836	-45.462658
8527.148438	-45.177586
8537.915039	-45.207077
8548.681641	-45.373135
8559.448242	-45.434151
8570.214844	-45.302479
8580.981445	-45.301655
8591.748047	-45.252651
8602.514648	-45.285820
8613.281250	-45.409245
8624.047852	-45.403370
8634.814453	-45.659298
8645.581055	-45.798634
8656.347656	-45.657082
8667.114258	-45.395863
8677.880859	-45.213066
8688.647461	-45.313915
8699.414062	-45.505478
8710.180664	-45.216057
8720.947266	-45.195297
8731.713867	-45.277351
8742.480469	-45.627033
8753.247070	-45.521332
8764.013672	-45.804211
8774.780273	-46.149582
8785.546875	-45.764797
8796.313477	-45.462479
8807.080078	-45.626831
8817.846680	-45.536785
8828.613281	-45.636509
8839.379883	-45.528931
8850.146484	-45.301445
8860.913086	-45.461811
8871.679688	-45.623894
8882.446289	-45.482239
8893.212891	-45.734165
8903.979492	-45.675209
8914.746094	-45.704292
8925.512695	-45.429703
8936.279297	-45.566177
8947.045898	-45.469727
8957.812500	-45.531940
8968.579102	-45.684708
8979.345703	-45.798435
8990.112305	-45.819336
9000.878906	-45.592716
9011.645508	-45.793636
9022.412109	-45.644772
9033.178711	-45.679798
9043.945312	-45.671963
9054.711914	-45.805084
9065.478516	-45.867443
9076.245117	-46.003098
9087.011719	-46.396763
9097.778320	-45.964024
9108.544922	-45.718891
9119.311523	-46.070412
9130.078125	-45.676067
9140.844727	-45.681721
9151.611328	-45.836384
9162.377930	-45.753784
9173.144531	-45.555759
9183.911133	-45.784828
9194.677734	-45.617767
9205.444336	-45.719219
9216.210938	-45.942806
9226.977539	-46.028095
9237.744141	-45.795986
9248.510742	-45.969749
9259.277344	-45.852848
9270.043945	-45.727028
9280.810547	-45.597336
9291.577148	-45.790058
9302.343750	-45.803543
9313.110352	-46.046982
9323.876953	-46.261593
9334.643555	-46.194782
9345.410156	-45.589294
9356.176758	-45.718246
9366.943359	-45.922573
9377.709961	-46.040947
9388.476562	-46.371433
9399.243164	-46.079231
9410.009766	-45.862282
9420.776367	-46.092308
9431.542969	-46.101578
9442.309570	-46.089787
9453.076172	-46.087490
9463.842773	-45.950794
9474.609375	-45.836006
9485.375977	-46.233456
9496.142578	-46.066692
9506.909180	-45.973053
9517.675781	-45.954006
9528.442383	-45.881264
9539.208984	-46.395077
9549.975586	-46.375191
9560.742188	-46.098473
9571.508789	-46.017773
9582.275391	-46.061489
9593.041992	-46.001583
9603.808594	-46.087574
9614.575195	-45.846798
9625.341797	-46.060467
9636.108398	-46.078106
9646.875000	-46.658127
9657.641602	-46.668610
9668.408203	-46.186455
9679.174805	-46.187485
9689.941406	-46.196785
9700.708008	-46.019733
9711.474609	-46.023941
9722.241211	-45.887428
9733.007812	-46.125793
9743.774414	-46.280529
9754.541016	-46.172390
9765.307617	-46.554604
9776.074219	-46.474968
9786.840820	-46.134136
9797.607422	-46.100334
9808.374023	-46.325924
9819.140625	-46.510788
9829.907227	-46.214012
9840.673828	-46.541653
9851.440430	-46.410587
9862.207031	-46.788288
9872.973633	-46.694183
9883.740234	-46.312054
9894.506836	-46.310612
9905.273438	-46.191841
9916.040039	-46.107460
9926.806641	-46.414413
9937.573242	-46.218445
9948.339844	-46.075420
9959.106445	-46.245148
9969.873047	-46.297401
9980.639648	-46.277317
9991.406250	-46.390491
10002.172852	-46.571033
10012.939453	-46.353542
10023.706055	-46.394756
10034.472656	-46.543625
10045.239258	-46.527992
10056.005859	-46.722736
10066.772461	-46.420830
10077.539062	-45.984699
10088.305664	-46.649704
10099.072266	-46.963997
10109.838867	-47.040470
10120.605469	-46.601658
10131.372070	-46.330547
10142.138672	-46.147633
10152.905273	-46.123177
10163.671875	-46.577595
10174.438477	-46.616974
10185.205078	-46.584721
10195.971680	-46.325520
10206.738281	-46.225494
10217.504883	-46.463062
10228.271484	-46.405624
10239.038086	-46.233559
10249.804688	-46.746799
10260.571289	-46.930920
10271.337891	-46.855751
10282.104492	-46.958000
10292.871094	-46.628384
10303.637695	-46.905540
10314.404297	-47.196125
10325.170898	-46.857651
10335.937500	-46.808262
10346.704102	-46.745861
10357.470703	-46.735836
10368.237305	-46.705307
10379.003906	-46.930847
10389.770508	-46.597019
10400.537109	-46.763744
10411.303711	-47.080460
10422.070312	-47.041985
10432.836914	-46.748024
10443.603516	-46.519138
10454.370117	-46.336945
10465.136719	-46.415916
10475.903320	-46.417046
10486.669922	-46.344410
10497.436523	-46.730087
10508.203125	-46.830849
10518.969727	-46.588924
10529.736328	-46.367706
10540.502930	-46.471851
10551.269531	-46.860298
10562.036133	-47.055843
10572.802734	-46.926422
10583.569336	-46.724445
10594.335938	-46.481934
10605.102539	-46.909210
10615.869141	-47.372681
10626.635742	-47.181370
10637.402344	-46.998344
10648.168945	-47.316311
10658.935547	-46.995544
10669.702148	-46.926189
10680.468750	-46.735783
10691.235352	-46.927635
10702.001953	-46.978233
10712.768555	-47.111763
10723.535156	-47.159721
10734.301758	-46.989822
10745.068359	-46.889137
10755.834961	-46.598797
10766.601562	-46.637550
10777.368164	-46.685921
10788.134766	-46.545048
10798.901367	-46.411873
10809.667969	-46.611191
10820.434570	-46.950676
10831.201172	-47.181797
10841.967773	-46.991398
10852.734375	-47.238327
10863.500977	-46.915993
10874.267578	-46.760914
10885.034180	-46.917229
10895.800781	-46.780155
10906.567383	-46.837337
10917.333984	-47.114380
10928.100586	-47.204155
10938.867188	-47.134876
10949.633789	-46.910221
10960.400391	-47.064743
10971.166992	-47.033184
10981.933594	-47.454384
10992.700195	-47.239464
11003.466797	-46.927605
11014.233398	-47.137569
11025.000000	-47.131790
11035.766602	-47.036205
11046.533203	-47.108891
11057.299805	-47.463623
11068.066406	-47.034340
11078.833008	-46.842728
11089.599609	-47.095573
11100.366211	-47.410900
11111.132812	-47.137791
11121.899414	-47.161015
11132.666016	-47.223450
11143.432617	-47.383816
11154.199219	-47.289513
11164.965820	-47.178127
11175.732422	-46.947659
11186.499023	-47.165588
11197.265625	-47.286201
11208.032227	-47.233231
11218.798828	-47.597530
11229.565430	-47.393181
11240.332031	-47.243694
11251.098633	-47.633224
11261.865234	-47.423534
11272.631836	-47.294857
11283.398438	-47.063049
11294.165039	-47.265812
11304.931641	-47.224056
11315.698242	-47.069496
11326.464844	-47.592548
11337.231445	-47.274265
11347.998047	-47.239777
11358.764648	-47.357071
11369.531250	-47.230461
11380.297852	-47.283005
11391.064453	-47.270409
11401.831055	-47.179806
11412.597656	-47.575306
11423.364258	-47.580524
11434.130859	-47.693291
11444.897461	-47.420609
11455.664062	-47.345516
11466.430664	-47.251965
11477.197266	-47.409245
11487.963867	-47.557312
11498.730469	-47.419319
11509.497070	-47.394531
11520.263672	-47.724770
11531.030273	-47.675751
11541.796875	-47.594116
11552.563477	-47.813835
11563.330078	-47.668682
11574.096680	-47.536743
11584.863281	-47.541374
11595.629883	-47.134754
11606.396484	-47.297394
11617.163086	-47.079975
11627.929688	-46.814083
11638.696289	-47.460842
11649.462891	-47.783638
11660.229492	-47.566166
11670.996094	-47.575523
11681.762695	-47.400032
11692.529297	-47.501064
11703.295898	-47.843292
11714.062500	-47.648724
11724.829102	-47.470242
11735.595703	-47.606842
11746.362305	-47.478565
11757.128906	-47.372231
11767.895508	-47.366730
11778.662109	-47.457554
11789.428711	-47.736309
11800.195312	-47.318184
11810.961914	-47.320877
11821.728516	-47.534504
11832.495117	-47.539543
11843.261719	-47.323311
11854.028320	-47.153908
11864.794922	-47.515480
11875.561523	-47.618645
11886.328125	-47.758877
11897.094727	-47.595444
11907.861328	-47.482697
11918.627930	-47.326675
11929.394531	-47.473091
11940.161133	-47.493431
11950.927734	-47.717361
11961.694336	-47.792732
11972.460938	-47.347736
11983.227539	-47.613194
11993.994141	-47.841843
12004.760742	-48.066994
12015.527344	-47.792789
12026.293945	-47.566799
12037.060547	-47.677799
12047.827148	-47.299412
12058.593750	-47.548103
12069.360352	-47.328606
12080.126953	-47.511234
12090.893555	-47.693363
12101.660156	-47.751083
12112.426758	-47.783314
12123.193359	-47.638481
12133.959961	-47.585316
12144.726562	-47.765671
12155.493164	-47.919266
12166.259766	-47.737366
12177.026367	-47.787151
12187.792969	-48.044418
12198.559570	-48.021030
12209.326172	-47.712788
12220.092773	-47.837425
12230.859375	-47.865974
12241.625977	-47.539658
12252.392578	-47.760593
12263.159180	-47.967735
12273.925781	-48.357292
12284.692383	-48.264412
12295.458984	-47.814625
12306.225586	-47.865665
12316.992188	-48.095539
12327.758789	-47.701820
12338.525391	-47.241024
12349.291992	-47.505520
12360.058594	-47.892036
12370.825195	-47.825897
12381.591797	-47.908924
12392.358398	-47.724186
12403.125000	-47.911182
12413.891602	-48.245213
12424.658203	-47.874256
12435.424805	-47.330402
12446.191406	-47.382233
12456.958008	-47.698215
12467.724609	-47.939575
12478.491211	-47.839901
12489.257812	-47.865482
12500.024414	-47.814564
12510.791016	-48.006477
12521.557617	-47.935188
12532.324219	-47.926800
12543.090820	-48.007988
12553.857422	-47.798828
12564.624023	-47.909847
12575.390625	-48.071014
12586.157227	-47.725121
12596.923828	-47.762234
12607.690430	-47.909615
12618.457031	-48.239113
12629.223633	-48.199078
12639.990234	-47.691830
12650.756836	-47.794071
12661.523438	-48.016018
12672.290039	-47.680370
12683.056641	-48.012344
12693.823242	-47.769836
12704.589844	-47.871532
12715.356445	-48.238602
12726.123047	-48.235657
12736.889648	-48.147659
12747.656250	-47.845413
12758.422852	-47.961750
12769.189453	-47.943489
12779.956055	-48.195049
12790.722656	-48.176880
12801.489258	-48.250210
12812.255859	-47.864594
12823.022461	-47.673618
12833.789062	-47.676159
12844.555664	-47.797794
12855.322266	-48.081169
12866.088867	-48.008766
12876.855469	-47.932327
12887.622070	-48.241089
12898.388672	-48.228107
12909.155273	-48.011513
12919.921875	-48.006760
12930.688477	-48.192520
12941.455078	-48.697224
12952.221680	-48.612606
12962.988281	-48.025726
12973.754883	-47.722107
12984.521484	-48.064331
12995.288086	-48.131130
13006.054688	-48.183205
13016.821289	-47.992138
13027.587891	-47.943630
13038.354492	-48.284748
13049.121094	-48.468246
13059.887695	-48.046211
13070.654297	-47.902824
13081.420898	-48.285751
13092.187500	-48.650032
13102.954102	-48.504852
13113.720703	-48.490921
13124.487305	-48.280270
13135.253906	-48.192635
13146.020508	-48.499077
13156.787109	-48.360115
13167.553711	-48.232704
13178.320312	-48.546963
13189.086914	-48.524803
13199.853516	-47.963913
13210.620117	-48.094120
13221.386719	-48.621101
13232.153320	-48.350803
13242.919922	-48.069588
13253.686523	-48.188023
13264.453125	-48.373600
13275.219727	-48.016617
13285.986328	-47.986275
13296.752930	-48.196705
13307.519531	-48.089703
13318.286133	-48.121666
13329.052734	-48.231159
13339.819336	-48.572887
13350.585938	-48.505825
13361.352539	-48.495071
13372.119141	-48.611046
13382.885742	-48.134411
13393.652344	-48.199024
13404.418945	-48.473957
13415.185547	-48.259102
13425.952148	-48.035183
13436.718750	-48.104198
13447.485352	-48.253471
13458.251953	-48.073479
13469.018555	-48.478359
13479.785156	-48.859879
13490.551758	-48.721092
13501.318359	-48.612041
13512.084961	-48.514179
13522.851562	-48.094379
13533.618164	-48.237450
13544.384766	-48.539593
13555.151367	-48.579346
13565.917969	-48.512768
13576.684570	-47.994537
13587.451172	-47.814919
13598.217773	-48.036633
13608.984375	-48.092304
13619.750977	-48.226257
13630.517578	-48.648800
13641.284180	-49.031258
13652.050781	-48.361095
13662.817383	-48.205265
13673.583984	-48.499485
13684.350586	-48.379856
13695.117188	-48.240211
13705.883789	-48.216866
13716.650391	-48.432034
13727.416992	-48.569324
13738.183594	-48.410908
13748.950195	-48.353687
13759.716797	-48.100742
13770.483398	-48.127922
13781.250000	-48.677204
13792.016602	-48.816750
13802.783203	-48.615654
13813.549805	-48.232128
13824.316406	-48.122589
13835.083008	-48.130775
13845.849609	-47.999279
13856.616211	-48.605545
13867.382812	-48.476227
13878.149414	-48.706562
13888.916016	-48.710876
13899.682617	-48.452793
13910.449219	-48.243027
13921.215820	-48.493309
13931.982422	-48.514122
13942.749023	-48.474709
13953.515625	-48.631733
13964.282227	-48.174259
13975.048828	-48.533997
13985.815430	-48.316341
13996.582031	-48.167587
14007.348633	-48.015404
14018.115234	-48.588924
14028.881836	-49.123207
14039.648438	-49.112995
14050.415039	-48.650436
14061.181641	-48.421219
14071.948242	-48.321289
14082.714844	-48.806881
14093.481445	-48.555511
14104.248047	-48.517590
14115.014648	-48.411533
14125.781250	-48.545135
14136.547852	-48.898911
14147.314453	-49.321789
14158.081055	-48.913540
14168.847656	-48.715816
14179.614258	-48.479485
14190.380859	-48.456234
14201.147461	-48.563843
14211.914062	-48.310478
14222.680664	-48.110935
14233.447266	-48.898407
14244.213867	-48.870502
14254.980469	-48.943352
14265.747070	-49.075882
14276.513672	-48.861900
14287.280273	-48.606133
14298.046875	-48.572960
14308.813477	-48.568619
14319.580078	-48.610737
14330.346680	-48.833424
14341.113281	-49.037201
14351.879883	-48.792770
14362.646484	-48.699871
14373.413086	-48.583424
14384.179688	-48.753441
14394.946289	-48.945332
14405.712891	-48.671501
14416.479492	-48.974934
14427.246094	-48.709915
14438.012695	-48.903168
14448.779297	-48.620060
14459.545898	-48.363415
14470.312500	-48.710411
14481.079102	-48.970165
14491.845703	-48.866306
14502.612305	-48.593441
14513.378906	-48.579372
14524.145508	-48.540386
14534.912109	-48.769894
14545.678711	-48.579380
14556.445312	-48.819904
14567.211914	-48.917950
14577.978516	-48.725777
14588.745117	-48.666565
14599.511719	-48.871792
14610.278320	-48.773590
14621.044922	-48.912312
14631.811523	-48.962978
14642.578125	-48.858238
14653.344727	-48.581215
14664.111328	-48.636475
14674.877930	-48.607559
14685.644531	-48.393642
14696.411133	-48.559418
14707.177734	-48.479122
14717.944336	-48.450008
14728.710938	-48.559986
14739.477539	-48.761330
14750.244141	-48.915798
14761.010742	-48.962612
14771.777344	-49.036247
14782.543945	-49.054676
14793.310547	-49.099407
14804.077148	-48.917469
14814.843750	-48.561913
14825.610352	-48.738697
14836.376953	-48.874531
14847.143555	-48.747234
14857.910156	-48.748932
14868.676758	-49.186638
14879.443359	-49.035175
14890.209961	-48.646919
14900.976562	-48.588158
14911.743164	-48.896095
14922.509766	-48.954933
14933.276367	-48.890652
14944.042969	-48.751007
14954.809570	-48.796013
14965.576172	-48.832050
14976.342773	-48.930714
14987.109375	-49.081955
14997.875977	-48.728638
15008.642578	-48.641315
15019.409180	-48.910416
15030.175781	-49.187881
15040.942383	-49.279716
15051.708984	-49.508209
15062.475586	-49.202847
15073.242188	-48.954823
15084.008789	-49.157581
15094.775391	-49.080917
15105.541992	-49.196735
15116.308594	-48.911354
15127.075195	-48.798565
15137.841797	-48.907024
15148.608398	-49.151192
15159.375000	-48.832977
15170.141602	-48.893963
15180.908203	-49.198845
15191.674805	-49.062298
15202.441406	-49.023735
15213.208008	-49.053612
15223.974609	-48.864937
15234.741211	-48.991615
15245.507812	-48.800747
15256.274414	-49.148952
15267.041016	-48.945389
15277.807617	-48.884777
15288.574219	-49.094769
15299.340820	-49.397518
15310.107422	-48.965218
15320.874023	-48.843098
15331.640625	-48.727421
15342.407227	-48.835648
15353.173828	-49.576042
15363.940430	-49.729279
15374.707031	-48.890171
15385.473633	-48.524311
15396.240234	-48.785355
15407.006836	-49.015541
15417.773438	-48.775333
15428.540039	-49.138794
15439.306641	-49.385429
15450.073242	-49.120804
15460.839844	-49.137020
15471.606445	-48.917511
15482.373047	-48.975086
15493.139648	-48.716896
15503.906250	-48.947865
15514.672852	-49.144798
15525.439453	-49.199615
15536.206055	-49.057076
15546.972656	-49.271534
15557.739258	-49.193619
15568.505859	-49.166664
15579.272461	-49.061966
15590.039062	-48.923710
15600.805664	-48.849960
15611.572266	-49.056065
15622.338867	-49.124794
15633.105469	-49.123379
15643.872070	-49.553936
15654.638672	-49.369858
15665.405273	-49.096973
15676.171875	-49.192123
15686.938477	-49.545422
15697.705078	-49.310970
15708.471680	-49.225773
15719.238281	-49.046173
15730.004883	-49.191902
15740.771484	-49.190571
15751.538086	-49.139374
15762.304688	-49.402378
15773.071289	-49.093918
15783.837891	-48.803783
15794.604492	-48.956989
15805.371094	-49.181099
15816.137695	-49.223003
15826.904297	-49.095341
15837.670898	-49.276516
15848.437500	-49.056847
15859.204102	-49.092350
15869.970703	-48.861145
15880.737305	-49.016026
15891.503906	-48.845840
15902.270508	-49.202305
15913.037109	-48.976158
15923.803711	-48.962814
15934.570312	-48.877350
15945.336914	-49.195183
15956.103516	-49.094158
15966.870117	-49.216385
15977.636719	-49.328423
15988.403320	-49.364536
15999.169922	-49.466656
16009.936523	-49.176384
16020.703125	-49.038548
16031.469727	-48.941845
16042.236328	-49.104153
16053.002930	-49.230053
16063.769531	-49.094055
16074.536133	-48.980408
16085.302734	-49.249271
16096.069336	-49.376522
16106.835938	-49.208012
16117.602539	-49.366455
16128.369141	-49.269276
16139.135742	-48.840446
16149.902344	-48.887272
16160.668945	-49.463886
16171.435547	-49.192440
16182.202148	-49.383053
16192.968750	-49.059643
16203.735352	-49.026272
16214.501953	-49.318966
16225.268555	-49.449963
16236.035156	-49.391922
16246.801758	-49.274895
16257.568359	-48.984802
16268.334961	-49.206532
16279.101562	-49.137344
16289.868164	-49.412670
16300.634766	-49.626511
16311.401367	-49.482903
16322.167969	-49.574707
16332.934570	-49.259892
16343.701172	-49.317085
16354.467773	-49.508251
16365.234375	-49.709614
16376.000977	-49.398952
16386.767578	-49.411922
16397.534180	-49.342026
16408.300781	-49.187672
16419.067383	-49.078568
16429.833984	-49.082302
16440.600586	-49.398224
16451.367188	-49.559223
16462.133789	-49.551395
16472.900391	-49.786427
16483.666992	-49.810108
16494.433594	-49.721317
16505.200195	-49.181671
16515.966797	-48.948887
16526.733398	-49.372585
16537.500000	-49.788635
16548.266602	-49.507851
16559.033203	-49.468616
16569.799805	-49.183334
16580.566406	-49.011818
16591.333008	-48.971313
16602.099609	-49.153290
16612.866211	-49.400864
16623.632812	-49.309223
16634.399414	-49.286152
16645.166016	-49.483978
16655.932617	-49.611771
16666.699219	-49.696594
16677.465820	-49.789646
16688.232422	-49.492226
16698.999023	-49.289658
16709.765625	-49.255268
16720.532227	-49.498962
16731.298828	-49.542030
16742.065430	-49.117126
16752.832031	-49.200443
16763.598633	-49.354446
16774.365234	-49.347755
16785.131836	-49.482265
16795.898438	-49.401348
16806.665039	-49.639256
16817.431641	-49.416183
16828.198242	-49.536964
16838.964844	-49.446915
16849.731445	-49.335793
16860.498047	-49.514881
16871.264648	-49.456219
16882.031250	-49.225758
16892.797852	-49.362865
16903.564453	-49.449535
16914.331055	-49.544067
16925.097656	-49.543777
16935.864258	-49.794800
16946.630859	-49.292793
16957.397461	-49.264923
16968.164062	-49.694683
16978.930664	-49.833221
16989.697266	-49.877380
17000.463867	-49.828060
17011.230469	-49.502399
17021.997070	-49.398998
17032.763672	-49.464012
17043.530273	-49.361324
17054.296875	-49.330711
17065.063477	-49.284878
17075.830078	-49.251968
17086.596680	-49.253387
17097.363281	-49.439102
17108.129883	-49.372066
17118.896484	-49.545204
17129.663086	-49.679737
17140.429688	-49.407681
17151.196289	-49.321476
17161.962891	-49.188026
17172.729492	-49.442734
17183.496094	-49.401493
17194.262695	-49.188171
17205.029297	-49.297516
17215.795898	-49.526875
17226.562500	-49.658890
17237.329102	-49.581017
17248.095703	-49.408379
17258.862305	-49.450661
17269.628906	-49.376553
17280.395508	-49.571747
17291.162109	-49.707806
17301.928711	-49.189220
17312.695312	-49.357426
17323.461914	-49.676140
17334.228516	-49.525082
17344.995117	-49.439762
17355.761719	-49.709591
17366.528320	-49.490513
17377.294922	-49.504925
17388.061523	-49.641983
17398.828125	-49.667336
17409.594727	-49.504406
17420.361328	-49.461369
17431.127930	-49.476593
17441.894531	-49.666702
17452.661133	-49.753143
17463.427734	-49.285728
17474.194336	-49.171726
17484.960938	-49.389004
17495.727539	-49.942184
17506.494141	-49.418472
17517.260742	-49.484421
17528.027344	-49.315353
17538.793945	-49.468201
17549.560547	-49.818653
17560.327148	-49.814167
17571.093750	-49.635357
17581.860352	-49.751785
17592.626953	-49.854607
17603.393555	-49.709015
17614.160156	-49.832653
17624.926758	-49.745884
17635.693359	-49.531685
17646.459961	-49.630863
17657.226562	-49.741798
17667.993164	-49.446770
17678.759766	-49.643631
17689.526367	-49.756409
17700.292969	-49.821751
17711.059570	-49.759361
17721.826172	-49.517044
17732.592773	-49.518970
17743.359375	-49.617519
17754.125977	-49.395233
17764.892578	-49.689972
17775.659180	-49.294552
17786.425781	-49.337570
17797.192383	-49.490288
17807.958984	-49.171349
17818.725586	-49.086895
17829.492188	-49.185081
17840.258789	-49.477772
17851.025391	-49.425156
17861.791992	-49.777515
17872.558594	-49.622696
17883.325195	-49.568718
17894.091797	-49.888405
17904.858398	-49.616001
17915.625000	-49.642948
17926.391602	-49.787598
17937.158203	-49.740166
17947.924805	-49.461334
17958.691406	-49.417267
17969.458008	-49.458187
17980.224609	-49.409664
17990.991211	-49.533424
18001.757812	-49.592648
18012.524414	-49.723000
18023.291016	-50.022461
18034.057617	-49.635376
18044.824219	-49.674061
18055.590820	-49.682606
18066.357422	-49.696918
18077.124023	-49.557083
18087.890625	-49.665649
18098.657227	-49.777367
18109.423828	-50.088669
18120.190430	-49.716084
18130.957031	-49.622936
18141.723633	-49.543266
18152.490234	-49.462673
18163.256836	-49.697559
18174.023438	-50.025383
18184.790039	-49.734875
18195.556641	-50.011215
18206.323242	-49.747887
18217.089844	-49.636330
18227.856445	-49.764339
18238.623047	-49.552925
18249.389648	-49.602722
18260.156250	-49.843800
18270.922852	-49.738377
18281.689453	-49.434311
18292.456055	-49.023399
18303.222656	-49.362663
18313.989258	-49.484406
18324.755859	-49.331528
18335.522461	-49.553017
18346.289062	-49.945091
18357.055664	-50.253784
18367.822266	-49.974098
18378.588867	-49.960484
18389.355469	-49.915745
18400.122070	-49.533825
18410.888672	-49.365730
18421.655273	-49.698418
18432.421875	-49.948250
18443.188477	-49.833000
18453.955078	-49.586739
18464.721680	-49.765945
18475.488281	-50.285072
18486.254883	-50.228119
18497.021484	-50.210487
18507.788086	-49.786495
18518.554688	-49.518093
18529.321289	-49.738983
18540.087891	-50.365810
18550.854492	-50.108383
18561.621094	-49.496769
18572.387695	-49.487698
18583.154297	-49.433186
18593.920898	-49.796291
18604.687500	-50.110443
18615.454102	-49.887733
18626.220703	-49.803329
18636.987305	-49.524139
18647.753906	-49.393299
18658.520508	-49.332840
18669.287109	-49.546371
18680.053711	-49.900585
18690.820312	-49.923134
18701.586914	-49.811134
18712.353516	-49.742695
18723.120117	-49.781967
18733.886719	-49.827919
18744.653320	-49.821899
18755.419922	-49.682240
18766.186523	-49.823681
18776.953125	-49.861691
18787.719727	-49.924839
18798.486328	-50.133263
18809.252930	-50.062706
18820.019531	-49.922058
18830.786133	-49.995647
18841.552734	-49.509880
18852.319336	-49.357388
18863.085938	-49.778610
18873.852539	-49.559952
18884.619141	-50.020164
18895.385742	-50.035858
18906.152344	-49.954426
18916.918945	-49.980804
18927.685547	-50.093197
18938.452148	-50.070221
18949.218750	-49.866905
18959.985352	-49.880890
18970.751953	-49.511032
18981.518555	-49.155636
18992.285156	-49.207527
19003.051758	-49.364864
19013.818359	-49.436649
19024.584961	-49.878628
19035.351562	-49.726799
19046.118164	-49.751938
19056.884766	-49.838562
19067.651367	-50.032452
19078.417969	-49.651100
19089.184570	-49.658321
19099.951172	-50.103424
19110.717773	-50.138714
19121.484375	-49.809986
19132.250977	-49.493343
19143.017578	-49.906464
19153.784180	-49.897430
19164.550781	-49.543083
19175.317383	-49.697296
19186.083984	-49.861294
19196.850586	-49.770973
19207.617188	-49.748451
19218.383789	-50.008919
19229.150391	-49.936466
19239.916992	-49.966412
19250.683594	-50.004074
19261.450195	-49.670654
19272.216797	-49.325958
19282.983398	-49.791809
19293.750000	-49.895840
19304.516602	-49.739395
19315.283203	-49.814846
19326.049805	-49.588150
19336.816406	-49.686996
19347.583008	-50.140850
19358.349609	-49.924950
19369.116211	-49.374107
19379.882812	-49.292290
19390.649414	-49.722076
19401.416016	-50.022919
19412.182617	-49.963299
19422.949219	-49.844803
19433.715820	-49.833870
19444.482422	-49.648289
19455.249023	-49.417465
19466.015625	-49.701061
19476.782227	-49.932011
19487.548828	-49.730782
19498.315430	-49.610657
19509.082031	-49.952744
19519.848633	-50.152630
19530.615234	-50.149048
19541.381836	-50.133629
19552.148438	-50.149040
19562.915039	-50.029518
19573.681641	-49.752647
19584.448242	-49.893166
19595.214844	-49.839378
19605.981445	-49.682827
19616.748047	-49.608753
19627.514648	-49.722809
19638.281250	-49.772232
19649.047852	-49.879879
19659.814453	-49.970577
19670.581055	-49.868080
19681.347656	-49.791492
19692.114258	-49.906715
19702.880859	-50.120876
19713.647461	-49.820885
19724.414062	-49.588253
19735.180664	-49.873661
19745.947266	-49.792496
19756.713867	-49.801899
19767.480469	-49.905357
19778.247070	-49.966019
19789.013672	-50.059261
19799.780273	-49.825348
19810.546875	-49.724678
19821.313477	-49.439503
19832.080078	-50.028168
19842.846680	-50.027966
19853.613281	-49.982021
19864.379883	-49.933041
19875.146484	-50.194115
19885.913086	-50.308083
19896.679688	-50.477444
19907.446289	-50.244389
19918.212891	-49.984646
19928.979492	-49.920746
19939.746094	-49.561325
19950.512695	-49.733253
19961.279297	-50.160557
19972.045898	-50.109276
19982.812500	-49.628643
19993.579102	-49.798454
20004.345703	-49.856087
20015.112305	-49.969265
20025.878906	-49.686943
20036.645508	-49.879139
20047.412109	-49.888084
20058.178711	-49.872948
20068.945312	-50.219612
20079.711914	-50.057011
20090.478516	-49.871861
20101.245117	-49.971004
20112.011719	-50.139904
20122.778320	-50.112545
20133.544922	-50.378460
20144.311523	-50.359024
20155.078125	-50.127579
20165.844727	-49.961880
20176.611328	-49.927124
20187.377930	-50.107582
20198.144531	-50.050163
20208.911133	-50.223774
20219.677734	-50.159969
20230.444336	-49.987720
20241.210938	-49.969475
20251.977539	-49.898685
20262.744141	-50.169277
20273.510742	-50.103985
20284.277344	-49.985901
20295.043945	-49.841129
20305.810547	-49.540169
20316.577148	-50.010532
20327.343750	-50.070549
20338.110352	-49.910557
20348.876953	-49.724655
20359.643555	-49.668480
20370.410156	-49.919495
20381.176758	-50.044144
20391.943359	-49.877399
20402.709961	-49.949947
20413.476562	-50.191086
20424.243164	-50.135654
20435.009766	-50.092850
20445.776367	-50.066265
20456.542969	-49.817627
20467.309570	-49.925598
20478.076172	-49.965801
20488.842773	-50.122810
20499.609375	-49.884830
20510.375977	-49.895374
20521.142578	-50.024296
20531.909180	-50.060631
20542.675781	-49.887184
20553.442383	-50.018375
20564.208984	-50.047932
20574.975586	-50.144749
20585.742188	-50.151703
20596.508789	-49.925301
20607.275391	-49.959484
20618.041992	-50.126236
20628.808594	-50.229412
20639.575195	-49.900566
20650.341797	-49.656006
20661.108398	-50.022446
20671.875000	-49.803177
20682.641602	-49.929958
20693.408203	-50.435081
20704.174805	-50.144867
20714.941406	-49.624729
20725.708008	-49.740845
20736.474609	-50.022057
20747.241211	-50.114388
20758.007812	-49.957108
20768.774414	-49.771347
20779.541016	-50.049534
20790.307617	-50.182079
20801.074219	-49.823765
20811.840820	-49.846046
20822.607422	-50.201347
20833.374023	-50.055847
20844.140625	-50.145737
20854.907227	-50.320099
20865.673828	-50.413353
20876.440430	-50.033543
20887.207031	-49.949574
20897.973633	-49.975182
20908.740234	-49.682213
20919.506836	-49.732151
20930.273438	-50.158131
20941.040039	-50.249619
20951.806641	-50.066895
20962.573242	-50.046677
20973.339844	-50.047642
20984.106445	-50.068382
20994.873047	-50.119675
21005.639648	-50.346760
21016.406250	-50.296791
21027.172852	-50.188274
21037.939453	-50.099827
21048.706055	-50.201256
21059.472656	-49.837532
21070.239258	-49.815575
21081.005859	-50.404377
21091.772461	-50.248455
21102.539062	-49.950703
21113.305664	-49.991367
21124.072266	-49.983315
21134.838867	-50.049221
21145.605469	-49.950397
21156.372070	-50.128708
21167.138672	-50.217072
21177.905273	-49.752316
21188.671875	-49.618717
21199.438477	-49.682838
21210.205078	-49.971581
21220.971680	-49.798065
21231.738281	-49.630875
21242.504883	-50.038082
21253.271484	-49.859818
21264.038086	-49.761543
21274.804688	-49.689720
21285.571289	-50.084572
21296.337891	-49.926559
21307.104492	-49.607685
21317.871094	-49.784271
21328.637695	-49.692528
21339.404297	-49.827801
21350.170898	-50.215607
21360.937500	-49.986603
21371.704102	-49.843155
21382.470703	-50.060360
21393.237305	-50.188786
21404.003906	-50.086899
21414.770508	-50.185791
21425.537109	-50.432800
21436.303711	-50.465454
21447.070312	-50.325623
21457.836914	-50.003391
21468.603516	-49.956867
21479.370117	-50.116917
21490.136719	-49.955204
21500.903320	-49.792656
21511.669922	-49.901642
21522.436523	-50.157658
21533.203125	-50.321201
21543.969727	-50.067570
21554.736328	-50.059578
21565.502930	-50.065369
21576.269531	-50.180973
21587.036133	-49.936134
21597.802734	-49.996838
21608.569336	-50.303097
21619.335938	-50.361591
21630.102539	-49.993038
21640.869141	-50.087799
21651.635742	-50.050617
21662.402344	-49.921627
21673.168945	-50.044739
21683.935547	-50.051250
21694.702148	-50.113995
21705.468750	-50.324512
21716.235352	-50.272976
21727.001953	-50.216923
21737.768555	-50.005211
21748.535156	-49.750214
21759.301758	-49.668179
21770.068359	-49.912338
21780.834961	-50.046001
21791.601562	-50.097721
21802.368164	-49.664284
21813.134766	-49.575638
21823.901367	-49.889790
21834.667969	-50.031437
21845.434570	-50.074341
21856.201172	-50.375362
21866.967773	-50.559944
21877.734375	-50.160397
21888.500977	-49.819969
21899.267578	-50.168457
21910.034180	-50.219551
21920.800781	-50.306499
21931.567383	-50.380745
21942.333984	-50.019627
21953.100586	-50.125862
21963.867188	-49.843647
21974.633789	-49.713272
21985.400391	-50.116600
21996.166992	-50.249699
22006.933594	-50.044579
22017.700195	-49.907974
22028.466797	-50.011642
22039.233398	-50.251965
