Frequency (Hz)	Level (dB)
10.766602	-33.146339
21.533203	-33.115238
32.299805	-33.267319
43.066406	-32.698341
53.833008	-33.214603
64.599609	-33.317520
75.366211	-33.345284
86.132812	-33.436546
96.899414	-32.988941
107.666016	-32.768623
118.432617	-32.990738
129.199219	-33.486877
139.965820	-33.262592
150.732422	-33.182690
161.499023	-32.832691
172.265625	-32.966671
183.032227	-33.177292
193.798828	-33.122860
204.565430	-32.982235
215.332031	-33.011387
226.098633	-32.949421
236.865234	-32.701023
247.631836	-32.880093
258.398438	-33.447830
269.165039	-33.482285
279.931641	-33.462753
290.698242	-33.107212
301.464844	-33.160969
312.231445	-33.271568
322.998047	-33.473034
333.764648	-33.429836
344.531250	-32.759354
355.297852	-32.758202
366.064453	-33.001423
376.831055	-33.289204
387.597656	-32.483440
398.364258	-32.536476
409.130859	-33.070499
419.897461	-33.365311
430.664062	-33.402222
441.430664	-33.147884
452.197266	-33.046917
462.963867	-33.125370
473.730469	-33.222324
484.497070	-33.740028
495.263672	-33.237080
506.030273	-33.282967
516.796875	-33.318104
527.563477	-33.174934
538.330078	-33.002686
549.096680	-33.102871
559.863281	-33.234467
570.629883	-33.452267
581.396484	-33.225231
592.163086	-33.222469
602.929688	-33.204720
613.696289	-33.188965
624.462891	-33.326393
635.229492	-33.171730
645.996094	-33.028324
656.762695	-32.861797
667.529297	-33.467560
678.295898	-33.724068
689.062500	-33.668182
699.829102	-33.259335
710.595703	-32.851490
721.362305	-32.802998
732.128906	-32.806892
742.895508	-33.012970
753.662109	-33.363174
764.428711	-33.483356
775.195312	-33.087608
785.961914	-32.625538
796.728516	-32.711098
807.495117	-33.328400
818.261719	-33.362453
829.028320	-33.240406
839.794922	-32.965309
850.561523	-33.215408
861.328125	-32.967140
872.094727	-32.594658
882.861328	-32.804443
893.627930	-33.060070
904.394531	-33.272102
915.161133	-33.274677
925.927734	-33.123940
936.694336	-32.812534
947.460938	-32.556519
958.227539	-32.674870
968.994141	-32.787453
979.760742	-33.007339
990.527344	-32.733547
1001.293945	-32.909679
1012.060547	-33.106724
1022.827148	-33.225937
1033.593750	-33.297260
1044.360352	-33.167480
1055.126953	-33.070675
1065.893555	-32.719563
1076.660156	-32.551010
1087.426758	-32.752583
1098.193359	-33.041462
1108.959961	-33.329739
1119.726562	-33.302021
1130.493164	-32.951462
1141.259766	-32.901299
1152.026367	-33.088570
1162.792969	-32.977119
1173.559570	-32.959236
1184.326172	-33.008347
1195.092773	-33.460346
1205.859375	-33.362782
1216.625977	-33.141075
1227.392578	-32.974094
1238.159180	-32.984299
1248.925781	-32.926708
1259.692383	-32.824718
1270.458984	-32.949928
1281.225586	-33.103226
1291.992188	-33.193810
1302.758789	-33.309681
1313.525391	-33.000816
1324.291992	-32.540966
1335.058594	-33.116978
1345.825195	-33.561779
1356.591797	-33.351696
1367.358398	-32.989925
1378.125000	-32.613449
1388.891602	-33.372231
1399.658203	-33.318954
1410.424805	-32.738190
1421.191406	-32.363361
1431.958008	-32.508911
1442.724609	-32.880577
1453.491211	-33.055431
1464.257812	-32.769295
1475.024414	-33.009144
1485.791016	-33.348339
1496.557617	-33.060463
1507.324219	-32.854362
1518.090820	-32.519875
1528.857422	-32.314606
1539.624023	-32.460548
1550.390625	-33.429405
1561.157227	-33.197723
1571.923828	-33.255894
1582.690430	-33.467541
1593.457031	-33.595570
1604.223633	-33.241196
1614.990234	-32.665432
1625.756836	-33.001778
1636.523438	-33.230770
1647.290039	-33.260002
1658.056641	-32.948902
1668.823242	-33.195080
1679.589844	-33.074436
1690.356445	-33.230564
1701.123047	-32.908955
1711.889648	-33.100853
1722.656250	-33.017563
1733.422852	-32.789852
1744.189453	-32.952026
1754.956055	-32.870876
1765.722656	-32.937805
1776.489258	-33.561779
1787.255859	-33.447292
1798.022461	-32.766762
1808.789062	-32.645390
1819.555664	-33.123890
1830.322266	-32.888416
1841.088867	-33.204086
1851.855469	-32.808304
1862.622070	-32.662510
1873.388672	-33.242355
1884.155273	-33.068165
1894.921875	-33.011257
1905.688477	-33.535618
1916.455078	-33.620224
1927.221680	-33.185883
1937.988281	-32.787392
1948.754883	-32.682117
1959.521484	-33.358643
1970.288086	-33.389992
1981.054688	-33.487152
1991.821289	-33.719379
2002.587891	-33.793793
2013.354492	-33.519024
2024.121094	-33.615963
2034.887695	-33.671741
2045.654297	-33.592300
2056.420898	-32.956875
2067.187500	-32.851498
2077.954102	-33.295547
2088.720703	-33.172886
2099.487305	-32.869659
2110.253906	-32.927475
2121.020508	-33.819393
2131.787109	-33.358467
2142.553711	-33.089359
2153.320312	-33.133442
2164.086914	-32.763866
2174.853516	-32.869858
2185.620117	-32.910793
2196.386719	-32.933620
2207.153320	-32.837234
2217.919922	-33.296848
2228.686523	-33.718929
2239.453125	-33.682121
2250.219727	-33.199993
2260.986328	-33.437641
2271.752930	-33.177769
2282.519531	-33.136795
2293.286133	-33.344196
2304.052734	-33.474518
2314.819336	-33.266144
2325.585938	-32.662895
2336.352539	-32.754295
2347.119141	-33.066227
2357.885742	-33.129879
2368.652344	-32.677734
2379.418945	-33.045647
2390.185547	-32.960224
2400.952148	-33.195103
2411.718750	-33.185787
2422.485352	-33.231873
2433.251953	-33.383801
2444.018555	-33.439548
2454.785156	-33.639763
2465.551758	-33.044521
2476.318359	-32.530266
2487.084961	-33.193573
2497.851562	-33.278526
2508.618164	-33.296478
2519.384766	-32.891361
2530.151367	-32.461975
2540.917969	-32.854004
2551.684570	-32.843605
2562.451172	-33.000359
2573.217773	-32.848969
2583.984375	-32.853539
2594.750977	-33.320789
2605.517578	-33.483955
2616.284180	-33.313210
2627.050781	-32.997990
2637.817383	-32.684998
2648.583984	-32.816700
2659.350586	-32.701431
2670.117188	-33.139149
2680.883789	-32.746067
2691.650391	-33.064167
2702.416992	-33.366001
2713.183594	-32.873932
2723.950195	-32.747162
2734.716797	-32.991508
2745.483398	-33.219723
2756.250000	-33.008835
2767.016602	-32.930084
2777.783203	-32.752892
2788.549805	-32.643280
2799.316406	-32.925056
2810.083008	-33.547161
2820.849609	-33.554012
2831.616211	-33.378433
2842.382812	-32.912430
2853.149414	-33.236588
2863.916016	-33.064651
2874.682617	-32.861805
2885.449219	-32.976131
2896.215820	-33.124474
2906.982422	-32.958492
2917.749023	-33.297878
2928.515625	-33.554543
2939.282227	-32.913868
2950.048828	-32.470066
2960.815430	-32.998367
2971.582031	-33.217197
2982.348633	-33.262470
2993.115234	-33.060455
3003.881836	-33.210575
3014.648438	-33.535091
3025.415039	-33.421940
3036.181641	-33.498684
3046.948242	-33.667603
3057.714844	-33.692001
3068.481445	-33.401268
3079.248047	-33.122658
3090.014648	-32.956139
3100.781250	-33.208183
3111.547852	-33.685661
3122.314453	-33.876057
3133.081055	-33.771420
3143.847656	-33.542461
3154.614258	-33.250114
3165.380859	-33.466003
3176.147461	-33.277466
3186.914062	-33.126068
3197.680664	-32.695240
3208.447266	-32.806293
3219.213867	-33.066879
3229.980469	-32.854919
3240.747070	-32.520817
3251.513672	-32.742748
3262.280273	-33.221672
3273.046875	-32.946434
3283.813477	-32.722061
3294.580078	-33.057438
3305.346680	-33.377426
3316.113281	-33.483585
3326.879883	-33.478188
3337.646484	-33.732346
3348.413086	-33.838661
3359.179688	-33.631329
3369.946289	-33.325729
3380.712891	-33.070148
3391.479492	-33.183781
3402.246094	-33.075294
3413.012695	-33.277584
3423.779297	-33.421383
3434.545898	-33.158634
3445.312500	-32.978519
3456.079102	-33.129547
3466.845703	-33.245087
3477.612305	-33.024498
3488.378906	-32.796501
3499.145508	-32.627777
3509.912109	-32.564953
3520.678711	-32.986313
3531.445312	-33.159687
3542.211914	-33.197208
3552.978516	-33.199898
3563.745117	-33.458920
3574.511719	-32.740978
3585.278320	-32.314182
3596.044922	-32.555099
3606.811523	-32.651772
3617.578125	-33.028851
3628.344727	-33.076157
3639.111328	-32.852859
3649.877930	-33.044605
3660.644531	-33.384003
3671.411133	-33.216709
3682.177734	-33.186150
3692.944336	-33.190769
3703.710938	-32.654369
3714.477539	-33.012348
3725.244141	-33.432236
3736.010742	-33.432682
3746.777344	-33.215134
3757.543945	-32.710331
3768.310547	-32.953739
3779.077148	-33.211819
3789.843750	-33.195030
3800.610352	-33.717388
3811.376953	-33.499107
3822.143555	-32.668549
3832.910156	-32.685562
3843.676758	-33.031124
3854.443359	-33.315845
3865.209961	-33.642788
3875.976562	-33.109165
3886.743164	-33.079205
3897.509766	-33.108028
3908.276367	-32.934593
3919.042969	-33.186749
3929.809570	-33.618622
3940.576172	-33.646461
3951.342773	-33.650055
3962.109375	-33.174549
3972.875977	-33.495811
3983.642578	-33.290234
3994.409180	-33.271389
4005.175781	-33.478329
4015.942383	-33.310776
4026.708984	-33.434711
4037.475586	-32.745865
4048.242188	-32.448967
4059.008789	-33.229134
4069.775391	-33.126038
4080.541992	-33.031715
4091.308594	-32.955112
4102.075195	-33.113403
4112.841797	-32.966103
4123.608398	-32.897423
4134.375000	-33.032642
4145.141602	-32.646072
4155.908203	-32.877167
4166.674805	-33.607899
4177.441406	-33.330242
4188.208008	-33.010258
4198.974609	-32.840046
4209.741211	-32.835224
4220.507812	-33.217827
4231.274414	-33.764851
4242.041016	-33.260414
4252.807617	-32.906563
4263.574219	-33.316658
4274.340820	-33.184044
4285.107422	-32.874763
4295.874023	-33.135532
4306.640625	-33.313679
4317.407227	-33.320789
4328.173828	-33.546673
4338.940430	-33.431335
4349.707031	-33.055317
4360.473633	-33.110874
4371.240234	-33.178410
4382.006836	-33.220825
4392.773438	-33.184784
4403.540039	-33.410049
4414.306641	-33.327194
4425.073242	-33.375946
4435.839844	-33.709549
4446.606445	-33.488548
4457.373047	-33.317745
4468.139648	-33.294094
4478.906250	-33.151154
4489.672852	-32.921913
4500.439453	-32.803417
4511.206055	-32.915379
4521.972656	-33.121758
4532.739258	-33.011845
4543.505859	-32.812546
4554.272461	-32.450142
4565.039062	-32.824322
4575.805664	-33.224331
4586.572266	-33.115555
4597.338867	-33.283054
4608.105469	-33.170223
4618.872070	-32.939617
4629.638672	-33.138489
4640.405273	-33.039307
4651.171875	-32.797508
4661.938477	-33.233536
4672.705078	-33.545811
4683.471680	-33.654152
4694.238281	-33.716007
4705.004883	-33.613007
4715.771484	-33.343266
4726.538086	-32.680458
4737.304688	-32.531719
4748.071289	-32.707771
4758.837891	-33.200100
4769.604492	-33.241295
4780.371094	-33.149940
4791.137695	-32.671329
4801.904297	-33.022957
4812.670898	-32.908134
4823.437500	-33.553379
4834.204102	-33.460968
4844.970703	-33.221508
4855.737305	-32.835354
4866.503906	-32.914997
4877.270508	-32.810410
4888.037109	-32.998344
4898.803711	-33.239391
4909.570312	-33.203762
4920.336914	-33.063248
4931.103516	-33.021961
4941.870117	-32.838055
4952.636719	-32.871250
4963.403320	-32.805813
4974.169922	-32.963436
4984.936523	-33.447502
4995.703125	-33.587265
5006.469727	-33.613003
5017.236328	-33.322659
5028.002930	-32.908028
5038.769531	-32.842793
5049.536133	-33.363434
5060.302734	-33.673405
5071.069336	-32.975742
5081.835938	-33.285610
5092.602539	-33.529354
5103.369141	-33.192879
5114.135742	-32.839745
5124.902344	-32.863777
5135.668945	-33.403522
5146.435547	-33.530590
5157.202148	-33.294037
5167.968750	-33.023045
5178.735352	-33.075180
5189.501953	-32.999008
5200.268555	-33.109749
5211.035156	-33.214531
5221.801758	-33.018490
5232.568359	-32.759758
5243.334961	-32.977581
5254.101562	-32.960587
5264.868164	-33.454266
5275.634766	-33.325356
5286.401367	-33.324509
5297.167969	-33.044430
5307.934570	-32.779793
5318.701172	-33.380524
5329.467773	-33.179440
5340.234375	-33.198017
5351.000977	-33.072220
5361.767578	-32.749763
5372.534180	-32.890461
5383.300781	-33.125881
5394.067383	-33.592453
5404.833984	-33.240814
5415.600586	-33.151470
5426.367188	-33.472618
5437.133789	-33.171059
5447.900391	-33.118069
5458.666992	-33.105145
5469.433594	-33.428398
5480.200195	-33.189487
5490.966797	-33.455341
5501.733398	-33.168259
5512.500000	-33.235889
5523.266602	-33.015694
5534.033203	-33.076962
5544.799805	-33.021793
5555.566406	-32.992264
5566.333008	-32.890701
5577.099609	-33.225090
5587.866211	-33.568966
5598.632812	-33.097305
5609.399414	-33.342430
5620.166016	-33.320229
5630.932617	-33.008087
5641.699219	-32.464420
5652.465820	-32.821583
5663.232422	-33.414314
5673.999023	-33.461773
5684.765625	-33.712772
5695.532227	-33.348774
5706.298828	-33.161972
5717.065430	-32.867992
5727.832031	-33.548672
5738.598633	-33.058907
5749.365234	-32.513229
5760.131836	-32.387058
5770.898438	-33.055080
5781.665039	-33.269650
5792.431641	-33.212601
5803.198242	-32.990776
5813.964844	-32.947670
5824.731445	-32.987446
5835.498047	-32.729179
5846.264648	-32.854443
5857.031250	-33.148209
5867.797852	-33.451622
5878.564453	-33.105934
5889.331055	-32.796291
5900.097656	-32.964409
5910.864258	-33.401546
5921.630859	-33.214260
5932.397461	-33.135937
5943.164062	-32.454617
5953.930664	-32.174438
5964.697266	-32.673912
5975.463867	-33.174385
5986.230469	-32.848351
5996.997070	-32.371799
6007.763672	-32.959904
6018.530273	-33.161098
6029.296875	-33.449715
6040.063477	-33.732250
6050.830078	-33.311295
6061.596680	-33.034252
6072.363281	-33.644379
6083.129883	-33.473427
6093.896484	-33.366852
6104.663086	-33.044403
6115.429688	-32.764317
6126.196289	-32.916504
6136.962891	-33.166649
6147.729492	-33.448765
6158.496094	-33.141434
6169.262695	-32.803352
6180.029297	-32.920452
6190.795898	-33.073425
6201.562500	-33.017452
6212.329102	-32.863968
6223.095703	-33.010406
6233.862305	-32.683113
6244.628906	-32.817722
6255.395508	-33.286285
6266.162109	-33.715519
6276.928711	-33.220444
6287.695312	-33.469734
6298.461914	-33.310616
6309.228516	-33.320454
6319.995117	-33.298828
6330.761719	-32.913986
6341.528320	-32.741276
6352.294922	-32.661518
6363.061523	-32.451035
6373.828125	-32.628742
6384.594727	-33.196178
6395.361328	-33.176201
6406.127930	-32.980503
6416.894531	-33.170223
6427.661133	-33.646564
6438.427734	-33.171124
6449.194336	-32.728176
6459.960938	-32.940525
6470.727539	-32.737743
6481.494141	-32.557983
6492.260742	-32.712772
6503.027344	-33.064774
6513.793945	-33.562168
6524.560547	-33.802643
6535.327148	-33.356537
6546.093750	-33.354248
6556.860352	-33.177006
6567.626953	-33.133751
6578.393555	-33.037689
6589.160156	-32.994358
6599.926758	-33.039398
6610.693359	-33.282856
6621.459961	-33.157017
6632.226562	-32.986576
6642.993164	-33.122490
6653.759766	-33.038532
6664.526367	-33.201908
6675.292969	-32.657791
6686.059570	-32.782410
6696.826172	-33.063301
6707.592773	-32.940067
6718.359375	-33.008312
6729.125977	-33.306526
6739.892578	-32.951450
6750.659180	-33.206837
6761.425781	-33.367893
6772.192383	-33.103001
6782.958984	-32.893215
6793.725586	-33.128349
6804.492188	-32.956013
6815.258789	-33.255753
6826.025391	-33.300297
6836.791992	-33.622402
6847.558594	-32.989029
6858.325195	-32.972759
6869.091797	-33.271839
6879.858398	-33.724396
6890.625000	-34.051762
6901.391602	-33.695518
6912.158203	-33.268017
6922.924805	-33.153545
6933.691406	-32.966778
6944.458008	-32.681862
6955.224609	-32.543060
6965.991211	-32.807690
6976.757812	-33.052475
6987.524414	-33.087944
6998.291016	-32.815372
7009.057617	-32.668774
7019.824219	-33.319397
7030.590820	-33.052704
7041.357422	-32.949596
7052.124023	-32.691475
7062.890625	-32.635387
7073.657227	-32.944847
7084.423828	-33.484734
7095.190430	-33.535725
7105.957031	-33.135532
7116.723633	-33.105595
7127.490234	-33.754135
7138.256836	-33.535255
7149.023438	-33.387920
7159.790039	-33.024605
7170.556641	-32.720375
7181.323242	-32.976830
7192.089844	-33.223343
7202.856445	-33.380428
7213.623047	-32.937695
7224.389648	-32.932411
7235.156250	-32.855186
7245.922852	-33.168976
7256.689453	-33.122730
7267.456055	-33.145222
7278.222656	-33.317162
7288.989258	-33.490345
7299.755859	-33.137352
7310.522461	-33.019627
7321.289062	-33.102036
7332.055664	-33.637146
7342.822266	-33.148281
7353.588867	-32.961140
7364.355469	-33.137894
7375.122070	-33.186295
7385.888672	-33.249416
7396.655273	-33.033215
7407.421875	-32.648647
7418.188477	-32.808342
7428.955078	-33.669056
7439.721680	-33.360310
7450.488281	-33.348625
7461.254883	-33.389099
7472.021484	-33.591801
7482.788086	-33.424171
7493.554688	-32.907566
7504.321289	-32.556793
7515.087891	-32.690594
7525.854492	-33.095444
7536.621094	-33.318817
7547.387695	-33.341518
7558.154297	-33.148605
7568.920898	-33.088829
7579.687500	-33.551140
7590.454102	-33.164955
7601.220703	-32.813683
7611.987305	-32.950066
7622.753906	-32.809002
7633.520508	-33.097275
7644.287109	-33.536976
7655.053711	-33.503071
7665.820312	-33.153347
7676.586914	-32.957718
7687.353516	-32.820831
7698.120117	-32.986538
7708.886719	-32.925804
7719.653320	-33.245243
7730.419922	-33.387341
7741.186523	-33.282467
7751.953125	-33.501396
7762.719727	-33.237427
7773.486328	-33.325565
7784.252930	-33.761932
7795.019531	-33.228699
7805.786133	-33.012611
7816.552734	-33.471752
7827.319336	-33.255920
7838.085938	-33.234138
7848.852539	-32.929035
7859.619141	-33.062508
7870.385742	-33.723904
7881.152344	-33.871349
7891.918945	-33.277008
7902.685547	-33.358459
7913.452148	-33.201481
7924.218750	-32.945705
7934.985352	-33.010834
7945.751953	-33.691055
7956.518555	-33.564144
7967.285156	-33.333721
7978.051758	-32.824913
7988.818359	-32.515255
7999.584961	-32.983444
8010.351562	-33.496536
8021.118164	-33.166870
8031.884766	-32.984009
8042.651367	-33.493198
8053.417969	-33.601841
8064.184570	-33.332130
8074.951172	-33.029846
8085.717773	-32.651779
8096.484375	-32.849701
8107.250977	-32.500778
8118.017578	-33.250462
8128.784180	-33.418530
8139.550781	-32.906570
8150.317383	-33.229893
8161.083984	-33.006420
8171.850586	-32.876846
8182.617188	-33.176571
8193.383789	-32.662220
8204.150391	-32.993908
8214.916992	-33.319393
8225.683594	-32.828941
8236.450195	-32.814774
8247.216797	-32.804195
8257.983398	-32.685844
8268.750000	-32.553455
8279.516602	-32.817654
8290.283203	-32.984974
8301.049805	-33.381573
8311.816406	-33.376884
8322.583008	-33.246407
8333.349609	-32.882378
8344.116211	-33.117416
8354.882812	-32.975716
8365.649414	-33.039982
8376.416016	-33.173248
8387.182617	-33.611622
8397.949219	-33.073006
8408.715820	-32.499332
8419.482422	-32.525185
8430.249023	-33.131794
8441.015625	-33.376915
8451.782227	-33.212528
8462.548828	-32.854122
8473.315430	-33.007145
8484.082031	-33.403851
8494.848633	-33.277725
8505.615234	-33.229729
8516.381836	-33.348942
8527.148438	-33.100624
8537.915039	-33.142361
8548.681641	-33.088623
8559.448242	-33.117741
8570.214844	-32.991932
8580.981445	-33.052940
8591.748047	-33.187519
8602.514648	-33.373150
8613.281250	-33.071510
8624.047852	-33.085045
8634.814453	-33.158291
8645.581055	-33.176029
8656.347656	-33.130119
8667.114258	-32.816875
8677.880859	-32.915257
8688.647461	-33.036518
8699.414062	-33.125713
8710.180664	-32.912693
8720.947266	-32.914093
8731.713867	-32.971207
8742.480469	-33.089523
8753.247070	-33.024666
8764.013672	-33.058731
8774.780273	-33.647694
8785.546875	-33.582977
8796.313477	-33.161797
8807.080078	-33.089695
8817.846680	-33.204975
8828.613281	-33.245750
8839.379883	-33.106720
8850.146484	-32.849518
8860.913086	-33.003170
8871.679688	-33.050583
8882.446289	-32.759441
8893.212891	-33.110100
8903.979492	-33.304131
8914.746094	-32.855625
8925.512695	-32.871361
8936.279297	-32.998287
8947.045898	-32.677761
8957.812500	-32.967365
8968.579102	-33.282574
8979.345703	-33.246929
8990.112305	-33.129192
9000.878906	-33.196602
9011.645508	-33.309055
9022.412109	-33.108681
9033.178711	-33.338566
9043.945312	-32.915863
9054.711914	-33.179188
9065.478516	-33.723766
9076.245117	-33.690048
9087.011719	-33.761307
9097.778320	-33.001984
9108.544922	-32.970371
9119.311523	-33.202454
9130.078125	-33.459457
9140.844727	-33.052444
9151.611328	-32.722454
9162.377930	-32.863731
9173.144531	-33.061180
9183.911133	-33.267509
9194.677734	-32.855564
9205.444336	-32.690212
9216.210938	-33.204426
9226.977539	-33.157082
9237.744141	-32.814049
9248.510742	-33.245644
9259.277344	-33.201626
9270.043945	-32.698845
9280.810547	-32.912899
9291.577148	-32.914932
9302.343750	-32.733704
9313.110352	-33.159584
9323.876953	-33.321053
9334.643555	-33.502247
9345.410156	-32.706226
9356.176758	-32.699108
9366.943359	-32.860119
9377.709961	-33.077335
9388.476562	-33.270699
9399.243164	-33.313377
9410.009766	-32.796024
9420.776367	-33.161877
9431.542969	-33.032478
9442.309570	-32.909847
9453.076172	-33.093266
9463.842773	-33.461018
9474.609375	-33.071568
9485.375977	-33.277145
9496.142578	-32.943233
9506.909180	-32.774109
9517.675781	-33.118568
9528.442383	-33.216557
9539.208984	-33.383324
9549.975586	-33.006435
9560.742188	-32.870235
9571.508789	-32.731205
9582.275391	-33.077450
9593.041992	-32.751282
9603.808594	-32.870144
9614.575195	-32.909370
9625.341797	-33.077824
9636.108398	-33.297890
9646.875000	-33.630791
9657.641602	-33.352879
9668.408203	-33.175480
9679.174805	-33.013142
9689.941406	-32.757442
9700.708008	-32.801155
9711.474609	-33.474453
9722.241211	-33.152451
9733.007812	-32.980320
9743.774414	-33.267063
9754.541016	-32.768810
9765.307617	-33.033916
9776.074219	-33.314991
9786.840820	-33.095036
9797.607422	-32.974747
9808.374023	-33.199696
9819.140625	-33.581814
9829.907227	-33.041218
9840.673828	-33.100574
9851.440430	-33.196842
9862.207031	-33.362385
9872.973633	-33.334827
9883.740234	-32.912083
9894.506836	-32.980221
9905.273438	-32.980545
9916.040039	-32.871044
9926.806641	-33.164612
9937.573242	-32.877579
9948.339844	-33.145298
9959.106445	-32.945572
9969.873047	-32.802063
9980.639648	-32.658619
9991.406250	-32.927582
10002.172852	-33.398506
10012.939453	-33.202847
10023.706055	-33.149513
10034.472656	-33.197529
10045.239258	-33.265312
10056.005859	-33.095486
10066.772461	-32.825611
10077.539062	-32.422840
10088.305664	-33.107868
10099.072266	-33.468899
10109.838867	-33.566277
10120.605469	-33.508472
10131.372070	-33.212929
10142.138672	-32.905857
10152.905273	-32.641792
10163.671875	-33.044025
10174.438477	-33.320759
10185.205078	-33.137302
10195.971680	-32.652863
10206.738281	-32.767216
10217.504883	-33.109905
10228.271484	-33.186184
10239.038086	-32.703999
10249.804688	-33.083366
10260.571289	-33.405579
10271.337891	-33.823631
10282.104492	-33.474167
10292.871094	-32.935658
10303.637695	-33.357128
10314.404297	-33.476761
10325.170898	-33.615746
10335.937500	-33.448677
10346.704102	-32.941628
10357.470703	-32.939240
10368.237305	-32.568874
10379.003906	-32.683331
10389.770508	-33.018158
10400.537109	-33.598396
10411.303711	-33.631290
10422.070312	-33.267044
10432.836914	-33.040344
10443.603516	-32.604771
10454.370117	-32.557663
10465.136719	-32.539482
10475.903320	-32.682556
10486.669922	-32.944298
10497.436523	-33.489075
10508.203125	-33.701141
10518.969727	-33.037731
10529.736328	-32.634510
10540.502930	-32.678917
10551.269531	-32.762173
10562.036133	-33.054958
10572.802734	-32.980995
10583.569336	-32.683586
10594.335938	-32.998890
10605.102539	-33.272556
10615.869141	-33.246716
10626.635742	-33.412365
10637.402344	-33.240192
10648.168945	-33.464638
10658.935547	-33.529949
10669.702148	-32.970772
10680.468750	-32.603783
10691.235352	-33.108105
10702.001953	-32.967106
10712.768555	-33.130207
10723.535156	-33.511734
10734.301758	-33.275196
10745.068359	-33.289619
10755.834961	-33.209171
10766.601562	-33.127304
10777.368164	-32.877750
10788.134766	-32.438015
10798.901367	-32.697784
10809.667969	-32.769516
10820.434570	-33.123405
10831.201172	-33.433506
10841.967773	-33.477718
10852.734375	-34.067989
10863.500977	-33.371292
10874.267578	-32.936413
10885.034180	-32.867958
10895.800781	-32.973381
10906.567383	-32.973473
10917.333984	-32.934589
10928.100586	-33.424244
10938.867188	-33.207748
10949.633789	-33.389526
10960.400391	-33.292000
10971.166992	-33.035168
10981.933594	-33.617451
10992.700195	-33.512928
11003.466797	-32.860413
11014.233398	-32.720280
11025.000000	-33.132145
11035.766602	-32.912827
11046.533203	-32.615971
11057.299805	-33.035328
11068.066406	-32.965015
11078.833008	-32.584942
11089.599609	-32.805759
11100.366211	-33.325806
11111.132812	-32.901100
11121.899414	-32.597092
11132.666016	-33.089474
11143.432617	-33.328064
11154.199219	-33.305527
11164.965820	-33.287277
11175.732422	-32.853638
11186.499023	-32.742661
11197.265625	-32.849361
11208.032227	-33.433353
11218.798828	-33.629303
11229.565430	-33.316853
11240.332031	-33.421734
11251.098633	-33.369240
11261.865234	-33.292152
11272.631836	-33.117588
11283.398438	-33.007092
11294.165039	-32.987053
11304.931641	-33.009670
11315.698242	-33.231739
11326.464844	-33.479683
11337.231445	-33.230709
11347.998047	-32.862278
11358.764648	-33.182480
11369.531250	-33.202385
11380.297852	-33.068745
11391.064453	-33.148258
11401.831055	-32.968712
11412.597656	-33.141071
11423.364258	-33.095451
11434.130859	-33.271374
11444.897461	-33.141438
11455.664062	-33.192585
11466.430664	-33.031925
11477.197266	-32.839771
11487.963867	-32.859917
11498.730469	-33.036903
11509.497070	-33.194546
11520.263672	-33.468372
11531.030273	-33.716724
11541.796875	-33.638565
11552.563477	-33.382828
11563.330078	-33.534805
11574.096680	-33.277561
11584.863281	-33.065422
11595.629883	-33.088600
11606.396484	-33.297554
11617.163086	-33.064747
11627.929688	-32.756676
11638.696289	-33.372295
11649.462891	-33.875275
11660.229492	-33.467701
11670.996094	-33.215042
11681.762695	-33.286766
11692.529297	-33.220104
11703.295898	-33.478245
11714.062500	-33.374287
11724.829102	-32.977360
11735.595703	-33.019917
11746.362305	-33.428268
11757.128906	-33.009834
11767.895508	-33.109222
11778.662109	-33.058784
11789.428711	-33.164188
11800.195312	-33.065060
11810.961914	-33.217075
11821.728516	-33.588596
11832.495117	-33.187222
11843.261719	-32.629826
11854.028320	-32.881557
11864.794922	-32.741402
11875.561523	-33.260536
11886.328125	-33.499973
11897.094727	-33.114708
11907.861328	-32.917866
11918.627930	-32.735931
11929.394531	-33.079334
11940.161133	-33.441467
11950.927734	-33.520439
11961.694336	-33.401768
11972.460938	-32.901047
11983.227539	-33.225780
11993.994141	-33.598698
12004.760742	-33.621151
12015.527344	-33.042099
12026.293945	-32.952927
12037.060547	-33.127991
12047.827148	-32.904594
12058.593750	-32.718250
12069.360352	-32.866241
12080.126953	-33.010986
12090.893555	-33.115730
12101.660156	-33.531536
12112.426758	-33.132797
12123.193359	-32.945118
12133.959961	-33.033047
12144.726562	-32.904488
12155.493164	-33.264732
12166.259766	-33.457340
12177.026367	-33.492016
12187.792969	-33.667118
12198.559570	-33.481937
12209.326172	-33.146599
12220.092773	-33.088188
12230.859375	-32.949657
12241.625977	-33.052105
12252.392578	-33.222984
12263.159180	-33.564766
12273.925781	-33.821632
12284.692383	-33.646870
12295.458984	-33.014019
12306.225586	-32.973198
12316.992188	-33.418159
12327.758789	-33.014671
12338.525391	-32.616184
12349.291992	-32.965080
12360.058594	-33.210609
12370.825195	-33.197750
12381.591797	-33.127071
12392.358398	-32.986462
12403.125000	-33.429554
12413.891602	-33.631451
12424.658203	-33.300034
12435.424805	-32.603523
12446.191406	-32.701771
12456.958008	-33.337952
12467.724609	-33.355141
12478.491211	-33.528690
12489.257812	-33.518631
12500.024414	-33.097980
12510.791016	-33.656906
12521.557617	-33.358040
12532.324219	-33.288883
12543.090820	-33.114574
12553.857422	-33.120346
12564.624023	-33.249821
12575.390625	-32.986820
12586.157227	-32.911678
12596.923828	-33.019707
12607.690430	-32.990585
12618.457031	-33.109955
12629.223633	-33.656090
12639.990234	-33.267342
12650.756836	-33.087799
12661.523438	-33.038448
12672.290039	-32.662479
12683.056641	-33.268078
12693.823242	-32.838390
12704.589844	-32.350494
12715.356445	-33.179344
12726.123047	-33.551376
12736.889648	-33.221020
12747.656250	-33.151062
12758.422852	-33.353069
12769.189453	-33.355152
12779.956055	-33.490395
12790.722656	-33.383610
12801.489258	-33.058163
12812.255859	-32.745628
12823.022461	-32.707451
12833.789062	-32.825089
12844.555664	-33.263939
12855.322266	-33.187840
12866.088867	-33.028858
12876.855469	-33.081360
12887.622070	-33.410442
12898.388672	-33.086330
12909.155273	-32.891731
12919.921875	-33.488071
12930.688477	-33.416298
12941.455078	-33.913208
12952.221680	-33.850704
12962.988281	-33.033581
12973.754883	-32.678379
12984.521484	-33.113976
12995.288086	-33.183910
13006.054688	-32.964310
13016.821289	-32.839512
13027.587891	-32.718746
13038.354492	-33.257393
13049.121094	-33.276142
13059.887695	-33.061798
13070.654297	-33.389839
13081.420898	-33.440430
13092.187500	-33.163998
13102.954102	-33.096584
13113.720703	-33.477345
13124.487305	-33.258743
13135.253906	-33.043804
13146.020508	-33.403725
13156.787109	-32.990593
13167.553711	-33.166912
13178.320312	-33.745163
13189.086914	-33.525475
13199.853516	-32.793438
13210.620117	-33.093418
13221.386719	-33.239086
13232.153320	-32.975651
13242.919922	-33.063019
13253.686523	-33.133450
13264.453125	-33.428337
13275.219727	-32.569260
13285.986328	-32.688816
13296.752930	-32.961346
13307.519531	-32.647949
13318.286133	-33.236263
13329.052734	-33.037296
13339.819336	-33.469986
13350.585938	-33.505459
13361.352539	-33.536793
13372.119141	-33.770416
13382.885742	-33.174046
13393.652344	-33.143242
13404.418945	-32.866787
13415.185547	-32.816090
13425.952148	-32.787613
13436.718750	-33.046349
13447.485352	-33.074905
13458.251953	-32.708988
13469.018555	-33.302898
13479.785156	-33.615635
13490.551758	-33.488178
13501.318359	-33.113415
13512.084961	-32.956123
13522.851562	-32.801586
13533.618164	-32.953533
13544.384766	-33.530155
13555.151367	-33.514698
13565.917969	-33.474609
13576.684570	-32.626621
13587.451172	-32.659595
13598.217773	-32.797455
13608.984375	-32.880985
13619.750977	-33.130852
13630.517578	-33.369667
13641.284180	-33.458290
13652.050781	-32.934551
13662.817383	-32.871468
13673.583984	-33.074478
13684.350586	-32.999130
13695.117188	-32.894905
13705.883789	-32.767242
13716.650391	-33.249870
13727.416992	-33.178970
13738.183594	-32.953136
13748.950195	-32.821827
13759.716797	-33.057167
13770.483398	-33.180492
13781.250000	-33.419849
13792.016602	-33.219337
13802.783203	-33.392429
13813.549805	-32.773163
13824.316406	-32.829582
13835.083008	-32.591755
13845.849609	-32.238461
13856.616211	-32.917057
13867.382812	-33.071468
13878.149414	-32.946980
13888.916016	-33.343174
13899.682617	-33.190506
13910.449219	-32.577824
13921.215820	-33.026745
13931.982422	-33.195950
13942.749023	-32.879875
13953.515625	-33.270916
13964.282227	-32.618328
13975.048828	-32.923756
13985.815430	-32.899353
13996.582031	-32.507729
14007.348633	-32.625683
14018.115234	-33.228123
14028.881836	-33.463840
14039.648438	-33.602928
14050.415039	-33.165192
14061.181641	-32.575798
14071.948242	-32.874458
14082.714844	-33.693169
14093.481445	-33.175453
14104.248047	-33.109447
14115.014648	-33.210529
14125.781250	-32.979313
14136.547852	-33.525024
14147.314453	-33.810753
14158.081055	-33.626995
14168.847656	-33.345383
14179.614258	-32.960972
14190.380859	-33.302879
14201.147461	-32.930645
14211.914062	-32.502773
14222.680664	-32.668995
14233.447266	-33.512691
14244.213867	-33.778374
14254.980469	-33.980412
14265.747070	-33.727554
14276.513672	-33.711044
14287.280273	-33.409142
14298.046875	-33.100346
14308.813477	-33.257698
14319.580078	-33.659607
14330.346680	-33.445904
14341.113281	-33.567616
14351.879883	-33.066074
14362.646484	-33.109016
14373.413086	-33.120731
14384.179688	-32.998405
14394.946289	-33.380371
14405.712891	-33.171993
14416.479492	-32.973961
14427.246094	-32.976093
14438.012695	-33.308044
14448.779297	-32.696922
14459.545898	-32.503479
14470.312500	-33.266418
14481.079102	-33.199993
14491.845703	-32.928989
14502.612305	-32.794575
14513.378906	-32.968014
14524.145508	-32.867435
14534.912109	-33.041683
14545.678711	-32.942966
14556.445312	-33.105705
14567.211914	-33.046444
14577.978516	-32.967777
14588.745117	-32.974304
14599.511719	-33.130707
14610.278320	-33.091469
14621.044922	-33.229862
14631.811523	-33.197502
14642.578125	-33.825947
14653.344727	-33.683586
14664.111328	-33.002975
14674.877930	-33.209408
14685.644531	-32.954330
14696.411133	-32.770176
14707.177734	-32.694202
14717.944336	-32.451199
14728.710938	-32.834900
14739.477539	-33.242756
14750.244141	-33.354191
14761.010742	-33.287247
14771.777344	-33.554260
14782.543945	-33.406517
14793.310547	-33.232372
14804.077148	-32.989445
14814.843750	-32.824600
14825.610352	-32.937958
14836.376953	-32.706116
14847.143555	-32.755581
14857.910156	-33.161098
14868.676758	-33.713512
14879.443359	-33.477890
14890.209961	-33.172352
14900.976562	-33.065617
14911.743164	-33.168724
14922.509766	-33.139217
14933.276367	-33.070206
14944.042969	-32.912971
14954.809570	-32.866520
14965.576172	-33.021099
14976.342773	-33.040672
14987.109375	-33.224346
14997.875977	-32.591026
15008.642578	-32.643456
15019.409180	-33.184753
15030.175781	-33.642826
15040.942383	-33.285080
15051.708984	-33.492664
15062.475586	-33.357979
15073.242188	-33.087563
15084.008789	-33.255077
15094.775391	-33.161053
15105.541992	-33.219513
15116.308594	-32.886806
15127.075195	-32.831264
15137.841797	-32.954128
15148.608398	-33.221989
15159.375000	-32.997234
15170.141602	-33.049175
15180.908203	-32.991589
15191.674805	-32.960068
15202.441406	-33.165764
15213.208008	-33.167728
15223.974609	-32.830994
15234.741211	-33.047272
15245.507812	-32.971424
15256.274414	-33.403851
15267.041016	-33.237041
15277.807617	-32.889107
15288.574219	-33.439846
15299.340820	-33.640995
15310.107422	-33.265186
15320.874023	-33.037655
15331.640625	-32.905396
15342.407227	-32.957634
15353.173828	-33.720474
15363.940430	-33.810295
15374.707031	-32.937550
15385.473633	-32.565273
15396.240234	-32.915611
15407.006836	-33.234196
15417.773438	-32.586796
15428.540039	-33.172073
15439.306641	-33.293118
15450.073242	-33.239578
15460.839844	-33.294937
15471.606445	-32.954052
15482.373047	-32.861210
15493.139648	-32.981396
15503.906250	-33.101360
15514.672852	-33.328384
15525.439453	-33.480480
15536.206055	-32.905132
15546.972656	-32.945702
15557.739258	-32.937588
15568.505859	-32.989166
15579.272461	-33.079876
15590.039062	-33.146530
15600.805664	-32.814053
15611.572266	-32.764122
15622.338867	-33.095734
15633.105469	-33.052456
15643.872070	-33.192364
15654.638672	-32.953064
15665.405273	-32.858772
15676.171875	-33.214527
15686.938477	-33.392887
15697.705078	-33.421192
15708.471680	-33.163761
15719.238281	-33.228195
15730.004883	-33.641243
15740.771484	-33.374973
15751.538086	-32.928509
15762.304688	-33.173161
15773.071289	-33.113758
15783.837891	-32.986877
15794.604492	-32.799755
15805.371094	-33.062687
15816.137695	-33.183624
15826.904297	-33.335545
15837.670898	-33.348194
15848.437500	-33.157490
15859.204102	-32.877197
15869.970703	-33.064064
15880.737305	-33.099216
15891.503906	-32.898808
15902.270508	-32.937313
15913.037109	-32.543079
15923.803711	-32.811165
15934.570312	-32.896915
15945.336914	-32.896572
15956.103516	-33.132221
15966.870117	-33.272610
15977.636719	-32.831585
15988.403320	-33.062962
15999.169922	-33.702557
16009.936523	-33.243813
16020.703125	-32.883999
16031.469727	-32.884247
16042.236328	-33.171513
16053.002930	-33.175385
16063.769531	-32.841095
16074.536133	-32.834469
16085.302734	-33.034122
16096.069336	-33.376522
16106.835938	-33.438828
16117.602539	-33.183323
16128.369141	-33.042969
16139.135742	-33.125668
16149.902344	-33.090282
16160.668945	-33.212021
16171.435547	-32.859016
16182.202148	-33.019390
16192.968750	-32.849564
16203.735352	-32.879406
16214.501953	-33.115536
16225.268555	-33.027229
16236.035156	-33.274220
16246.801758	-33.512756
16257.568359	-33.055714
16268.334961	-33.149460
16279.101562	-32.937721
16289.868164	-33.250690
16300.634766	-33.790028
16311.401367	-33.640820
16322.167969	-33.585201
16332.934570	-33.387970
16343.701172	-33.329834
16354.467773	-33.339573
16365.234375	-33.495262
16376.000977	-33.534023
16386.767578	-33.340351
16397.534180	-33.290524
16408.300781	-33.014706
16419.067383	-33.052399
16429.833984	-32.901760
16440.600586	-33.241482
16451.367188	-33.354031
16462.133789	-33.154953
16472.900391	-33.341640
16483.666992	-33.136124
16494.433594	-33.526546
16505.200195	-33.210270
16515.966797	-32.903542
16526.733398	-33.027771
16537.500000	-33.217529
16548.266602	-33.033909
16559.033203	-33.240669
16569.799805	-33.101082
16580.566406	-32.741207
16591.333008	-32.867104
16602.099609	-32.726868
16612.866211	-33.153862
16623.632812	-33.019245
16634.399414	-33.219334
16645.166016	-33.245594
16655.932617	-33.404411
16666.699219	-33.240189
16677.465820	-33.162792
16688.232422	-33.196690
16698.999023	-32.658066
16709.765625	-32.651188
16720.532227	-33.005379
16731.298828	-33.213570
16742.065430	-33.372589
16752.832031	-33.140469
16763.598633	-32.717743
16774.365234	-32.699265
16785.131836	-33.089672
16795.898438	-33.272118
16806.665039	-33.132530
16817.431641	-32.889027
16828.198242	-33.027679
16838.964844	-32.946808
16849.731445	-32.685028
16860.498047	-33.186584
16871.264648	-33.198933
16882.031250	-32.616222
16892.797852	-32.876335
16903.564453	-33.390644
16914.331055	-33.260086
16925.097656	-33.299110
16935.864258	-33.573215
16946.630859	-33.019661
16957.397461	-33.474483
16968.164062	-33.801743
16978.930664	-33.417870
16989.697266	-33.526348
17000.463867	-33.538055
17011.230469	-33.301563
17021.997070	-33.675713
17032.763672	-33.063171
17043.530273	-32.744465
17054.296875	-33.113091
17065.063477	-32.972157
17075.830078	-32.802029
17086.596680	-32.940151
17097.363281	-33.375172
17108.129883	-33.622837
17118.896484	-33.870781
17129.663086	-33.804943
17140.429688	-33.346336
17151.196289	-33.003059
17161.962891	-32.868149
17172.729492	-33.106422
17183.496094	-32.798580
17194.262695	-32.909058
17205.029297	-32.662895
17215.795898	-32.974464
17226.562500	-33.029903
17237.329102	-33.205673
17248.095703	-33.253113
17258.862305	-33.310600
17269.628906	-33.337948
17280.395508	-33.573498
17291.162109	-33.347652
17301.928711	-32.621052
17312.695312	-32.967197
17323.461914	-33.435673
17334.228516	-32.843369
17344.995117	-33.157509
17355.761719	-33.426983
17366.528320	-33.338699
17377.294922	-33.303951
17388.061523	-33.269817
17398.828125	-33.016411
17409.594727	-33.161648
17420.361328	-33.142521
17431.127930	-32.969219
17441.894531	-33.542557
17452.661133	-33.432133
17463.427734	-32.684086
17474.194336	-32.819748
17484.960938	-32.899685
17495.727539	-33.277058
17506.494141	-33.365498
17517.260742	-33.225060
17528.027344	-32.829174
17538.793945	-33.300564
17549.560547	-33.580280
17560.327148	-33.333519
17571.093750	-33.362038
17581.860352	-33.360775
17592.626953	-33.206974
17603.393555	-33.338184
17614.160156	-33.767265
17624.926758	-33.483234
17635.693359	-33.199604
17646.459961	-32.902584
17657.226562	-32.971527
17667.993164	-33.119938
17678.759766	-33.285114
17689.526367	-33.288212
17700.292969	-33.282536
17711.059570	-33.497280
17721.826172	-33.337990
17732.592773	-33.090172
17743.359375	-32.955395
17754.125977	-32.982903
17764.892578	-33.102962
17775.659180	-32.441223
17786.425781	-32.956070
17797.192383	-32.900848
17807.958984	-32.624153
17818.725586	-32.605583
17829.492188	-32.679665
17840.258789	-32.953403
17851.025391	-32.722759
17861.791992	-33.160702
17872.558594	-32.874317
17883.325195	-32.949604
17894.091797	-33.260719
17904.858398	-32.907597
17915.625000	-33.291542
17926.391602	-33.468559
17937.158203	-33.045235
17947.924805	-32.798168
17958.691406	-32.585785
17969.458008	-32.611614
17980.224609	-32.378273
17990.991211	-32.633064
18001.757812	-33.023567
18012.524414	-32.980373
18023.291016	-33.131310
18034.057617	-33.124989
18044.824219	-33.011024
18055.590820	-33.206093
18066.357422	-33.612347
18077.124023	-33.175228
18087.890625	-33.324764
18098.657227	-33.371605
18109.423828	-33.369160
18120.190430	-33.132256
18130.957031	-33.134285
18141.723633	-32.817375
18152.490234	-33.061924
18163.256836	-33.206413
18174.023438	-33.295948
18184.790039	-33.055191
18195.556641	-33.352203
18206.323242	-33.231350
18217.089844	-32.623459
18227.856445	-32.862682
18238.623047	-33.237808
18249.389648	-33.261250
18260.156250	-33.335182
18270.922852	-33.027439
18281.689453	-32.759151
18292.456055	-32.598049
18303.222656	-32.694611
18313.989258	-32.892853
18324.755859	-32.925743
18335.522461	-33.281517
18346.289062	-33.595726
18357.055664	-33.275394
18367.822266	-33.239307
18378.588867	-33.401649
18389.355469	-33.161354
18400.122070	-32.699814
18410.888672	-32.798553
18421.655273	-33.322548
18432.421875	-33.593868
18443.188477	-33.266682
18453.955078	-32.985394
18464.721680	-32.861729
18475.488281	-33.576698
18486.254883	-34.041447
18497.021484	-33.961491
18507.788086	-33.237114
18518.554688	-33.021374
18529.321289	-32.990967
18540.087891	-33.106312
18550.854492	-33.237160
18561.621094	-33.188896
18572.387695	-32.903679
18583.154297	-32.896149
18593.920898	-33.398544
18604.687500	-33.427753
18615.454102	-33.501678
18626.220703	-33.017532
18636.987305	-33.271698
18647.753906	-33.108192
18658.520508	-32.739098
18669.287109	-32.697544
18680.053711	-33.060547
18690.820312	-33.346691
18701.586914	-33.022293
18712.353516	-33.227371
18723.120117	-32.985615
18733.886719	-32.829693
18744.653320	-33.350830
18755.419922	-33.190159
18766.186523	-33.148403
18776.953125	-33.638172
18787.719727	-33.123402
18798.486328	-33.089672
18809.252930	-32.894550
18820.019531	-32.982098
18830.786133	-33.346939
18841.552734	-33.077785
18852.319336	-32.471836
18863.085938	-32.957226
18873.852539	-32.787518
18884.619141	-32.995419
18895.385742	-33.485825
18906.152344	-33.438259
18916.918945	-33.172813
18927.685547	-33.169525
18938.452148	-32.952030
18949.218750	-33.022354
18959.985352	-33.010990
18970.751953	-32.570156
18981.518555	-32.355972
18992.285156	-32.902065
19003.051758	-32.602779
19013.818359	-32.831066
19024.584961	-33.013386
19035.351562	-33.008904
19046.118164	-32.828167
19056.884766	-33.088657
19067.651367	-33.365921
19078.417969	-33.014656
19089.184570	-33.294811
19099.951172	-33.588764
19110.717773	-33.651905
19121.484375	-33.449104
19132.250977	-32.982697
19143.017578	-33.285004
19153.784180	-33.228649
19164.550781	-32.691498
19175.317383	-33.087322
19186.083984	-33.054882
19196.850586	-32.928665
19207.617188	-33.210144
19218.383789	-33.195374
19229.150391	-32.936604
19239.916992	-33.145382
19250.683594	-32.912746
19261.450195	-33.007885
19272.216797	-32.719170
19282.983398	-33.232613
19293.750000	-33.244534
19304.516602	-32.894104
19315.283203	-32.978912
19326.049805	-32.911495
19336.816406	-32.787556
19347.583008	-33.180843
19358.349609	-32.807255
19369.116211	-32.527988
19379.882812	-32.796543
19390.649414	-32.982796
19401.416016	-32.764648
19412.182617	-32.875931
19422.949219	-32.894318
19433.715820	-33.388180
19444.482422	-33.040958
19455.249023	-33.141319
19466.015625	-33.021519
19476.782227	-33.286480
19487.548828	-32.935390
19498.315430	-32.884705
19509.082031	-33.188370
19519.848633	-33.679878
19530.615234	-33.719173
19541.381836	-33.544647
19552.148438	-33.634254
19562.915039	-33.439278
19573.681641	-32.921284
19584.448242	-33.204750
19595.214844	-33.419048
19605.981445	-33.020554
19616.748047	-32.696842
19627.514648	-32.992199
19638.281250	-32.937649
19649.047852	-33.172768
19659.814453	-32.997955
19670.581055	-33.036251
19681.347656	-33.022308
19692.114258	-33.132030
19702.880859	-33.091190
19713.647461	-33.093372
19724.414062	-33.243969
19735.180664	-33.060978
19745.947266	-32.990833
19756.713867	-32.922428
19767.480469	-33.354706
19778.247070	-32.938980
19789.013672	-33.368038
19799.780273	-33.222477
19810.546875	-32.886124
19821.313477	-32.635784
19832.080078	-33.027611
19842.846680	-33.088161
19853.613281	-33.152142
19864.379883	-33.370251
19875.146484	-33.348534
19885.913086	-33.694954
19896.679688	-33.503471
19907.446289	-32.999485
19918.212891	-32.776077
19928.979492	-32.876839
19939.746094	-32.413258
19950.512695	-32.557247
19961.279297	-33.089287
19972.045898	-33.307240
19982.812500	-32.873089
19993.579102	-32.795448
20004.345703	-32.974289
20015.112305	-33.214565
20025.878906	-32.844082
20036.645508	-33.061512
20047.412109	-33.206394
20058.178711	-33.196640
20068.945312	-33.128559
20079.711914	-33.165852
20090.478516	-33.105141
20101.245117	-33.219826
20112.011719	-33.138699
20122.778320	-33.147797
20133.544922	-33.387089
20144.311523	-33.468182
20155.078125	-33.130798
20165.844727	-32.807072
20176.611328	-32.920280
20187.377930	-33.166370
20198.144531	-32.860748
20208.911133	-33.321918
20219.677734	-33.228767
20230.444336	-32.963257
20241.210938	-33.156425
20251.977539	-32.840607
20262.744141	-33.384953
20273.510742	-33.591473
20284.277344	-33.487885
20295.043945	-33.177818
20305.810547	-32.895390
20316.577148	-33.031235
20327.343750	-33.252441
20338.110352	-32.918350
20348.876953	-33.001087
20359.643555	-33.072853
20370.410156	-32.971092
20381.176758	-32.933842
20391.943359	-33.340687
20402.709961	-33.299709
20413.476562	-33.254913
20424.243164	-33.059322
20435.009766	-33.014332
20445.776367	-33.354568
20456.542969	-33.080685
20467.309570	-33.214714
20478.076172	-33.203190
20488.842773	-33.329353
20499.609375	-33.067398
20510.375977	-32.971062
20521.142578	-32.909191
20531.909180	-33.272888
20542.675781	-33.342205
20553.442383	-33.334934
20564.208984	-33.216949
20574.975586	-33.598316
20585.742188	-33.429466
20596.508789	-32.843418
20607.275391	-32.761391
20618.041992	-33.043411
20628.808594	-33.411228
20639.575195	-33.124447
20650.341797	-32.866657
20661.108398	-33.381477
20671.875000	-33.259335
20682.641602	-32.917198
20693.408203	-33.303200
20704.174805	-33.103661
20714.941406	-32.430077
20725.708008	-32.724499
20736.474609	-32.772686
20747.241211	-33.618881
20758.007812	-33.650406
20768.774414	-32.932629
20779.541016	-33.303921
20790.307617	-33.554985
20801.074219	-32.930092
20811.840820	-32.958794
20822.607422	-33.311764
20833.374023	-33.091183
20844.140625	-33.317524
20854.907227	-33.819832
20865.673828	-33.681385
20876.440430	-33.130363
20887.207031	-33.366112
20897.973633	-33.015865
20908.740234	-32.726391
20919.506836	-32.704594
20930.273438	-33.158215
20941.040039	-33.307045
20951.806641	-33.202538
20962.573242	-32.946659
20973.339844	-33.367893
20984.106445	-33.571629
20994.873047	-33.265526
21005.639648	-33.228611
21016.406250	-33.414814
21027.172852	-33.514942
21037.939453	-33.366165
21048.706055	-33.693016
21059.472656	-32.926346
21070.239258	-32.779221
21081.005859	-33.877899
21091.772461	-33.922806
21102.539062	-33.079586
21113.305664	-33.072975
21124.072266	-33.162609
21134.838867	-32.976101
21145.605469	-32.961086
21156.372070	-33.326782
21167.138672	-33.263386
21177.905273	-32.689014
21188.671875	-32.795422
21199.438477	-32.964916
21210.205078	-33.021729
21220.971680	-33.034859
21231.738281	-32.642826
21242.504883	-32.999012
21253.271484	-33.169281
21264.038086	-33.049259
21274.804688	-32.867409
21285.571289	-33.191135
21296.337891	-32.939457
21307.104492	-32.755608
21317.871094	-33.080063
21328.637695	-32.800339
21339.404297	-32.758038
21350.170898	-33.459457
21360.937500	-33.169186
21371.704102	-32.880329
21382.470703	-33.033100
21393.237305	-33.259495
21404.003906	-33.269539
21414.770508	-33.315590
21425.537109	-33.228123
21436.303711	-33.455070
21447.070312	-33.528179
21457.836914	-33.263214
21468.603516	-33.019161
21479.370117	-33.458008
21490.136719	-33.433365
21500.903320	-33.292149
21511.669922	-33.466873
21522.436523	-33.454815
21533.203125	-33.252674
21543.969727	-32.601337
21554.736328	-32.928169
21565.502930	-32.915222
21576.269531	-33.279259
21587.036133	-33.238426
21597.802734	-33.268093
21608.569336	-33.631287
21619.335938	-33.894463
21630.102539	-33.230343
21640.869141	-32.972961
21651.635742	-33.404568
21662.402344	-33.243710
21673.168945	-32.934132
21683.935547	-33.039444
21694.702148	-33.208168
21705.468750	-33.330387
21716.235352	-33.540890
21727.001953	-33.110039
21737.768555	-33.174767
21748.535156	-33.128761
21759.301758	-33.102734
21770.068359	-33.222172
21780.834961	-33.294964
21791.601562	-33.244240
21802.368164	-32.667667
21813.134766	-32.571842
21823.901367	-32.738243
21834.667969	-32.928337
21845.434570	-33.222908
21856.201172	-33.307796
21866.967773	-33.087303
21877.734375	-33.137341
21888.500977	-32.898869
21899.267578	-33.221260
21910.034180	-33.331516
21920.800781	-33.440083
21931.567383	-33.337166
21942.333984	-33.478436
21953.100586	-33.492649
21963.867188	-32.937893
21974.633789	-32.710518
21985.400391	-33.475090
21996.166992	-33.450512
22006.933594	-32.739399
22017.700195	-32.503334
22028.466797	-32.529896
22039.233398	-33.187016
